0        38.7287
1        5.50911
2         3.1559
3        1.46973
4       0.917855
5       0.294739
6       0.282369
7       0.137528
8      0.0877735
9      0.0648991
10      0.0612523
11      0.0458291
12       0.083661
13      0.0737265
14      0.0789412
15      0.0494795
16      0.0397871
17      0.0482595
18      0.0520935
19       0.054984
20      0.0588433
21      0.0352569
22      0.0279507
23      0.0293688
24       0.022408
25      0.0200101
26      0.0240775
27      0.0204463
28       0.023177
29       0.015412
30       0.026016
31      0.0167205
32      0.0184058
33       0.014511
34      0.0177292
35      0.0117929
36      0.0169471
37      0.0178216
38      0.0183958
39      0.0207075
40      0.0145627
41       0.014716
42      0.0149679
43      0.0116615
44      0.0120982
45      0.0127484
46      0.0138866
47      0.0122663
48      0.0113771
49      0.0107415
50     0.00999152
51      0.0113917
52       0.011297
53      0.0132506
54      0.0087333
55      0.0100992
56     0.00857181
57     0.00887109
58     0.00833686
59     0.00774069
60     0.00643484
61     0.00742247
62     0.00535235
63      0.0067465
64     0.00529095
65     0.00671499
66     0.00542557
67     0.00561435
68     0.00567339
69      0.0055542
70     0.00610594
71     0.00540972
72     0.00528281
73     0.00600336
74     0.00523576
75     0.00620671
76     0.00470223
77     0.00477934
78     0.00434513
79      0.0041636
80     0.00277296
81      0.0037788
82     0.00347953
83     0.00325443
84     0.00306695
85      0.0034176
86      0.0026576
87     0.00267224
88     0.00274886
89     0.00314086
90     0.00336421
91     0.00278489
92     0.00310962
93     0.00296228
94      0.0025315
95     0.00221927
96     0.00264638
97     0.00282535
98     0.00255926
99      0.0020163
100     0.00223347
101     0.00191764
102     0.00202478
103     0.00212532
104     0.00184892
105      0.0021763
106     0.00195451
107     0.00190708
108     0.00202487
109     0.00192341
110     0.00189139
111     0.00189188
112     0.00158634
113     0.00172264
114     0.00147741
115     0.00148592
116     0.00151706
117     0.00153865
118     0.00152992
119     0.00145637
120     0.00138776
121     0.00130326
122     0.00141429
123     0.00135544
124     0.00114215
125     0.00135164
126     0.00130671
127     0.00110713
128     0.00103793
129     0.00118667
130    0.000902619
131     0.00132528
132    0.000989484
133     0.00118203
134     0.00101073
135     0.00102246
136     0.00094153
137    0.000989488
138     0.00102324
139     0.00105881
140     0.00103746
141        0.00108
142    0.000940757
143     0.00108017
144    0.000924846
145    0.000894104
146    0.000974563
147    0.000805425
148    0.000896819
149    0.000823911
150    0.000826528
151    0.000873132
152    0.000874552
153    0.000784615
154    0.000732766
155    0.000826484
156    0.000698428
157    0.000752811
158    0.000778747
159    0.000826985
160    0.000805688
161    0.000791654
162     0.00085985
163    0.000752752
164    0.000904298
165    0.000781714
166    0.000712933
167    0.000834248
168    0.000769272
169    0.000731446
170    0.000773431
171    0.000781638
172    0.000823403
173    0.000742517
174    0.000738305
175    0.000665756
176    0.000736349
177    0.000635309
178    0.000800677
179    0.000734526
180    0.000746006
181    0.000699117
182    0.000687594
183    0.000664508
184    0.000707697
185    0.000705638
186    0.000707814
187    0.000744932
188    0.000693208
189    0.000620706
190    0.000720578
191     0.00056158
192    0.000598341
193    0.000706486
194    0.000634862
195    0.000553425
196    0.000706146
197    0.000600939
198    0.000532329
199    0.000650515
200    0.000582935
201    0.000692653
202    0.000639695
203    0.000668096
204    0.000592268
205    0.000689462
206    0.000692211
207    0.000705611
208    0.000517914
209    0.000673065
210    0.000553637
211    0.000559933
212    0.000592931
213     0.00058454
214    0.000558594
215    0.000580868
216    0.000592836
217    0.000595965
218    0.000599313
219    0.000651567
220    0.000574706
221    0.000584475
222    0.000646256
223     0.00063561
224    0.000597117
225    0.000563015
226    0.000520653
227    0.000530199
228    0.000559678
229    0.000502509
230    0.000553843
231    0.000492377
232    0.000566567
233    0.000584565
234     0.00055428
235    0.000584016
236    0.000484502
237     0.00052592
238    0.000511082
239    0.000533287
240    0.000474776
241     0.00052476
242    0.000479116
243    0.000524722
244    0.000489002
245    0.000499387
246    0.000451987
247    0.000459135
248    0.000453522
249    0.000501107
250    0.000490953
251    0.000498072
252    0.000429398
253    0.000467471
254    0.000468739
255    0.000476483
256    0.000470714
257    0.000443685
258    0.000447147
259    0.000419197
260    0.000444246
261    0.000471769
262    0.000430643
263    0.000401961
264    0.000461329
265    0.000426537
266     0.00041147
267     0.00040509
268     0.00043289
269    0.000444282
270    0.000365274
271    0.000410187
272    0.000382309
273    0.000376616
274    0.000392583
275    0.000381618
276    0.000421671
277    0.000382976
278    0.000371804
279    0.000387157
280    0.000437465
281     0.00038075
282    0.000415514
283    0.000400128
284    0.000385645
285     0.00040027
286    0.000369717
287     0.00035572
288    0.000362696
289    0.000381678
290     0.00038907
291    0.000381309
292    0.000334122
293    0.000354878
294    0.000397019
295    0.000382023
296    0.000403398
297    0.000390282
298    0.000364888
299    0.000396624
300    0.000403884
301    0.000370222
302    0.000350315
303    0.000332369
304    0.000384804
305    0.000355228
306    0.000379051
307    0.000352657
308     0.00037626
309    0.000349611
310    0.000377671
311    0.000360351
312    0.000348102
313    0.000341577
314    0.000349085
315    0.000333213
316    0.000354997
317    0.000341258
318    0.000341579
319    0.000377879
320    0.000344439
321    0.000342247
322    0.000366473
323    0.000391821
324    0.000402607
325    0.000404898
326     0.00038028
327    0.000347798
328    0.000353543
329    0.000339869
330    0.000330913
331    0.000337911
332    0.000339581
333    0.000351599
334    0.000365789
335    0.000355903
336     0.00038482
337    0.000355206
338    0.000389782
339    0.000332661
340    0.000365897
341    0.000377808
342    0.000377298
343     0.00034285
344    0.000355561
345    0.000349754
346    0.000357546
347    0.000365007
348    0.000353247
349    0.000365444
350    0.000352665
351    0.000379606
352    0.000356934
353    0.000338441
354    0.000361417
355    0.000342806
356    0.000336156
357    0.000332101
358    0.000325357
359    0.000331417
360    0.000373474
361    0.000330181
362    0.000328353
363    0.000348571
364    0.000326876
365    0.000341125
366    0.000324588
367    0.000321931
368    0.000343925
369    0.000304278
370    0.000334529
371    0.000334734
372    0.000325558
373    0.000354609
374    0.000339568
375    0.000338521
376    0.000328296
377    0.000362742
378    0.000341344
379    0.000278847
380    0.000310262
381    0.000295938
382    0.000304503
383    0.000291156
384    0.000331186
385    0.000318527
386    0.000328832
387    0.000300844
388    0.000324914
389    0.000330939
390    0.000298429
391    0.000294213
392    0.000315737
393    0.000330824
394    0.000287387
395     0.00031138
396    0.000291732
397    0.000269881
398    0.000285444
399    0.000259304
400     0.00026772
401    0.000315013
402     0.00029866
403    0.000287078
404    0.000277076
405    0.000265873
406    0.000285353
407    0.000289873
408    0.000287618
409    0.000295832
410    0.000291658
411    0.000278133
412    0.000314495
413    0.000300231
414     0.00030221
415    0.000292327
416    0.000292296
417    0.000308207
418    0.000295556
419    0.000295058
420    0.000296031
421    0.000289867
422     0.00027111
423    0.000287316
424    0.000298433
425    0.000290306
426    0.000297176
427    0.000298191
428    0.000267473
429    0.000254306
430    0.000260138
431    0.000265149
432     0.00028358
433    0.000294488
434     0.00030192
435    0.000268421
436    0.000273856
437    0.000283436
438    0.000300529
439    0.000274621
440    0.000298805
441    0.000271529
442     0.00025962
443    0.000259239
444    0.000242276
445    0.000301537
446    0.000260869
447    0.000276875
448    0.000284182
449    0.000258332
450    0.000270525
451    0.000289854
452     0.00025555
453    0.000249485
454    0.000271406
455    0.000245079
456    0.000249373
457    0.000276837
458    0.000295779
459    0.000268891
460    0.000296127
461    0.000262184
462    0.000287127
463    0.000262709
464    0.000244043
465    0.000268776
466    0.000253025
467     0.00025996
468    0.000269283
469    0.000259738
470    0.000279946
471    0.000253303
472    0.000278831
473    0.000287834
474    0.000265965
475    0.000273911
476    0.000277409
477    0.000277276
478    0.000256639
479    0.000247929
480    0.000254905
481    0.000250586
482    0.000262224
483    0.000272841
484    0.000272204
485    0.000269083
486    0.000274296
487    0.000267833
488    0.000253599
489    0.000251851
490    0.000278988
491    0.000259774
492     0.00025041
493     0.00023912
494    0.000250325
495    0.000240372
496    0.000262048
497     0.00024931
498    0.000249288
499    0.000256495
500    0.000264302
501    0.000262085
502     0.00026165
503    0.000262185
504    0.000270343
505    0.000258131
506    0.000254665
507    0.000245752
508    0.000276253
509    0.000261553
510    0.000286544
511    0.000253854
512     0.00026968
