0        2.44121
1        0.38805
2       0.252451
3       0.124433
4      0.0830164
5      0.0219183
6      0.0191722
7      0.0077399
8     0.00468303
9      0.0041201
10     0.00341703
11     0.00342518
12     0.00494263
13     0.00283645
14     0.00435092
15     0.00268285
16     0.00215843
17     0.00242968
18     0.00287867
19     0.00300707
20     0.00357082
21     0.00268807
22      0.0015957
23      0.0015509
24     0.00154718
25     0.00116674
26     0.00117738
27     0.00144077
28     0.00158295
29     0.00130187
30     0.00121205
31    0.000961647
32     0.00119136
33    0.000731144
34     0.00115105
35    0.000898334
36      0.0011751
37    0.000968707
38    0.000972091
39     0.00117982
40    0.000899646
41    0.000903085
42    0.000906441
43    0.000655429
44    0.000732928
45    0.000708308
46    0.000774208
47    0.000873604
48     0.00062023
49    0.000622417
50    0.000539793
51    0.000616024
52     0.00066263
53    0.000703095
54    0.000544955
55    0.000689062
56    0.000536236
57      0.0006007
58    0.000437409
59    0.000506915
60    0.000451627
61    0.000601837
62    0.000450821
63     0.00041222
64     0.00036821
65    0.000422289
66    0.000353574
67    0.000299013
68    0.000365518
69    0.000358979
70    0.000354416
71    0.000333964
72    0.000323703
73    0.000303548
74    0.000295905
75    0.000376538
76    0.000274114
77    0.000275374
78    0.000271854
79    0.000229776
80    0.000193116
81    0.000198902
82    0.000223241
83    0.000150613
84    0.000176973
85     0.00017504
86    0.000152543
87    0.000160438
88    0.000199161
89    0.000196661
90    0.000236398
91    0.000197616
92    0.000188237
93    0.000197445
94    0.000158469
95    0.000133372
96    0.000151778
97    0.000156123
98    0.000151327
99    0.000125894
100    0.000146292
101     0.00015527
102    0.000129005
103    0.000132803
104    0.000124705
105    0.000109351
106    0.000123395
107    0.000136507
108     0.00012133
109    0.000105701
110    0.000114255
111    0.000126215
112    0.000114068
113    0.000103028
114    0.000111026
115    7.02563e-05
116    8.30468e-05
117    9.19922e-05
118    9.17546e-05
119    9.29788e-05
120    9.00941e-05
121    0.000101099
122    9.00237e-05
123     8.6205e-05
124    9.17828e-05
125    8.52452e-05
126    9.00111e-05
127     7.7935e-05
128    7.73134e-05
129     8.4003e-05
130    7.40718e-05
131    9.81424e-05
132    8.02742e-05
133    8.29792e-05
134    7.61996e-05
135    6.37903e-05
136    6.31867e-05
137    5.93906e-05
138      5.661e-05
139    5.97609e-05
140    7.25389e-05
141    7.48574e-05
142    8.13843e-05
143    8.52439e-05
144    7.50384e-05
145    6.27704e-05
146    7.13587e-05
147    6.59133e-05
148    5.82064e-05
149    5.62004e-05
150    4.81128e-05
151    5.54983e-05
152    5.83427e-05
153    5.94834e-05
154    5.34849e-05
155    4.67681e-05
156    5.66608e-05
157    5.05621e-05
158    6.06029e-05
159    6.16294e-05
160    4.61516e-05
161    6.54878e-05
162    5.77589e-05
163      5.577e-05
164    5.09189e-05
165    4.80766e-05
166    6.02193e-05
167    5.56502e-05
168    5.61857e-05
169    6.19608e-05
170    5.38822e-05
171    4.62388e-05
172    5.92485e-05
173    4.66951e-05
174    5.75754e-05
175    4.96895e-05
176    4.45091e-05
177    4.85904e-05
178    4.78417e-05
179    5.53469e-05
180    4.43863e-05
181    4.66098e-05
182    5.22717e-05
183    4.80128e-05
184    4.69868e-05
185    5.65654e-05
186    5.12847e-05
187    4.56208e-05
188    5.20878e-05
189    5.06118e-05
190    5.83704e-05
191    5.57001e-05
192    5.33537e-05
193    5.45951e-05
194    5.43199e-05
195    4.81114e-05
196    5.43953e-05
197    3.91669e-05
198    4.62692e-05
199    4.50941e-05
200    4.46163e-05
201     4.7865e-05
202    4.77653e-05
203    4.57841e-05
204    4.27985e-05
205    4.19992e-05
206    4.84921e-05
207    4.08946e-05
208    4.12749e-05
209    4.28693e-05
210    3.73202e-05
211    4.63152e-05
212    4.99828e-05
213    4.18433e-05
214    5.06901e-05
215      4.606e-05
216    4.55195e-05
217    4.53537e-05
218    4.69569e-05
219    4.58386e-05
220    4.34755e-05
221     4.4095e-05
222    3.86127e-05
223    4.05567e-05
224    4.40241e-05
225    3.44308e-05
226     5.2256e-05
227    3.45041e-05
228    3.82213e-05
229    3.89185e-05
230    3.54825e-05
231    3.73509e-05
232    3.95328e-05
233    4.85751e-05
234     4.7263e-05
235    3.97575e-05
236    4.38482e-05
237    4.78863e-05
238    4.50597e-05
239    4.22083e-05
240    3.83726e-05
241    4.09415e-05
242    3.69427e-05
243    3.57128e-05
244    3.88696e-05
245    4.64629e-05
246    3.50844e-05
247    3.71654e-05
248    3.56295e-05
249    3.05518e-05
250    3.54623e-05
251    3.77437e-05
252    3.75915e-05
253    3.92498e-05
254    4.45638e-05
255    3.99908e-05
256    3.79026e-05
257     3.9395e-05
258    3.43708e-05
259    4.03394e-05
260    3.37638e-05
261    3.82073e-05
262    3.12321e-05
263    4.05719e-05
264    2.95459e-05
265    3.37153e-05
266    3.42232e-05
267    3.57923e-05
268    3.87797e-05
269    3.04633e-05
270    3.10127e-05
271    3.06285e-05
272    3.18169e-05
273     3.4385e-05
274    3.31461e-05
275    3.68547e-05
276    3.50938e-05
277    3.67001e-05
278    3.78113e-05
279    3.67172e-05
280    3.68276e-05
281    3.56536e-05
282    3.28366e-05
283    2.90599e-05
284    3.18679e-05
285    2.84472e-05
286    3.32688e-05
287    3.47426e-05
288     2.7792e-05
289    2.82368e-05
290     2.9873e-05
291    2.90932e-05
292    3.08297e-05
293    3.07552e-05
294    3.24237e-05
295    3.21364e-05
296    2.70707e-05
297     3.0196e-05
298    3.30142e-05
299    3.14613e-05
300    3.49468e-05
301    3.12349e-05
302    3.61446e-05
303    2.73332e-05
304    2.83073e-05
305    2.82044e-05
306    2.61897e-05
307    2.72349e-05
308    2.71697e-05
309    2.59967e-05
310    3.12029e-05
311    2.74443e-05
312    3.35311e-05
313     2.7495e-05
314    2.97888e-05
315    2.89534e-05
316     2.5684e-05
317    2.95018e-05
318     3.5553e-05
319    3.21597e-05
320     3.0877e-05
321    3.36648e-05
322    3.33145e-05
323    3.61408e-05
324    3.26444e-05
325    2.87953e-05
326    3.01699e-05
327    3.46302e-05
328    2.84545e-05
329    2.98881e-05
330    3.49144e-05
331    3.56808e-05
332    2.90288e-05
333    3.57943e-05
334    2.82148e-05
335    2.58993e-05
336    2.29764e-05
337    3.19593e-05
338    3.54092e-05
339      3.137e-05
340    3.18629e-05
341    3.23483e-05
342    2.85876e-05
343    2.90442e-05
344    2.37249e-05
345    3.09295e-05
346    2.56695e-05
347    3.17994e-05
348    2.52376e-05
349    3.00771e-05
350    2.87349e-05
351    2.92157e-05
352    2.78705e-05
353    2.13799e-05
354     2.2182e-05
355    2.79256e-05
356    2.87465e-05
357    2.66659e-05
358    3.55565e-05
359    2.87141e-05
360    3.23234e-05
361     2.9405e-05
362    2.72013e-05
363    2.97727e-05
364    2.75185e-05
365    2.37655e-05
366    2.63401e-05
367    3.03021e-05
368    2.45842e-05
369     2.5069e-05
370    2.84187e-05
371    2.79701e-05
372    2.98489e-05
373    2.55052e-05
374    2.57978e-05
375     3.0984e-05
376    2.82862e-05
377    2.67237e-05
378    2.87853e-05
379    3.09327e-05
380    3.09265e-05
381    2.92813e-05
382    2.97479e-05
383     2.7161e-05
384    2.70706e-05
385    2.81109e-05
386    2.60982e-05
387    2.94589e-05
388     2.6076e-05
389    2.46642e-05
390    2.74476e-05
391     2.6539e-05
392    2.38784e-05
393    2.35468e-05
394    2.80301e-05
395    2.64465e-05
396    2.48617e-05
397     2.3944e-05
398    2.58461e-05
399    2.23632e-05
400    2.35405e-05
401    2.15729e-05
402    2.44117e-05
403    2.34446e-05
404    2.74913e-05
405    2.01829e-05
406    2.56399e-05
407    2.57906e-05
408    2.44748e-05
409    2.48532e-05
410    2.61307e-05
411    2.40407e-05
412    2.16392e-05
413    2.20363e-05
414    2.26774e-05
415    2.23802e-05
416    2.08445e-05
417    2.41141e-05
418    2.12188e-05
419    2.21665e-05
420    2.56177e-05
421    2.25205e-05
422    2.06329e-05
423    2.52293e-05
424    2.25876e-05
425    2.24239e-05
426    2.25174e-05
427    2.07138e-05
428     2.4983e-05
429    2.47923e-05
430    2.58348e-05
431    2.48249e-05
432    2.74472e-05
433    2.26548e-05
434    2.66252e-05
435    2.46955e-05
436    2.46266e-05
437    2.36175e-05
438    2.43733e-05
439    2.24799e-05
440    2.06773e-05
441    2.25127e-05
442    2.35367e-05
443     2.7168e-05
444     2.2636e-05
445    2.38342e-05
446    2.78732e-05
447    2.21356e-05
448    2.53507e-05
449    2.18747e-05
450    2.68323e-05
451    2.14513e-05
452    2.21303e-05
453    2.47303e-05
454    2.19673e-05
455     2.3621e-05
456    2.74796e-05
457    2.38478e-05
458    2.50882e-05
459    2.71951e-05
460    2.55837e-05
461    2.43368e-05
462    2.21334e-05
463    2.37674e-05
464    2.43391e-05
465    2.21887e-05
466     2.2816e-05
467    2.35745e-05
468    2.16654e-05
469    2.40232e-05
470     1.8972e-05
471    2.14416e-05
472    2.25477e-05
473    1.90969e-05
474    2.59393e-05
475    2.33015e-05
476    2.21542e-05
477    2.64112e-05
478    2.18972e-05
479    2.39037e-05
480    2.22399e-05
481    2.48119e-05
482    2.23361e-05
483    2.13396e-05
484    2.15166e-05
485    2.33411e-05
486    2.23926e-05
487    2.49441e-05
488    2.49081e-05
489    2.47993e-05
490    2.59548e-05
491    2.48563e-05
492     2.4163e-05
493    2.46276e-05
494    2.15398e-05
495    2.00863e-05
496    2.23579e-05
497     2.2483e-05
498    2.21861e-05
499    1.82788e-05
500    2.07723e-05
501    2.08343e-05
502    2.20746e-05
503    2.47039e-05
504    2.13576e-05
505    2.27283e-05
506    2.20761e-05
507     2.2078e-05
508    2.03072e-05
509    2.64133e-05
510    2.46131e-05
511    2.28005e-05
512    2.33266e-05
