RMS:    Average: 
0.928153   -2.83245
0        25.3796
1       0.883383
2       0.483462
3       0.298123
4      0.0340513
5      0.0267744
6       0.013446
7     0.00975462
8      0.0102822
9     0.00452639
10     0.00255842
11      0.0015361
12     0.00352495
13     0.00183178
14     0.00287397
15     0.00218356
16     0.00139011
17     0.00151593
18     0.00161813
19     0.00189541
20     0.00134303
21    0.000988292
22      0.0009759
23    0.000669527
24    0.000544031
25     0.00041976
26    0.000828177
27    0.000732317
28    0.000677426
29    0.000528287
30    0.000688875
31    0.000413849
32    0.000592553
33    0.000363332
34    0.000529878
35    0.000342135
36    0.000524975
37    0.000484264
38     0.00063962
39    0.000660343
40    0.000491519
41    0.000478546
42    0.000505532
43    0.000364462
44    0.000442659
45    0.000364838
46     0.00040794
47    0.000385913
48    0.000297483
49    0.000291548
50    0.000313491
51    0.000281197
52    0.000310636
53     0.00035138
54    0.000273585
55    0.000291231
56    0.000292775
57    0.000237032
58    0.000241717
59    0.000232397
60    0.000189482
61    0.000167049
62    0.000131833
63    0.000139734
64    0.000144881
65    0.000144381
66    0.000173488
67    0.000117085
68    0.000172037
69    0.000171326
70     0.00017841
71    0.000170526
72    0.000147428
73    0.000147609
74    0.000130831
75     0.00014219
76      9.592e-05
77    0.000113975
78    9.16206e-05
79    8.39665e-05
80     8.0914e-05
81    7.41273e-05
82    9.20411e-05
83    7.35463e-05
84    6.36558e-05
85    6.12168e-05
86      5.447e-05
87     5.2528e-05
88    6.87573e-05
89    7.31085e-05
90    8.42727e-05
91    6.67517e-05
92     7.0923e-05
93    7.33122e-05
94    7.39324e-05
95    4.16788e-05
96    5.87171e-05
97    4.54637e-05
98    3.59069e-05
99    3.61618e-05
100    3.50994e-05
101    2.85239e-05
102    3.18901e-05
103    2.52026e-05
104    3.99875e-05
105    2.02811e-05
106    2.71911e-05
107    2.48714e-05
108    3.51615e-05
109    2.26464e-05
110    1.97918e-05
111    2.32772e-05
112    2.59042e-05
113    2.00795e-05
114    2.14355e-05
115     1.2791e-05
116    1.44248e-05
117    1.41199e-05
118    1.18711e-05
119    1.51079e-05
120    1.65212e-05
121    1.45763e-05
122    1.47284e-05
123    1.34537e-05
124     1.8202e-05
125    1.31037e-05
126      1.358e-05
127    1.26836e-05
128    9.94173e-06
129    9.83927e-06
130    9.69588e-06
131    9.13505e-06
132    1.54558e-05
133    9.15076e-06
134    1.17011e-05
135    1.27029e-05
136    1.14854e-05
137    9.54524e-06
138    8.47197e-06
139    8.64354e-06
140    4.01122e-06
141     7.5962e-06
142    8.42623e-06
143    6.54996e-06
144    8.01659e-06
145    9.93446e-06
146     9.0308e-06
147    1.15331e-05
148    7.68029e-06
149     3.0111e-06
150    9.32914e-06
151    5.21255e-06
152    6.63822e-06
153    6.43786e-06
154    6.36925e-06
155    6.34038e-06
156    6.68081e-06
157    6.91154e-06
158    6.32056e-06
159    6.36165e-06
160    7.50939e-06
161    3.95125e-06
162    4.55805e-06
163    3.69997e-06
164    7.75068e-06
165    2.75942e-06
166     3.3839e-06
167    5.14916e-06
168    3.84789e-06
169    3.45931e-06
170    4.95562e-06
171    5.37097e-06
172   -7.81936e-07
173    5.95237e-06
174    1.44799e-06
175    4.51068e-06
176     2.9335e-06
177    4.87124e-06
178    4.89445e-06
179    2.00345e-06
180    4.46968e-06
181    7.87878e-06
182     5.1964e-06
183    8.04048e-06
184    7.32408e-06
185    7.25112e-06
186    6.67433e-06
187    5.23218e-06
188    8.41038e-06
189    6.73651e-06
190    5.50735e-06
191    4.73025e-06
192    3.35864e-06
193    2.24916e-06
194    5.54042e-06
195    5.81781e-06
196    6.75439e-06
197    4.65737e-06
198    6.04316e-06
199    8.00537e-06
200    5.73444e-06
201    6.34597e-06
202    8.24361e-06
203    6.69239e-06
204    3.92727e-06
205    7.10537e-06
206     7.0961e-06
207    7.51419e-06
208    7.04102e-06
209     7.8062e-06
210    5.99442e-06
211    4.73973e-06
212    7.35818e-06
213     5.8947e-06
214    7.36888e-06
215    5.49552e-06
216    5.49635e-06
217    4.34974e-06
218    5.51144e-06
219    6.82113e-06
220    4.66395e-06
221    6.26999e-06
222    4.66919e-06
223     5.5816e-06
224    6.00805e-06
225    4.56644e-06
226    4.24068e-06
227    5.29346e-06
228     6.2292e-06
229    3.20138e-06
230    5.03475e-06
231    4.53451e-06
232    4.97982e-06
233    3.46625e-06
234    4.16859e-06
235    4.06363e-06
236    3.93052e-06
237    1.52748e-06
238    4.78029e-06
239    3.32421e-06
240    3.30613e-06
241    2.49442e-06
242    3.50248e-06
243    4.27897e-06
244    4.32631e-06
245    3.47589e-06
246    2.80179e-06
247      2.353e-06
248    4.16212e-06
249    2.78722e-06
250    3.49594e-06
251    1.20441e-06
252    2.32193e-06
253    2.03435e-06
254    2.65944e-06
255    2.44074e-06
256    3.19813e-06
257    2.31126e-06
258    3.07607e-06
259    3.00507e-06
260    1.62496e-06
261    8.47836e-07
262      1.955e-06
263    1.48814e-06
264     1.3202e-06
265    2.25525e-06
266    2.79156e-06
267    1.35311e-06
268    2.61154e-06
269    2.16262e-06
270    1.88892e-06
271   -2.70618e-07
272    6.29321e-07
273    5.19719e-07
274    4.50301e-07
275    4.89927e-08
276    1.96149e-07
277    7.66954e-07
278    1.30313e-06
279    1.66501e-06
280    1.94632e-06
281    1.42004e-06
282    2.57679e-06
283     1.4059e-06
284    1.45406e-06
285   -3.93987e-08
286    5.26934e-07
287    3.65074e-07
288    1.42898e-06
289    1.33584e-06
290    1.40185e-06
291   -7.03043e-07
292    1.22778e-06
293    5.57737e-07
294    1.05838e-06
295    1.54878e-06
296    5.24206e-07
297     1.0033e-06
298    1.33141e-06
299    1.69929e-06
300    1.16238e-06
301     1.6842e-06
302    1.19969e-06
303    6.49562e-07
304    1.23992e-06
305    1.05359e-06
306    5.59877e-07
307    4.78976e-07
308    1.09829e-06
309    1.50037e-06
310    7.70502e-07
311    1.43614e-06
312    1.15574e-06
313    1.07525e-06
314    1.33739e-06
315    1.98707e-06
316    6.12804e-07
317    3.40737e-06
318    2.44648e-06
319    2.08307e-06
320    1.90761e-06
321    2.27211e-06
322    1.89343e-06
323    1.91939e-06
324    1.73146e-06
325    1.56583e-06
326    1.73133e-06
327    3.53474e-06
328    2.83222e-06
329     2.8135e-06
330    2.21759e-06
331    1.04105e-06
332    1.41686e-06
333    1.38949e-06
334    1.09317e-06
335    1.35243e-06
336    1.82938e-06
337    1.52216e-06
338    2.56172e-06
339    3.50423e-07
340     2.2521e-06
341    7.16653e-07
342    4.68948e-07
343    1.71809e-06
344    1.34569e-06
345    9.08255e-07
346    1.14061e-06
347    1.52456e-06
348    2.16356e-06
349      1.402e-06
350    1.46232e-06
351    1.79589e-06
352    1.08116e-06
353    1.86101e-06
354    2.25485e-06
355    1.66496e-06
356     1.1068e-06
357    1.61623e-06
358    1.81165e-06
359    1.53031e-06
360    2.28697e-06
361    1.96452e-06
362    1.37035e-06
363    9.85159e-07
364    1.09805e-06
365    1.21309e-06
366    9.11059e-07
367    1.17172e-06
368    6.61445e-07
369    1.32508e-06
370    2.06628e-06
371    2.33865e-06
372    1.73768e-06
373     1.3191e-06
374    1.22149e-06
375    1.45669e-06
376    2.01368e-08
377    7.29974e-07
378    1.73198e-06
379    1.27912e-06
380    1.12349e-06
381    1.19246e-06
382    1.09294e-06
383    8.76826e-07
384    2.73557e-06
385    1.66027e-06
386    1.49772e-06
387     1.3334e-06
388    1.65357e-06
389    9.18113e-07
390    8.15725e-07
391    7.96147e-07
392    1.18081e-06
393    1.78942e-06
394    1.04349e-06
395    6.32563e-07
396    6.48349e-07
397    6.86519e-07
398    5.49941e-07
399     7.0849e-07
400    6.39645e-07
401    5.82098e-07
402    1.18002e-06
403    2.15891e-07
404    7.52393e-07
405    1.10828e-06
406    5.46023e-07
407    9.77468e-07
408    1.12777e-06
409    2.73688e-07
410    -1.6023e-07
411     5.7806e-07
412    6.13917e-07
413      7.132e-07
414    1.04905e-06
415    2.32115e-07
416    5.56783e-07
417    3.49744e-07
418   -2.79007e-07
419    5.35258e-07
420   -1.69187e-07
421    1.28703e-07
422    1.12162e-07
423    5.80041e-07
424    5.54737e-07
425    8.48744e-07
426    6.76564e-07
427    1.24982e-06
428    8.65024e-07
429     5.4035e-07
430    8.37979e-07
431    6.14813e-07
432   -2.26501e-07
433    5.68493e-08
434    4.26679e-07
435    8.30921e-07
436    1.04927e-06
437    7.59119e-07
438    7.59738e-07
439    6.52201e-07
440     1.2302e-06
441    1.43713e-06
442    6.05859e-07
443    9.14265e-07
444    5.55515e-07
445   -2.77685e-07
446    5.61954e-07
447    5.82032e-07
448    1.07426e-06
449    8.97235e-07
450    9.72147e-07
451    6.29483e-07
452   -1.48405e-07
453    2.23212e-07
454    3.72307e-07
455    7.81276e-07
456    3.63456e-07
457    6.85942e-07
458    8.48926e-07
459    6.11144e-07
460     6.7865e-07
461    6.39015e-07
462    9.32361e-07
463    1.34536e-06
464    9.12985e-07
465     9.5689e-07
466    1.28337e-06
467    1.41084e-06
468    1.45666e-06
469    1.08847e-06
470    9.62495e-07
471    4.80549e-07
472    4.72278e-07
473    1.08829e-06
474      1.058e-06
475    1.28112e-07
476     5.5307e-07
477    1.12153e-06
478    6.14931e-07
479    7.38805e-07
480    7.56348e-07
481    1.20181e-06
482    1.26281e-06
483    6.06543e-07
484    1.05246e-06
485    1.84636e-07
486    7.34324e-07
487    1.75644e-07
488    3.72094e-07
489     3.6814e-07
490    4.94271e-07
491    7.16497e-07
492    9.12012e-07
493    1.11587e-06
494    3.06653e-07
495    1.02728e-06
496    1.00984e-06
497    1.09532e-06
498    6.81446e-07
499     3.8953e-07
500    9.50103e-07
501    5.89042e-07
502   -1.16606e-07
503    2.78355e-07
504    8.03707e-07
505    2.15759e-07
506    4.76382e-07
507   -2.73927e-08
508     3.8063e-07
509    6.00238e-07
510    6.07399e-07
511    2.68862e-07
512    1.07686e-06
