RMS:    Average: 
133.547   218.807
0         231545
1        48135.4
2        25832.5
3        14927.5
4        1543.25
5        895.948
6        646.552
7        343.359
8        517.951
9        175.251
10        142.644
11        60.2384
12        222.815
13        62.6463
14        104.047
15        65.7298
16        66.6869
17        55.7763
18        70.2999
19        53.9378
20        48.8836
21         59.334
22        37.8015
23         27.539
24        19.3944
25        15.9908
26        27.7195
27        28.8084
28         18.203
29        25.9454
30        16.4759
31        13.7644
32        21.5164
33        16.0133
34        18.4763
35        13.0619
36        17.6089
37        13.7069
38        20.3957
39        16.9684
40        17.6339
41        14.2844
42        15.9637
43        13.0874
44        13.4315
45         11.085
46        12.5087
47        10.8895
48        8.43701
49        9.10247
50        10.4701
51        9.35503
52         8.6772
53        9.59603
54        7.90135
55        8.13298
56        8.09858
57        7.19672
58        7.92388
59         7.2642
60        6.48864
61        7.05944
62        5.41279
63        5.16437
64        5.88645
65        4.56542
66         4.7886
67        3.89119
68        4.66914
69        4.66488
70        4.92489
71        3.73934
72        4.29612
73        4.02153
74        3.70621
75        3.75196
76         3.2562
77        3.33927
78        3.34761
79        2.71499
80        3.11804
81        2.50486
82        3.21295
83        2.23378
84         2.1343
85        1.65094
86        2.14731
87        1.49675
88         2.0373
89        1.78406
90        2.06082
91        1.93141
92        1.61669
93        1.64594
94        1.67705
95        1.40622
96        1.53964
97        1.50728
98         1.2441
99         1.4403
100        1.22671
101        1.13539
102        1.09964
103        1.07931
104        1.03825
105       0.950614
106       0.809356
107       0.858609
108       0.994292
109       0.817278
110       0.865641
111       0.769935
112       0.728961
113        0.61407
114       0.687453
115       0.605053
116       0.614623
117       0.599265
118       0.508369
119       0.522066
120       0.556398
121       0.511033
122       0.440245
123       0.472988
124       0.403195
125        0.41721
126       0.391059
127       0.379655
128       0.351728
129       0.356848
130       0.314921
131       0.357195
132       0.377805
133       0.293353
134       0.351015
135       0.278737
136       0.269652
137       0.250481
138       0.293358
139       0.273634
140       0.272689
141       0.277994
142       0.277905
143       0.243764
144        0.27227
145       0.232548
146       0.226045
147       0.245895
148        0.20924
149       0.191348
150       0.190391
151       0.220858
152       0.205166
153       0.192008
154       0.193836
155        0.20597
156       0.222651
157       0.194774
158       0.237374
159       0.211215
160       0.211629
161       0.207254
162       0.240822
163       0.216581
164       0.225525
165        0.21967
166       0.214151
167       0.228072
168       0.199435
169       0.214178
170       0.203304
171       0.202273
172       0.176586
173       0.224985
174       0.210368
175       0.210761
176       0.226388
177       0.208484
178       0.217171
179       0.213277
180       0.236432
181       0.229489
182       0.280872
183       0.236666
184       0.225498
185       0.231274
186       0.256655
187       0.229607
188       0.257482
189        0.22284
190       0.229665
191       0.219353
192       0.197111
193       0.221086
194       0.218707
195       0.206166
196       0.239659
197       0.234378
198        0.21363
199        0.24801
200       0.209422
201       0.229139
202       0.245812
203       0.215123
204       0.208441
205        0.21357
206       0.245407
207        0.22094
208       0.238947
209         0.2327
210       0.218094
211        0.21108
212       0.212037
213       0.211123
214       0.200285
215       0.189963
216       0.196776
217       0.191749
218       0.211148
219       0.180512
220       0.182112
221       0.186627
222       0.169616
223       0.182983
224       0.198533
225       0.169472
226       0.176482
227       0.176953
228       0.154249
229       0.157209
230       0.158147
231        0.15096
232       0.169012
233       0.152842
234        0.15917
235       0.147643
236       0.162288
237       0.138071
238       0.138241
239       0.138487
240       0.151449
241       0.132106
242       0.121697
243       0.116016
244       0.133312
245       0.117913
246       0.123532
247       0.115025
248        0.11938
249       0.110729
250       0.110542
251       0.103468
252       0.111758
253       0.100345
254       0.106847
255      0.0918941
256       0.109939
257      0.0890504
258      0.0956507
259      0.0858903
260      0.0845953
261      0.0800693
262       0.083428
263      0.0838389
264      0.0792645
265      0.0856228
266      0.0871207
267      0.0788709
268      0.0869416
269      0.0654042
270      0.0706715
271      0.0713895
272      0.0659177
273      0.0667044
274      0.0663018
275      0.0673503
276      0.0697549
277      0.0671215
278      0.0695489
279      0.0684047
280      0.0721805
281      0.0645496
282       0.070913
283        0.06821
284      0.0676001
285      0.0649405
286      0.0664179
287      0.0631114
288      0.0612795
289      0.0643708
290      0.0664775
291      0.0598229
292      0.0629819
293      0.0556941
294      0.0647889
295      0.0659531
296      0.0604095
297      0.0625058
298      0.0631513
299      0.0594281
300      0.0630325
301      0.0622123
302      0.0652152
303      0.0610936
304      0.0673338
305      0.0605735
306      0.0670871
307       0.059262
308      0.0701256
309      0.0629561
310      0.0648915
311      0.0683875
312      0.0685481
313      0.0598115
314      0.0649168
315      0.0663484
316      0.0627726
317      0.0666108
318      0.0668494
319      0.0641174
320      0.0744604
321      0.0673325
322      0.0697116
323      0.0641849
324      0.0663952
325      0.0686774
326      0.0720715
327      0.0750417
328      0.0754835
329      0.0736407
330      0.0765296
331      0.0670846
332      0.0698349
333      0.0682235
334       0.074929
335      0.0729777
336      0.0702984
337       0.066869
338      0.0729641
339      0.0676034
340      0.0719232
341      0.0725831
342      0.0720438
343      0.0710088
344      0.0707232
345      0.0698522
346      0.0717808
347      0.0650469
348      0.0706232
349       0.066245
350      0.0651317
351      0.0646842
352      0.0634436
353      0.0625855
354      0.0731651
355      0.0690706
356      0.0667307
357      0.0604797
358      0.0646179
359      0.0655503
360      0.0745112
361      0.0642203
362      0.0634522
363        0.05831
364      0.0674867
365      0.0560795
366       0.067592
367      0.0550983
368       0.062771
369      0.0568554
370      0.0635352
371      0.0554272
372      0.0613861
373      0.0541104
374      0.0536562
375      0.0533674
376      0.0556226
377      0.0548304
378      0.0596135
379      0.0543803
380      0.0522601
381      0.0465581
382      0.0523222
383      0.0475055
384      0.0532552
385      0.0485672
386      0.0529685
387      0.0540928
388      0.0503505
389      0.0497049
390      0.0463178
391      0.0479218
392      0.0459696
393      0.0467627
394      0.0493816
395      0.0470455
396      0.0483568
397      0.0423453
398      0.0489611
399       0.042907
400      0.0420117
401      0.0404255
402      0.0405662
403      0.0384559
404      0.0404012
405      0.0384381
406       0.041871
407      0.0402161
408       0.040189
409      0.0385736
410      0.0367071
411      0.0363392
412      0.0349215
413      0.0360599
414      0.0381948
415      0.0354339
416        0.03512
417      0.0369869
418      0.0340955
419      0.0346708
420      0.0358469
421      0.0360048
422       0.032076
423      0.0319186
424      0.0322177
425      0.0334407
426      0.0298166
427      0.0315457
428      0.0297506
429      0.0350381
430      0.0337662
431       0.036103
432      0.0320489
433      0.0346158
434      0.0342016
435      0.0349357
436      0.0321139
437      0.0369357
438      0.0337118
439      0.0364897
440      0.0361114
441      0.0366377
442      0.0326879
443      0.0349889
444      0.0317682
445      0.0335312
446      0.0324904
447      0.0337886
448      0.0321703
449       0.029804
450      0.0349591
451      0.0321719
452      0.0314098
453      0.0329938
454      0.0355204
455      0.0314113
456      0.0338198
457      0.0338002
458      0.0350469
459      0.0335745
460      0.0317629
461      0.0338755
462      0.0329637
463      0.0341892
464      0.0370401
465      0.0350827
466      0.0353281
467      0.0348878
468      0.0365212
469      0.0359096
470      0.0349232
471      0.0321061
472      0.0356419
473      0.0341458
474      0.0393284
475      0.0353866
476      0.0363775
477      0.0358298
478      0.0343157
479      0.0335693
480      0.0352878
481      0.0358535
482      0.0347708
483      0.0341342
484      0.0349426
485      0.0352035
486      0.0376243
487      0.0375981
488      0.0347272
489      0.0336564
490      0.0370588
491      0.0339201
492      0.0364807
493      0.0355279
494      0.0355739
495      0.0359541
496       0.035603
497      0.0351246
498      0.0363009
499      0.0333949
500       0.036702
501      0.0355462
502      0.0356196
503      0.0339897
504      0.0362134
505      0.0318733
506      0.0317807
507      0.0322001
508      0.0325377
509      0.0309893
510      0.0356023
511      0.0318728
512      0.0320025
