0        23490.5
1           4822
2        2447.94
3         1463.1
4         149.32
5        84.3936
6        64.2956
7        35.1426
8         53.092
9        17.9911
10        14.7979
11        6.34328
12        22.4807
13        7.09093
14        11.1792
15        7.25608
16        7.37811
17        5.94179
18        8.40049
19        6.57211
20        5.24577
21        6.11157
22        4.05889
23        2.93174
24        2.30547
25        1.88138
26        3.04139
27         3.2843
28        2.04649
29        2.63317
30        1.97039
31        1.54639
32        2.58101
33        1.73231
34        1.99255
35        1.40416
36         2.1076
37        1.66931
38        2.33767
39        2.04309
40        2.02552
41         1.5615
42        1.77481
43        1.55537
44        1.49128
45        1.26694
46        1.45693
47        1.27207
48       0.954963
49        1.04657
50         1.2074
51        1.11677
52       0.998681
53        1.04111
54       0.998529
55        0.96805
56       0.924158
57       0.830929
58       0.884162
59       0.886192
60       0.732044
61       0.807266
62       0.595851
63       0.587954
64       0.659759
65       0.533459
66       0.549099
67       0.461171
68       0.561849
69       0.569309
70       0.566988
71       0.410667
72        0.50519
73       0.522818
74       0.434281
75       0.444104
76       0.382266
77       0.381512
78        0.37847
79         0.2947
80        0.35864
81       0.282861
82       0.359787
83       0.252067
84       0.245322
85       0.190777
86       0.254403
87       0.179619
88       0.235909
89       0.233809
90       0.256391
91       0.238194
92       0.194318
93       0.198004
94       0.196599
95       0.164472
96       0.177045
97       0.173701
98       0.146693
99        0.16251
100       0.140486
101       0.131063
102       0.137986
103       0.133194
104       0.122572
105       0.113551
106      0.0948652
107       0.109234
108       0.117989
109       0.100557
110       0.102185
111      0.0948945
112      0.0844632
113      0.0772594
114      0.0821511
115      0.0758841
116      0.0770759
117      0.0738943
118      0.0652068
119      0.0682272
120      0.0691072
121      0.0642433
122      0.0572951
123      0.0622534
124      0.0550865
125      0.0549573
126      0.0530897
127      0.0492428
128      0.0441823
129      0.0506047
130      0.0432616
131      0.0530305
132      0.0491671
133      0.0429401
134      0.0499626
135      0.0384393
136      0.0392322
137      0.0356842
138      0.0423122
139      0.0406927
140      0.0409084
141      0.0396572
142       0.036865
143      0.0350856
144      0.0384458
145      0.0341793
146      0.0326147
147      0.0352098
148      0.0317448
149      0.0270598
150      0.0307971
151      0.0327956
152      0.0319239
153       0.027809
154      0.0299635
155      0.0301976
156      0.0318217
157      0.0297778
158      0.0344816
159      0.0321273
160      0.0325813
161      0.0325598
162      0.0361483
163      0.0320872
164      0.0330586
165      0.0328521
166      0.0314265
167       0.033954
168      0.0305753
169      0.0312062
170      0.0320522
171      0.0295954
172      0.0268001
173      0.0328938
174      0.0299115
175      0.0304652
176       0.032321
177      0.0300249
178      0.0303535
179       0.031611
180      0.0339048
181      0.0354202
182      0.0395191
183      0.0345011
184      0.0336991
185      0.0335818
186      0.0351231
187        0.03249
188      0.0336153
189      0.0290074
190      0.0297749
191      0.0307606
192      0.0271507
193      0.0317646
194      0.0318078
195      0.0317356
196      0.0335048
197      0.0358228
198      0.0322478
199       0.036586
200      0.0295823
201      0.0313025
202      0.0322907
203      0.0316922
204      0.0282753
205      0.0302685
206      0.0327865
207      0.0314891
208      0.0325825
209      0.0335891
210       0.030855
211      0.0304807
212      0.0297217
213      0.0311288
214      0.0274164
215      0.0275177
216      0.0285826
217      0.0263304
218      0.0293658
219       0.026519
220      0.0266688
221      0.0274196
222      0.0240678
223      0.0261825
224      0.0291297
225      0.0243681
226      0.0242445
227      0.0252952
228      0.0232958
229      0.0222724
230      0.0224033
231      0.0217682
232      0.0226872
233      0.0226328
234      0.0230215
235      0.0217867
236       0.022205
237      0.0194827
238      0.0199603
239      0.0206749
240      0.0217063
241       0.018246
242      0.0177938
243      0.0175958
244      0.0187799
245      0.0171166
246      0.0179271
247      0.0168472
248      0.0181815
249      0.0166681
250      0.0166218
251       0.016495
252       0.016099
253       0.015261
254      0.0158348
255      0.0133782
256      0.0165632
257      0.0142329
258      0.0141071
259      0.0130961
260      0.0128773
261      0.0119723
262       0.013205
263      0.0127473
264      0.0117858
265      0.0132499
266      0.0135364
267      0.0120073
268      0.0132869
269      0.0106136
270      0.0114667
271      0.0117118
272      0.0109205
273      0.0106217
274      0.0106688
275      0.0106187
276       0.010682
277      0.0108736
278      0.0120966
279      0.0127833
280      0.0116555
281      0.0105767
282      0.0120662
283       0.011834
284      0.0114666
285      0.0110704
286       0.011464
287      0.0107658
288      0.0105069
289      0.0110621
290      0.0119631
291     0.00987891
292      0.0105422
293     0.00964333
294      0.0114149
295      0.0117337
296      0.0105838
297      0.0109057
298      0.0112887
299      0.0103319
300      0.0111424
301      0.0103222
302      0.0111067
303      0.0104118
304      0.0114763
305      0.0100512
306      0.0113936
307     0.00983739
308      0.0121682
309      0.0107858
310      0.0105673
311      0.0115406
312      0.0108994
313      0.0105198
314      0.0111482
315      0.0112282
316      0.0104672
317      0.0112286
318      0.0111111
319      0.0103557
320      0.0117148
321      0.0110209
322      0.0118748
323      0.0107752
324      0.0114228
325       0.011072
326      0.0112226
327       0.012264
328      0.0120997
329      0.0119542
330      0.0117959
331       0.010827
332      0.0109016
333      0.0111154
334      0.0119169
335      0.0115396
336      0.0112496
337      0.0106914
338      0.0119069
339      0.0104325
340      0.0114755
341      0.0114461
342      0.0116807
343      0.0113267
344      0.0111081
345      0.0115336
346      0.0118123
347      0.0109888
348       0.011307
349      0.0106248
350      0.0106728
351      0.0105298
352      0.0105745
353      0.0107696
354       0.011565
355       0.010779
356      0.0105664
357     0.00952429
358      0.0103378
359       0.010339
360      0.0123794
361      0.0104172
362      0.0102575
363     0.00946906
364      0.0107167
365     0.00900031
366      0.0106332
367     0.00871985
368     0.00988579
369     0.00928704
370     0.00972846
371     0.00912015
372     0.00944799
373     0.00926685
374     0.00872993
375     0.00908262
376     0.00953541
377     0.00907676
378      0.0101736
379     0.00914411
380     0.00892556
381     0.00786517
382      0.0088847
383     0.00788541
384     0.00911048
385     0.00803536
386      0.0088919
387     0.00894229
388     0.00850245
389     0.00832993
390     0.00790986
391     0.00829756
392     0.00829911
393     0.00789763
394     0.00836096
395     0.00790313
396     0.00771498
397     0.00717505
398     0.00790593
399     0.00722003
400     0.00681293
401     0.00687151
402     0.00697934
403     0.00649996
404      0.0069839
405      0.0067602
406     0.00740394
407     0.00710935
408     0.00715867
409     0.00692172
410     0.00652221
411     0.00646434
412     0.00637202
413     0.00617123
414     0.00713111
415     0.00640484
416     0.00643213
417     0.00667169
418     0.00647128
419     0.00664644
420       0.006667
421     0.00635803
422     0.00563555
423     0.00606861
424      0.0059542
425     0.00640099
426     0.00590638
427     0.00640301
428     0.00596352
429     0.00627426
430     0.00627556
431     0.00639298
432     0.00558121
433     0.00623597
434     0.00613185
435     0.00614736
436     0.00612432
437     0.00649303
438     0.00598885
439     0.00665815
440     0.00688021
441     0.00644806
442     0.00605012
443     0.00642275
444     0.00582018
445     0.00587842
446     0.00607175
447     0.00627768
448     0.00622866
449     0.00585001
450     0.00659557
451     0.00619351
452     0.00577676
453      0.0056633
454     0.00599335
455     0.00558115
456     0.00614187
457     0.00618641
458     0.00628138
459     0.00624592
460     0.00623199
461     0.00634298
462     0.00588743
463     0.00603193
464     0.00678256
465     0.00654866
466     0.00629506
467     0.00617238
468     0.00648758
469     0.00646993
470     0.00599983
471     0.00589989
472     0.00661787
473     0.00621219
474     0.00690401
475     0.00621354
476     0.00663283
477      0.0064415
478     0.00597478
479     0.00601606
480     0.00622676
481     0.00644944
482     0.00602549
483     0.00607702
484     0.00622055
485     0.00595889
486     0.00671369
487     0.00636363
488     0.00610942
489     0.00611386
490     0.00633619
491     0.00614955
492     0.00665645
493     0.00642105
494     0.00609067
495     0.00648757
496     0.00641529
497     0.00636208
498      0.0060992
499     0.00573243
500     0.00654927
501     0.00611876
502     0.00598439
503     0.00584854
504     0.00618609
505     0.00577262
506     0.00574865
507     0.00585843
508     0.00600324
509     0.00561343
510     0.00645432
511     0.00559761
512      0.0058026
