2,5.34864e-04
3,5.59319e-04
4,5.77092e-04
5,5.87635e-04
6,5.91133e-04
7,5.88228e-04
8,5.79761e-04
9,5.66682e-04
10,5.50001e-04
11,5.30706e-04
12,5.09687e-04
13,4.87770e-04
14,4.65671e-04
15,4.43978e-04
16,4.23133e-04
17,4.03470e-04
18,3.85217e-04
19,3.68513e-04
20,3.53400e-04
21,3.39851e-04
22,3.27775e-04
23,3.17043e-04
24,3.07490e-04
25,2.98937e-04
26,2.91193e-04
27,2.84067e-04
28,2.77376e-04
29,2.70952e-04
30,2.64646e-04
31,2.58333e-04
32,2.51922e-04
33,2.45343e-04
34,2.38566e-04
35,2.31578e-04
36,2.24402e-04
37,2.17073e-04
38,2.09650e-04
39,2.02197e-04
40,1.94790e-04
41,1.87500e-04
42,1.80403e-04
43,1.73560e-04
44,1.67033e-04
45,1.60864e-04
46,1.55089e-04
47,1.49727e-04
48,1.44788e-04
49,1.40269e-04
50,1.36155e-04
51,1.32423e-04
52,1.29040e-04
53,1.25973e-04
54,1.23177e-04
55,1.20612e-04
56,1.18229e-04
57,1.15992e-04
58,1.13854e-04
59,1.11785e-04
60,1.09749e-04
61,1.07723e-04
62,1.05684e-04
63,1.03620e-04
64,1.01521e-04
65,9.93832e-05
66,9.72106e-05
67,9.50047e-05
68,9.27791e-05
69,9.05409e-05
70,8.83076e-05
71,8.60897e-05
72,8.39041e-05
73,8.17631e-05
74,7.96794e-05
75,7.76655e-05
76,7.57276e-05
77,7.38765e-05
78,7.21125e-05
79,7.04422e-05
80,6.88617e-05
81,6.73724e-05
82,6.59684e-05
83,6.46454e-05
84,6.33976e-05
85,6.22158e-05
86,6.10957e-05
87,6.00253e-05
88,5.90014e-05
89,5.80126e-05
90,5.70557e-05
91,5.61227e-05
92,5.52093e-05
93,5.43124e-05
94,5.34261e-05
95,5.25516e-05
96,5.16828e-05
97,5.08231e-05
98,4.99684e-05
99,4.91208e-05
100,4.82804e-05
101,4.74467e-05
102,4.66235e-05
103,4.58081e-05
104,4.50062e-05
105,4.42151e-05
106,4.34390e-05
107,4.26778e-05
108,4.19321e-05
109,4.12050e-05
110,4.04937e-05
111,3.98029e-05
112,3.91289e-05
113,3.84748e-05
114,3.78391e-05
115,3.72210e-05
116,3.66224e-05
117,3.60391e-05
118,3.54747e-05
119,3.49248e-05
120,3.43910e-05
121,3.38723e-05
122,3.33664e-05
123,3.28759e-05
124,3.23961e-05
125,3.19302e-05
126,3.14749e-05
127,3.10305e-05
128,3.05974e-05
129,3.01722e-05
130,2.97581e-05
131,2.93506e-05
132,2.89519e-05
133,2.85607e-05
134,2.81749e-05
135,2.77974e-05
136,2.74237e-05
137,2.70570e-05
138,2.66949e-05
139,2.63372e-05
140,2.59857e-05
141,2.56367e-05
142,2.52941e-05
143,2.49548e-05
144,2.46199e-05
145,2.42908e-05
146,2.39644e-05
147,2.36449e-05
148,2.33289e-05
149,2.30185e-05
150,2.27143e-05
151,2.24139e-05
152,2.21213e-05
153,2.18331e-05
154,2.15514e-05
155,2.12765e-05
156,2.10060e-05
157,2.07437e-05
158,2.04858e-05
159,2.02343e-05
160,1.99893e-05
161,1.97481e-05
162,1.95141e-05
163,1.92836e-05
164,1.90582e-05
165,1.88382e-05
166,1.86205e-05
167,1.84087e-05
168,1.81992e-05
169,1.79930e-05
170,1.77913e-05
171,1.75904e-05
172,1.73939e-05
173,1.71992e-05
174,1.70062e-05
175,1.68172e-05
176,1.66284e-05
177,1.64431e-05
178,1.62598e-05
179,1.60774e-05
180,1.58992e-05
181,1.57215e-05
182,1.55466e-05
183,1.53750e-05
184,1.52039e-05
185,1.50370e-05
186,1.48719e-05
187,1.47087e-05
188,1.45498e-05
189,1.43917e-05
190,1.42372e-05
191,1.40858e-05
192,1.39354e-05
193,1.37895e-05
194,1.36450e-05
195,1.35028e-05
196,1.33646e-05
197,1.32268e-05
198,1.30925e-05
199,1.29607e-05
200,1.28295e-05
201,1.27022e-05
202,1.25756e-05
203,1.24507e-05
204,1.23290e-05
205,1.22072e-05
206,1.20880e-05
207,1.19708e-05
208,1.18534e-05
209,1.17393e-05
210,1.16258e-05
211,1.15129e-05
212,1.14031e-05
213,1.12930e-05
214,1.11846e-05
215,1.10785e-05
216,1.09719e-05
217,1.08679e-05
218,1.07652e-05
219,1.06624e-05
220,1.05627e-05
221,1.04633e-05
222,1.03646e-05
223,1.02689e-05
224,1.01728e-05
225,1.00784e-05
226,9.98639e-06
227,9.89381e-06
228,9.80367e-06
229,9.71504e-06
230,9.62607e-06
231,9.53995e-06
232,9.45450e-06
233,9.36918e-06
234,9.28675e-06
235,9.20428e-06
236,9.12251e-06
237,9.04339e-06
238,8.96374e-06
239,8.88538e-06
240,8.80920e-06
241,8.73225e-06
242,8.65708e-06
243,8.58354e-06
244,8.50920e-06
245,8.43700e-06
246,8.36585e-06
247,8.29404e-06
248,8.22457e-06
249,8.15563e-06
250,8.08625e-06
251,8.01931e-06
252,7.95244e-06
253,7.88542e-06
254,7.82081e-06
255,7.75594e-06
256,7.69121e-06
257,7.62882e-06
258,7.56591e-06
259,7.50342e-06
260,7.44315e-06
261,7.38221e-06
262,7.32189e-06
263,7.26367e-06
264,7.20465e-06
265,7.14645e-06
266,7.09021e-06
267,7.03310e-06
268,6.97693e-06
269,6.92261e-06
270,6.86735e-06
271,6.81313e-06
272,6.76066e-06
273,6.70723e-06
274,6.65485e-06
275,6.60416e-06
276,6.55249e-06
277,6.50184e-06
278,6.45286e-06
279,6.40286e-06
280,6.35383e-06
281,6.30645e-06
282,6.25806e-06
283,6.21052e-06
284,6.16465e-06
285,6.11780e-06
286,6.07164e-06
287,6.02720e-06
288,5.98182e-06
289,5.93696e-06
290,5.89389e-06
291,5.84997e-06
292,5.80634e-06
293,5.76457e-06
294,5.72208e-06
295,5.67963e-06
296,5.63910e-06
297,5.59803e-06
298,5.55665e-06
299,5.51735e-06
300,5.47770e-06
301,5.43753e-06
302,5.39922e-06
303,5.36096e-06
304,5.32191e-06
305,5.28459e-06
306,5.24768e-06
307,5.20978e-06
308,5.17334e-06
309,5.13772e-06
310,5.10100e-06
311,5.06537e-06
312,5.03096e-06
313,4.99546e-06
314,4.96059e-06
315,4.92726e-06
316,4.89303e-06
317,4.85889e-06
318,4.82649e-06
319,4.79355e-06
320,4.76018e-06
321,4.72853e-06
322,4.69686e-06
323,4.66433e-06
324,4.63329e-06
325,4.60281e-06
326,4.57124e-06
327,4.54069e-06
328,4.51127e-06
329,4.48078e-06
330,4.45068e-06
331,4.42211e-06
332,4.39281e-06
333,4.36322e-06
334,4.33528e-06
335,4.30720e-06
336,4.27827e-06
337,4.25074e-06
338,4.22379e-06
339,4.19574e-06
340,4.16849e-06
341,4.14248e-06
342,4.11550e-06
343,4.08857e-06
344,4.06319e-06
345,4.03741e-06
346,4.01094e-06
347,3.98592e-06
348,3.96128e-06
349,3.93556e-06
350,3.91069e-06
351,3.88697e-06
352,3.86227e-06
353,3.83758e-06
354,3.81439e-06
355,3.79088e-06
356,3.76658e-06
357,3.74359e-06
358,3.72115e-06
359,3.69762e-06
360,3.67465e-06
361,3.65297e-06
362,3.63051e-06
363,3.60768e-06
364,3.58629e-06
365,3.56498e-06
366,3.54266e-06
367,3.52125e-06
368,3.50083e-06
369,3.47945e-06
370,3.45801e-06
371,3.43800e-06
372,3.41776e-06
373,3.39665e-06
374,3.37660e-06
375,3.35733e-06
376,3.33704e-06
377,3.31687e-06
378,3.29806e-06
379,3.27890e-06
380,3.25893e-06
381,3.24006e-06
382,3.22190e-06
383,3.20271e-06
384,3.18363e-06
385,3.16590e-06
386,3.14784e-06
387,3.12895e-06
388,3.11108e-06
389,3.09397e-06
390,3.07588e-06
391,3.05777e-06
392,3.04098e-06
393,3.02403e-06
394,3.00616e-06
395,2.98913e-06
396,2.97301e-06
397,2.95604e-06
398,2.93878e-06
399,2.92279e-06
400,2.90694e-06
401,2.89008e-06
402,2.87373e-06
403,2.85851e-06
404,2.84268e-06
405,2.82623e-06
406,2.81086e-06
407,2.79605e-06
408,2.78025e-06
409,2.76449e-06
410,2.74996e-06
411,2.73530e-06
412,2.71970e-06
413,2.70478e-06
414,2.69085e-06
415,2.67622e-06
416,2.66105e-06
417,2.64697e-06
418,2.63338e-06
419,2.61882e-06
420,2.60427e-06
421,2.59092e-06
422,2.57748e-06
423,2.56311e-06
424,2.54928e-06
425,2.53647e-06
426,2.52312e-06
427,2.50909e-06
428,2.49597e-06
429,2.48355e-06
430,2.47028e-06
431,2.45671e-06
432,2.44425e-06
433,2.43208e-06
434,2.41894e-06
435,2.40591e-06
436,2.39402e-06
437,2.38201e-06
438,2.36909e-06
439,2.35664e-06
440,2.34520e-06
441,2.33332e-06
442,2.32069e-06
443,2.30880e-06
444,2.29773e-06
445,2.28598e-06
446,2.27369e-06
447,2.26233e-06
448,2.25156e-06
449,2.23996e-06
450,2.22805e-06
451,2.21717e-06
452,2.20664e-06
453,2.19522e-06
454,2.18370e-06
455,2.17325e-06
456,2.16295e-06
457,2.15172e-06
458,2.14060e-06
459,2.13053e-06
460,2.12043e-06
461,2.10944e-06
462,2.09868e-06
463,2.08895e-06
464,2.07906e-06
465,2.06831e-06
466,2.05791e-06
467,2.04849e-06
468,2.03881e-06
469,2.02831e-06
470,2.01823e-06
471,2.00909e-06
472,1.99964e-06
473,1.98939e-06
474,1.97960e-06
475,1.97072e-06
476,1.96151e-06
477,1.95151e-06
478,1.94198e-06
479,1.93336e-06
480,1.92439e-06
481,1.91465e-06
482,1.90535e-06
483,1.89695e-06
484,1.88825e-06
485,1.87876e-06
486,1.86966e-06
487,1.86147e-06
488,1.85304e-06
489,1.84381e-06
490,1.83489e-06
491,1.82690e-06
492,1.81874e-06
493,1.80977e-06
494,1.80101e-06
495,1.79318e-06
496,1.78532e-06
497,1.77661e-06
498,1.76800e-06
499,1.76031e-06
500,1.75272e-06
501,1.74431e-06
502,1.73583e-06
503,1.72825e-06
504,1.72093e-06
505,1.71284e-06
506,1.70449e-06
507,1.69698e-06
508,1.68991e-06
509,1.68215e-06
510,1.67396e-06
511,1.66648e-06
512,1.65962e-06
