2,6.70438e-03
3,5.98537e-03
4,5.23216e-03
5,4.53992e-03
6,3.94706e-03
7,3.46094e-03
8,3.07172e-03
9,2.76182e-03
10,2.51216e-03
11,2.30561e-03
12,2.12866e-03
13,1.97170e-03
14,1.82862e-03
15,1.69601e-03
16,1.57235e-03
17,1.45722e-03
18,1.35069e-03
19,1.25295e-03
20,1.16403e-03
21,1.08372e-03
22,1.01156e-03
23,9.46875e-04
24,8.88877e-04
25,8.36713e-04
26,7.89566e-04
27,7.46665e-04
28,7.07356e-04
29,6.71080e-04
30,6.37402e-04
31,6.05972e-04
32,5.76539e-04
33,5.48909e-04
34,5.22941e-04
35,4.98527e-04
36,4.75578e-04
37,4.54019e-04
38,4.33775e-04
39,4.14778e-04
40,3.96949e-04
41,3.80222e-04
42,3.64512e-04
43,3.49754e-04
44,3.35866e-04
45,3.22788e-04
46,3.10444e-04
47,2.98785e-04
48,2.87747e-04
49,2.77288e-04
50,2.67359e-04
51,2.57926e-04
52,2.48950e-04
53,2.40404e-04
54,2.32261e-04
55,2.24494e-04
56,2.17087e-04
57,2.10013e-04
58,2.03261e-04
59,1.96805e-04
60,1.90639e-04
61,1.84739e-04
62,1.79098e-04
63,1.73696e-04
64,1.68525e-04
65,1.63570e-04
66,1.58820e-04
67,1.54265e-04
68,1.49892e-04
69,1.45696e-04
70,1.41661e-04
71,1.37788e-04
72,1.34057e-04
73,1.30473e-04
74,1.27019e-04
75,1.23694e-04
76,1.20490e-04
77,1.17401e-04
78,1.14425e-04
79,1.11550e-04
80,1.08781e-04
81,1.06102e-04
82,1.03520e-04
83,1.01022e-04
84,9.86108e-05
85,9.62785e-05
86,9.40229e-05
87,9.18432e-05
88,8.97306e-05
89,8.76903e-05
90,8.57100e-05
91,8.37968e-05
92,8.19395e-05
93,8.01421e-05
94,7.83992e-05
95,7.67079e-05
96,7.50705e-05
97,7.34778e-05
98,7.19369e-05
99,7.04366e-05
100,6.89836e-05
101,6.75704e-05
102,6.61977e-05
103,6.48657e-05
104,6.35676e-05
105,6.23103e-05
106,6.10830e-05
107,5.98934e-05
108,5.87335e-05
109,5.76057e-05
110,5.65094e-05
111,5.54391e-05
112,5.44014e-05
113,5.33861e-05
114,5.24012e-05
115,5.14393e-05
116,5.05022e-05
117,4.95909e-05
118,4.86989e-05
119,4.78338e-05
120,4.69857e-05
121,4.61618e-05
122,4.53568e-05
123,4.45703e-05
124,4.38060e-05
125,4.30555e-05
126,4.23275e-05
127,4.16131e-05
128,4.09171e-05
129,4.02381e-05
130,3.95719e-05
131,3.89254e-05
132,3.82891e-05
133,3.76706e-05
134,3.70648e-05
135,3.64714e-05
136,3.58946e-05
137,3.53259e-05
138,3.47742e-05
139,3.42316e-05
140,3.37012e-05
141,3.31844e-05
142,3.26747e-05
143,3.21804e-05
144,3.16929e-05
145,3.12172e-05
146,3.07525e-05
147,3.02942e-05
148,2.98498e-05
149,2.94104e-05
150,2.89822e-05
151,2.85632e-05
152,2.81497e-05
153,2.77488e-05
154,2.73518e-05
155,2.69650e-05
156,2.65862e-05
157,2.62119e-05
158,2.58492e-05
159,2.54895e-05
160,2.51389e-05
161,2.47956e-05
162,2.44557e-05
163,2.41267e-05
164,2.38000e-05
165,2.34811e-05
166,2.31694e-05
167,2.28599e-05
168,2.25605e-05
169,2.22633e-05
170,2.19722e-05
171,2.16886e-05
172,2.14061e-05
173,2.11327e-05
174,2.08620e-05
175,2.05954e-05
176,2.03368e-05
177,2.00785e-05
178,1.98280e-05
179,1.95811e-05
180,1.93363e-05
181,1.90998e-05
182,1.88635e-05
183,1.86329e-05
184,1.84076e-05
185,1.81824e-05
186,1.79651e-05
187,1.77490e-05
188,1.75360e-05
189,1.73298e-05
190,1.71228e-05
191,1.69217e-05
192,1.67246e-05
193,1.65275e-05
194,1.63377e-05
195,1.61480e-05
196,1.59614e-05
197,1.57807e-05
198,1.55987e-05
199,1.54226e-05
200,1.52491e-05
201,1.50756e-05
202,1.49088e-05
203,1.47418e-05
204,1.45772e-05
205,1.44182e-05
206,1.42576e-05
207,1.41020e-05
208,1.39493e-05
209,1.37957e-05
210,1.36483e-05
211,1.35010e-05
212,1.33548e-05
213,1.32144e-05
214,1.30724e-05
215,1.29338e-05
216,1.27992e-05
217,1.26626e-05
218,1.25313e-05
219,1.24015e-05
220,1.22708e-05
221,1.21460e-05
222,1.20206e-05
223,1.18961e-05
224,1.17768e-05
225,1.16557e-05
226,1.15374e-05
227,1.14229e-05
228,1.13062e-05
229,1.11937e-05
230,1.10834e-05
231,1.09712e-05
232,1.08642e-05
233,1.07575e-05
234,1.06501e-05
235,1.05480e-05
236,1.04448e-05
237,1.03422e-05
238,1.02444e-05
239,1.01446e-05
240,1.00466e-05
241,9.95265e-06
242,9.85622e-06
243,9.76279e-06
244,9.67225e-06
245,9.57923e-06
246,9.49006e-06
247,9.40265e-06
248,9.31304e-06
249,9.22781e-06
250,9.14331e-06
251,9.05712e-06
252,8.97556e-06
253,8.89381e-06
254,8.81094e-06
255,8.73276e-06
256,8.65367e-06
257,8.57404e-06
258,8.49898e-06
259,8.42246e-06
260,8.34594e-06
261,8.27379e-06
262,8.19978e-06
263,8.12622e-06
264,8.05679e-06
265,7.98523e-06
266,7.91447e-06
267,7.84760e-06
268,7.77843e-06
269,7.71033e-06
270,7.64591e-06
271,7.57906e-06
272,7.51342e-06
273,7.45131e-06
274,7.38675e-06
275,7.32343e-06
276,7.26357e-06
277,7.20120e-06
278,7.14004e-06
279,7.08231e-06
280,7.02210e-06
281,6.96296e-06
282,6.90728e-06
283,6.84918e-06
284,6.79191e-06
285,6.73819e-06
286,6.68217e-06
287,6.62665e-06
288,6.57480e-06
289,6.52082e-06
290,6.46692e-06
291,6.41680e-06
292,6.36484e-06
293,6.31250e-06
294,6.26401e-06
295,6.21406e-06
296,6.16319e-06
297,6.11616e-06
298,6.06822e-06
299,6.01879e-06
300,5.97308e-06
301,5.92711e-06
302,5.87911e-06
303,5.83455e-06
304,5.79049e-06
305,5.74398e-06
306,5.70041e-06
307,5.65817e-06
308,5.61322e-06
309,5.57049e-06
310,5.52993e-06
311,5.48667e-06
312,5.44468e-06
313,5.40559e-06
314,5.36412e-06
315,5.32284e-06
316,5.28496e-06
317,5.24538e-06
318,5.20488e-06
319,5.16790e-06
320,5.13025e-06
321,5.09069e-06
322,5.05431e-06
323,5.01850e-06
324,4.98014e-06
325,4.94412e-06
326,4.90994e-06
327,4.87307e-06
328,4.83730e-06
329,4.80438e-06
330,4.76929e-06
331,4.73383e-06
332,4.70172e-06
333,4.66854e-06
334,4.63367e-06
335,4.60190e-06
336,4.57058e-06
337,4.53672e-06
338,4.50496e-06
339,4.47516e-06
340,4.44280e-06
341,4.41098e-06
342,4.38215e-06
343,4.35164e-06
344,4.32000e-06
345,4.29152e-06
346,4.26293e-06
347,4.23200e-06
348,4.20336e-06
349,4.17637e-06
350,4.14680e-06
351,4.11785e-06
352,4.09178e-06
353,4.06408e-06
354,4.03514e-06
355,4.00921e-06
356,3.98342e-06
357,3.95520e-06
358,3.92885e-06
359,3.90450e-06
360,3.87780e-06
361,3.85101e-06
362,3.82721e-06
363,3.80247e-06
364,3.77584e-06
365,3.75173e-06
366,3.72875e-06
367,3.70323e-06
368,3.67845e-06
369,3.65636e-06
370,3.63272e-06
371,3.60771e-06
372,3.58544e-06
373,3.56371e-06
374,3.53950e-06
375,3.51645e-06
376,3.49582e-06
377,3.47337e-06
378,3.44985e-06
379,3.42911e-06
380,3.40864e-06
381,3.38575e-06
382,3.36412e-06
383,3.34480e-06
384,3.32367e-06
385,3.30146e-06
386,3.28194e-06
387,3.26280e-06
388,3.24124e-06
389,3.22072e-06
390,3.20260e-06
391,3.18289e-06
392,3.16183e-06
393,3.14327e-06
394,3.12548e-06
395,3.10529e-06
396,3.08562e-06
397,3.06853e-06
398,3.05035e-06
399,3.03036e-06
400,3.01246e-06
401,2.99598e-06
402,2.97729e-06
403,2.95828e-06
404,2.94193e-06
405,2.92535e-06
406,2.90654e-06
407,2.88901e-06
408,2.87362e-06
409,2.85661e-06
410,2.83829e-06
411,2.82229e-06
412,2.80722e-06
413,2.78986e-06
414,2.77256e-06
415,2.75781e-06
416,2.74259e-06
417,2.72525e-06
418,2.70924e-06
419,2.69527e-06
420,2.67973e-06
421,2.66283e-06
422,2.64813e-06
423,2.63449e-06
424,2.61869e-06
425,2.60260e-06
426,2.58900e-06
427,2.57537e-06
428,2.55953e-06
429,2.54446e-06
430,2.53166e-06
431,2.51788e-06
432,2.50227e-06
433,2.48826e-06
434,2.47599e-06
435,2.46203e-06
436,2.44688e-06
437,2.43386e-06
438,2.42187e-06
439,2.40781e-06
440,2.39330e-06
441,2.38114e-06
442,2.36927e-06
443,2.35523e-06
444,2.34144e-06
445,2.32998e-06
446,2.31814e-06
447,2.30424e-06
448,2.29119e-06
449,2.28029e-06
450,2.26847e-06
451,2.25482e-06
452,2.24248e-06
453,2.23201e-06
454,2.22022e-06
455,2.20690e-06
456,2.19522e-06
457,2.18509e-06
458,2.17337e-06
459,2.16042e-06
460,2.14933e-06
461,2.13949e-06
462,2.12788e-06
463,2.11532e-06
464,2.10474e-06
465,2.09517e-06
466,2.08372e-06
467,2.07154e-06
468,2.06141e-06
469,2.05209e-06
470,2.04085e-06
471,2.02902e-06
472,2.01927e-06
473,2.01021e-06
474,1.99921e-06
475,1.98771e-06
476,1.97829e-06
477,1.96950e-06
478,1.95877e-06
479,1.94757e-06
480,1.93842e-06
481,1.92991e-06
482,1.91949e-06
483,1.90855e-06
484,1.89962e-06
485,1.89140e-06
486,1.88133e-06
487,1.87062e-06
488,1.86186e-06
489,1.85394e-06
490,1.84424e-06
491,1.83374e-06
492,1.82509e-06
493,1.81747e-06
494,1.80819e-06
495,1.79790e-06
496,1.78930e-06
497,1.78195e-06
498,1.77313e-06
499,1.76305e-06
500,1.75445e-06
501,1.74733e-06
502,1.73901e-06
503,1.72919e-06
504,1.72053e-06
505,1.71359e-06
506,1.70578e-06
507,1.69628e-06
508,1.68754e-06
509,1.68068e-06
510,1.67340e-06
511,1.66429e-06
512,1.65546e-06
