2,2.17880e-03
3,1.77521e-03
4,1.48398e-03
5,1.26421e-03
6,1.08935e-03
7,9.51868e-04
8,8.38377e-04
9,7.47433e-04
10,6.69939e-04
11,6.06669e-04
12,5.51030e-04
13,5.04674e-04
14,4.62811e-04
15,4.27194e-04
16,3.94508e-04
17,3.66078e-04
18,3.39934e-04
19,3.16594e-04
20,2.95425e-04
21,2.75870e-04
22,2.58673e-04
23,2.42024e-04
24,2.28091e-04
25,2.13712e-04
26,2.02489e-04
27,1.89906e-04
28,1.80925e-04
29,1.69785e-04
30,1.62627e-04
31,1.52685e-04
32,1.46964e-04
33,1.38068e-04
34,1.33421e-04
35,1.25506e-04
36,1.21588e-04
37,1.14654e-04
38,1.11144e-04
39,1.05234e-04
40,1.01847e-04
41,9.70149e-05
42,9.35207e-05
43,8.97960e-05
44,8.60447e-05
45,8.33982e-05
46,7.93427e-05
47,7.76577e-05
48,7.33689e-05
49,7.24266e-05
50,6.80933e-05
51,6.75804e-05
52,6.34847e-05
53,6.30271e-05
54,5.94942e-05
55,5.87180e-05
56,5.60428e-05
57,5.46536e-05
58,5.30163e-05
59,5.08798e-05
60,5.02730e-05
61,4.74723e-05
62,4.76643e-05
63,4.45088e-05
64,4.50659e-05
65,4.20327e-05
66,4.24125e-05
67,4.00209e-05
68,3.96233e-05
69,3.83677e-05
70,3.71037e-05
71,3.68958e-05
72,3.47174e-05
73,3.54017e-05
74,3.27261e-05
75,3.37235e-05
76,3.12175e-05
77,3.18098e-05
78,3.01472e-05
79,2.97567e-05
80,2.93284e-05
81,2.77857e-05
82,2.84878e-05
83,2.61563e-05
84,2.73775e-05
85,2.50395e-05
86,2.58998e-05
87,2.44112e-05
88,2.41787e-05
89,2.40295e-05
90,2.25240e-05
91,2.35316e-05
92,2.12802e-05
93,2.26218e-05
94,2.06257e-05
95,2.12553e-05
96,2.04361e-05
97,1.97001e-05
98,2.03172e-05
99,1.84037e-05
100,1.98246e-05
101,1.77161e-05
102,1.87568e-05
103,1.76311e-05
104,1.73271e-05
105,1.77426e-05
106,1.60585e-05
107,1.74935e-05
108,1.54252e-05
109,1.65817e-05
110,1.54757e-05
111,1.52282e-05
112,1.57416e-05
113,1.40553e-05
114,1.55648e-05
115,1.36062e-05
116,1.46374e-05
117,1.38632e-05
118,1.33091e-05
119,1.42015e-05
120,1.23408e-05
121,1.38986e-05
122,1.22311e-05
123,1.28072e-05
124,1.27142e-05
125,1.15549e-05
126,1.29425e-05
127,1.09907e-05
128,1.22895e-05
129,1.13324e-05
130,1.10217e-05
131,1.18769e-05
132,1.00954e-05
133,1.16762e-05
134,1.01687e-05
135,1.05673e-05
136,1.08344e-05
137,9.42523e-06
138,1.09970e-05
139,9.22921e-06
140,1.01070e-05
141,9.90106e-06
142,8.86880e-06
143,1.03142e-05
144,8.46904e-06
145,9.61933e-06
146,9.11186e-06
147,8.35222e-06
148,9.67882e-06
149,7.83639e-06
150,9.10878e-06
151,8.47092e-06
152,7.83573e-06
153,9.11785e-06
154,7.29554e-06
155,8.58051e-06
156,7.97152e-06
157,7.30287e-06
158,8.63359e-06
159,6.83434e-06
160,8.02881e-06
161,7.60560e-06
162,6.75461e-06
163,8.20516e-06
164,6.46435e-06
165,7.43733e-06
166,7.36137e-06
167,6.21186e-06
168,7.78821e-06
169,6.21528e-06
170,6.79003e-06
171,7.21005e-06
172,5.72359e-06
173,7.31750e-06
174,6.11928e-06
175,6.09399e-06
176,7.08666e-06
177,5.37056e-06
178,6.72387e-06
179,6.17872e-06
180,5.41060e-06
181,6.87797e-06
182,5.24640e-06
183,5.97762e-06
184,6.32003e-06
185,4.87579e-06
186,6.44591e-06
187,5.39707e-06
188,5.15487e-06
189,6.36266e-06
190,4.66847e-06
191,5.71329e-06
192,5.72558e-06
193,4.48156e-06
194,6.06516e-06
195,4.88691e-06
196,4.79792e-06
197,5.94095e-06
198,4.26146e-06
199,5.30285e-06
200,5.36496e-06
201,4.08018e-06
202,5.64197e-06
203,4.62189e-06
204,4.30994e-06
205,5.60517e-06
206,4.00532e-06
207,4.74150e-06
208,5.21194e-06
209,3.70409e-06
210,5.12172e-06
211,4.60210e-06
212,3.74487e-06
213,5.27272e-06
214,3.98551e-06
215,4.02582e-06
216,5.13766e-06
217,3.52583e-06
218,4.38946e-06
219,4.76685e-06
220,3.30164e-06
221,4.69130e-06
222,4.26895e-06
223,3.30695e-06
224,4.84023e-06
225,3.76089e-06
226,3.47907e-06
227,4.80760e-06
228,3.33283e-06
229,3.73352e-06
230,4.61459e-06
231,3.03371e-06
232,3.99219e-06
233,4.31044e-06
234,2.87342e-06
235,4.19930e-06
236,3.95172e-06
237,2.83397e-06
238,4.32560e-06
239,3.58786e-06
240,2.88292e-06
241,4.36489e-06
242,3.25398e-06
243,2.98472e-06
244,4.32698e-06
245,2.96959e-06
246,3.10942e-06
247,4.22964e-06
248,2.74102e-06
249,3.22804e-06
250,4.09159e-06
251,2.56530e-06
252,3.33393e-06
253,3.93838e-06
254,2.43402e-06
255,3.41354e-06
256,3.77899e-06
257,2.33664e-06
258,3.46584e-06
259,3.62714e-06
260,2.26262e-06
261,3.49172e-06
262,3.49067e-06
263,2.20279e-06
264,3.49366e-06
265,3.37439e-06
266,2.14995e-06
267,3.47454e-06
268,3.28099e-06
269,2.09914e-06
270,3.43667e-06
271,3.21164e-06
272,2.04758e-06
273,3.38139e-06
274,3.16655e-06
275,1.99460e-06
276,3.30876e-06
277,3.14506e-06
278,1.94162e-06
279,3.21767e-06
280,3.14567e-06
281,1.89205e-06
282,3.10616e-06
283,3.16566e-06
284,1.85125e-06
285,2.97175e-06
286,3.20047e-06
287,1.82642e-06
288,2.81259e-06
289,3.24330e-06
290,1.82609e-06
291,2.62837e-06
292,3.28439e-06
293,1.85937e-06
294,2.42181e-06
295,3.31076e-06
296,1.93447e-06
297,2.20021e-06
298,3.30637e-06
299,2.05662e-06
300,1.97677e-06
301,3.25468e-06
302,2.22536e-06
303,1.77126e-06
304,3.13876e-06
305,2.43147e-06
306,1.60932e-06
307,2.94790e-06
308,2.65523e-06
309,1.51966e-06
310,2.68144e-06
311,2.86416e-06
312,1.52862e-06
313,2.35434e-06
314,3.01668e-06
315,1.65233e-06
316,2.00066e-06
317,3.06778e-06
318,1.88736e-06
319,1.67352e-06
320,2.98031e-06
321,2.20314e-06
322,1.43752e-06
323,2.73936e-06
324,2.53847e-06
325,1.35479e-06
326,2.36641e-06
327,2.80878e-06
328,1.46352e-06
329,1.92703e-06
330,2.92445e-06
331,1.75573e-06
332,1.52526e-06
333,2.82058e-06
334,2.16288e-06
335,1.27984e-06
336,2.48992e-06
337,2.56026e-06
338,1.28342e-06
339,2.00552e-06
340,2.79817e-06
341,1.55614e-06
342,1.51636e-06
343,2.75733e-06
344,2.01396e-06
345,1.20515e-06
346,2.41172e-06
347,2.47676e-06
348,1.21295e-06
349,1.86782e-06
350,2.72697e-06
351,1.55798e-06
352,1.34734e-06
353,2.61240e-06
354,2.09368e-06
355,1.09958e-06
356,2.14360e-06
357,2.54691e-06
358,1.26848e-06
359,1.53018e-06
360,2.64820e-06
361,1.78281e-06
362,1.09781e-06
363,2.29452e-06
364,2.35128e-06
365,1.11104e-06
366,1.65445e-06
367,2.60613e-06
368,1.58241e-06
369,1.11013e-06
370,2.33983e-06
371,2.21300e-06
372,1.02904e-06
373,1.68648e-06
374,2.55046e-06
375,1.48787e-06
376,1.08525e-06
377,2.30729e-06
378,2.15914e-06
379,9.88785e-07
380,1.62090e-06
381,2.50634e-06
382,1.49171e-06
383,1.01165e-06
384,2.20424e-06
385,2.18918e-06
386,9.91300e-07
387,1.46154e-06
388,2.46017e-06
389,1.59573e-06
390,9.11848e-07
391,2.01474e-06
392,2.27832e-06
393,1.06949e-06
394,1.22523e-06
395,2.36278e-06
396,1.79918e-06
397,8.44877e-07
398,1.71643e-06
399,2.36547e-06
400,1.27095e-06
401,9.64862e-07
402,2.14152e-06
403,2.06594e-06
404,9.03794e-07
405,1.32015e-06
406,2.34290e-06
407,1.61531e-06
408,7.94247e-07
409,1.74188e-06
410,2.28438e-06
411,1.17905e-06
412,9.25440e-07
413,2.08396e-06
414,2.02414e-06
415,8.73357e-07
416,1.21120e-06
417,2.26497e-06
418,1.66302e-06
419,7.44400e-07
420,1.54763e-06
421,2.27064e-06
422,1.29863e-06
423,7.79536e-07
424,1.84982e-06
425,2.13422e-06
426,9.99215e-07
427,9.32370e-07
428,2.06753e-06
429,1.90886e-06
430,7.97009e-07
431,1.14719e-06
432,2.18503e-06
433,1.64851e-06
434,6.94323e-07
435,1.37547e-06
436,2.21049e-06
437,1.39430e-06
438,6.74650e-07
439,1.58376e-06
440,2.16574e-06
441,1.17206e-06
442,7.13388e-07
443,1.75385e-06
444,2.07626e-06
445,9.92832e-07
446,7.85582e-07
447,1.88033e-06
448,1.96533e-06
449,8.57483e-07
450,8.70214e-07
451,1.96601e-06
452,1.85127e-06
453,7.60508e-07
454,9.51791e-07
455,2.01800e-06
456,1.74684e-06
457,6.93865e-07
458,1.01999e-06
459,2.04465e-06
460,1.66004e-06
461,6.49347e-07
462,1.06872e-06
463,2.05358e-06
464,1.59535e-06
465,6.20108e-07
466,1.09482e-06
467,2.05063e-06
468,1.55486e-06
469,6.01442e-07
470,1.09695e-06
471,2.03925e-06
472,1.53925e-06
473,5.91092e-07
474,1.07492e-06
475,2.02042e-06
476,1.54828e-06
477,5.89311e-07
478,1.02936e-06
479,1.99266e-06
480,1.58081e-06
481,5.98736e-07
482,9.61913e-07
483,1.95219e-06
484,1.63455e-06
485,6.24126e-07
486,8.75665e-07
487,1.89336e-06
488,1.70536e-06
489,6.71814e-07
490,7.75996e-07
491,1.80935e-06
492,1.78636e-06
493,7.48776e-07
494,6.71461e-07
495,1.69336e-06
496,1.86707e-06
497,8.61106e-07
498,5.74553e-07
499,1.54050e-06
500,1.93291e-06
501,1.01184e-06
502,5.01858e-07
503,1.35026e-06
504,1.96548e-06
505,1.19818e-06
506,4.73083e-07
507,1.12947e-06
508,1.94440e-06
509,1.40855e-06
510,5.08374e-07
511,8.94977e-07
512,1.85092e-06
