2,1.13479e-03
3,1.09283e-03
4,1.04583e-03
5,9.96714e-04
6,9.46807e-04
7,8.96915e-04
8,8.47560e-04
9,7.99134e-04
10,7.52072e-04
11,7.06763e-04
12,6.63520e-04
13,6.22642e-04
14,5.84397e-04
15,5.48955e-04
16,5.16394e-04
17,4.86727e-04
18,4.59920e-04
19,4.35880e-04
20,4.14455e-04
21,3.95449e-04
22,3.78631e-04
23,3.63753e-04
24,3.50553e-04
25,3.38771e-04
26,3.28148e-04
27,3.18437e-04
28,3.09410e-04
29,3.00860e-04
30,2.92607e-04
31,2.84502e-04
32,2.76430e-04
33,2.68310e-04
34,2.60092e-04
35,2.51760e-04
36,2.43322e-04
37,2.34813e-04
38,2.26283e-04
39,2.17795e-04
40,2.09419e-04
41,2.01227e-04
42,1.93289e-04
43,1.85668e-04
44,1.78419e-04
45,1.71586e-04
46,1.65199e-04
47,1.59276e-04
48,1.53823e-04
49,1.48834e-04
50,1.44293e-04
51,1.40170e-04
52,1.36434e-04
53,1.33042e-04
54,1.29952e-04
55,1.27116e-04
56,1.24487e-04
57,1.22020e-04
58,1.19671e-04
59,1.17403e-04
60,1.15179e-04
61,1.12973e-04
62,1.10761e-04
63,1.08529e-04
64,1.06265e-04
65,1.03966e-04
66,1.01631e-04
67,9.92667e-05
68,9.68816e-05
69,9.44880e-05
70,9.20992e-05
71,8.97299e-05
72,8.73958e-05
73,8.51103e-05
74,8.28883e-05
75,8.07398e-05
76,7.86764e-05
77,7.67039e-05
78,7.48287e-05
79,7.30524e-05
80,7.13758e-05
81,6.97969e-05
82,6.83113e-05
83,6.69146e-05
84,6.55985e-05
85,6.43569e-05
86,6.31798e-05
87,6.20599e-05
88,6.09879e-05
89,5.99562e-05
90,5.89576e-05
91,5.79848e-05
92,5.70336e-05
93,5.60976e-05
94,5.51747e-05
95,5.42607e-05
96,5.33547e-05
97,5.24548e-05
98,5.15604e-05
99,5.06723e-05
100,4.97898e-05
101,4.89153e-05
102,4.80486e-05
103,4.71924e-05
104,4.63475e-05
105,4.55158e-05
106,4.46993e-05
107,4.38985e-05
108,4.31163e-05
109,4.23521e-05
110,4.16083e-05
111,4.08846e-05
112,4.01815e-05
113,3.94998e-05
114,3.88379e-05
115,3.81972e-05
116,3.75755e-05
117,3.69733e-05
118,3.63891e-05
119,3.58220e-05
120,3.52720e-05
121,3.47368e-05
122,3.42171e-05
123,3.37108e-05
124,3.32179e-05
125,3.27374e-05
126,3.22682e-05
127,3.18106e-05
128,3.13624e-05
129,3.09244e-05
130,3.04950e-05
131,3.00738e-05
132,2.96608e-05
133,2.92542e-05
134,2.88552e-05
135,2.84619e-05
136,2.80747e-05
137,2.76934e-05
138,2.73169e-05
139,2.69464e-05
140,2.65802e-05
141,2.62194e-05
142,2.58635e-05
143,2.55120e-05
144,2.51661e-05
145,2.48245e-05
146,2.44886e-05
147,2.41579e-05
148,2.38323e-05
149,2.35130e-05
150,2.31987e-05
151,2.28910e-05
152,2.25892e-05
153,2.22933e-05
154,2.20045e-05
155,2.17212e-05
156,2.14449e-05
157,2.11747e-05
158,2.09104e-05
159,2.06527e-05
160,2.04002e-05
161,2.01538e-05
162,1.99126e-05
163,1.96761e-05
164,1.94452e-05
165,1.92180e-05
166,1.89955e-05
167,1.87770e-05
168,1.85617e-05
169,1.83505e-05
170,1.81418e-05
171,1.79363e-05
172,1.77338e-05
173,1.75332e-05
174,1.73357e-05
175,1.71401e-05
176,1.69468e-05
177,1.67561e-05
178,1.65670e-05
179,1.63807e-05
180,1.61965e-05
181,1.60143e-05
182,1.58352e-05
183,1.56579e-05
184,1.54833e-05
185,1.53116e-05
186,1.51419e-05
187,1.49756e-05
188,1.48116e-05
189,1.46502e-05
190,1.44921e-05
191,1.43362e-05
192,1.41833e-05
193,1.40333e-05
194,1.38853e-05
195,1.37407e-05
196,1.35982e-05
197,1.34581e-05
198,1.33208e-05
199,1.31852e-05
200,1.30522e-05
201,1.29213e-05
202,1.27918e-05
203,1.26649e-05
204,1.25394e-05
205,1.24154e-05
206,1.22937e-05
207,1.21728e-05
208,1.20538e-05
209,1.19365e-05
210,1.18200e-05
211,1.17054e-05
212,1.15921e-05
213,1.14796e-05
214,1.13692e-05
215,1.12596e-05
216,1.11513e-05
217,1.10448e-05
218,1.09390e-05
219,1.08348e-05
220,1.07322e-05
221,1.06303e-05
222,1.05303e-05
223,1.04315e-05
224,1.03337e-05
225,1.02377e-05
226,1.01428e-05
227,1.00489e-05
228,9.95698e-06
229,9.86574e-06
230,9.77587e-06
231,9.68764e-06
232,9.60001e-06
233,9.51390e-06
234,9.42914e-06
235,9.34493e-06
236,9.26232e-06
237,9.18076e-06
238,9.09979e-06
239,9.02041e-06
240,8.94180e-06
241,8.86385e-06
242,8.78744e-06
243,8.71158e-06
244,8.63647e-06
245,8.56280e-06
246,8.48951e-06
247,8.41707e-06
248,8.34593e-06
249,8.27506e-06
250,8.20512e-06
251,8.13635e-06
252,8.06778e-06
253,8.00023e-06
254,7.93371e-06
255,7.86738e-06
256,7.80212e-06
257,7.73780e-06
258,7.67365e-06
259,7.61063e-06
260,7.54844e-06
261,7.48644e-06
262,7.42558e-06
263,7.36548e-06
264,7.30558e-06
265,7.24682e-06
266,7.18874e-06
267,7.13087e-06
268,7.07413e-06
269,7.01803e-06
270,6.96213e-06
271,6.90733e-06
272,6.85314e-06
273,6.79913e-06
274,6.74619e-06
275,6.69383e-06
276,6.64161e-06
277,6.59043e-06
278,6.53981e-06
279,6.48929e-06
280,6.43976e-06
281,6.39078e-06
282,6.34186e-06
283,6.29387e-06
284,6.24644e-06
285,6.19903e-06
286,6.15248e-06
287,6.10653e-06
288,6.06056e-06
289,6.01539e-06
290,5.97086e-06
291,5.92630e-06
292,5.88244e-06
293,5.83929e-06
294,5.79610e-06
295,5.75351e-06
296,5.71169e-06
297,5.66983e-06
298,5.62846e-06
299,5.58792e-06
300,5.54737e-06
301,5.50719e-06
302,5.46786e-06
303,5.42860e-06
304,5.38956e-06
305,5.35139e-06
306,5.31338e-06
307,5.27547e-06
308,5.23838e-06
309,5.20159e-06
310,5.16478e-06
311,5.12872e-06
312,5.09310e-06
313,5.05738e-06
314,5.02228e-06
315,4.98776e-06
316,4.95314e-06
317,4.91895e-06
318,4.88545e-06
319,4.85191e-06
320,4.81860e-06
321,4.78604e-06
322,4.75356e-06
323,4.72112e-06
324,4.68941e-06
325,4.65795e-06
326,4.62639e-06
327,4.59545e-06
328,4.56495e-06
329,4.53431e-06
330,4.50408e-06
331,4.47447e-06
332,4.44476e-06
333,4.41525e-06
334,4.38642e-06
335,4.35765e-06
336,4.32887e-06
337,4.30073e-06
338,4.27289e-06
339,4.24489e-06
340,4.21737e-06
341,4.19036e-06
342,4.16322e-06
343,4.13630e-06
344,4.11001e-06
345,4.08374e-06
346,4.05745e-06
347,4.03177e-06
348,4.00635e-06
349,3.98077e-06
350,3.95561e-06
351,3.93094e-06
352,3.90614e-06
353,3.88149e-06
354,3.85745e-06
355,3.83346e-06
356,3.80938e-06
357,3.78583e-06
358,3.76260e-06
359,3.73920e-06
360,3.71607e-06
361,3.69348e-06
362,3.67083e-06
363,3.64816e-06
364,3.62605e-06
365,3.60414e-06
366,3.58206e-06
367,3.56032e-06
368,3.53904e-06
369,3.51765e-06
370,3.49630e-06
371,3.47549e-06
372,3.45481e-06
373,3.43397e-06
374,3.41350e-06
375,3.39344e-06
376,3.37324e-06
377,3.35310e-06
378,3.33348e-06
379,3.31398e-06
380,3.29430e-06
381,3.27498e-06
382,3.25606e-06
383,3.23700e-06
384,3.21798e-06
385,3.19944e-06
386,3.18105e-06
387,3.16248e-06
388,3.14419e-06
389,3.12633e-06
390,3.10836e-06
391,3.09036e-06
392,3.07282e-06
393,3.05548e-06
394,3.03794e-06
395,3.02060e-06
396,3.00371e-06
397,2.98679e-06
398,2.96975e-06
399,2.95309e-06
400,2.93672e-06
401,2.92019e-06
402,2.90372e-06
403,2.88769e-06
404,2.87176e-06
405,2.85564e-06
406,2.83977e-06
407,2.82429e-06
408,2.80873e-06
409,2.79308e-06
410,2.77781e-06
411,2.76279e-06
412,2.74758e-06
413,2.73245e-06
414,2.71773e-06
415,2.70309e-06
416,2.68827e-06
417,2.67367e-06
418,2.65944e-06
419,2.64515e-06
420,2.63074e-06
421,2.61666e-06
422,2.60286e-06
423,2.58890e-06
424,2.57493e-06
425,2.56134e-06
426,2.54791e-06
427,2.53429e-06
428,2.52077e-06
429,2.50764e-06
430,2.49455e-06
431,2.48127e-06
432,2.46821e-06
433,2.45549e-06
434,2.44271e-06
435,2.42980e-06
436,2.41718e-06
437,2.40483e-06
438,2.39236e-06
439,2.37982e-06
440,2.36761e-06
441,2.35561e-06
442,2.34344e-06
443,2.33128e-06
444,2.31946e-06
445,2.30778e-06
446,2.29591e-06
447,2.28411e-06
448,2.27266e-06
449,2.26128e-06
450,2.24972e-06
451,2.23827e-06
452,2.22717e-06
453,2.21608e-06
454,2.20482e-06
455,2.19371e-06
456,2.18293e-06
457,2.17213e-06
458,2.16117e-06
459,2.15039e-06
460,2.13991e-06
461,2.12939e-06
462,2.11871e-06
463,2.10824e-06
464,2.09806e-06
465,2.08781e-06
466,2.07742e-06
467,2.06724e-06
468,2.05734e-06
469,2.04736e-06
470,2.03724e-06
471,2.02734e-06
472,2.01770e-06
473,2.00799e-06
474,1.99814e-06
475,1.98850e-06
476,1.97912e-06
477,1.96967e-06
478,1.96008e-06
479,1.95069e-06
480,1.94156e-06
481,1.93236e-06
482,1.92302e-06
483,1.91386e-06
484,1.90497e-06
485,1.89603e-06
486,1.88694e-06
487,1.87800e-06
488,1.86933e-06
489,1.86064e-06
490,1.85179e-06
491,1.84306e-06
492,1.83460e-06
493,1.82616e-06
494,1.81754e-06
495,1.80901e-06
496,1.80075e-06
497,1.79255e-06
498,1.78418e-06
499,1.77583e-06
500,1.76776e-06
501,1.75979e-06
502,1.75166e-06
503,1.74350e-06
504,1.73560e-06
505,1.72785e-06
506,1.71995e-06
507,1.71199e-06
508,1.70424e-06
509,1.69669e-06
510,1.68904e-06
511,1.68127e-06
512,1.67367e-06
