RMS:    Average: 
0.95121   -4.78764
0        41.4001
1         1.2897
2       0.748151
3       0.439144
4      0.0395214
5      0.0345776
6      0.0205732
7      0.0140771
8      0.0157823
9     0.00690999
10     0.00408929
11     0.00220513
12     0.00562202
13     0.00327261
14     0.00449192
15     0.00330813
16     0.00178217
17     0.00255973
18     0.00298122
19     0.00324489
20     0.00201089
21     0.00126432
22     0.00146879
23    0.000992039
24    0.000697826
25    0.000699052
26     0.00124997
27     0.00116026
28     0.00113374
29    0.000606826
30     0.00111431
31    0.000609326
32    0.000925305
33    0.000417735
34    0.000763248
35    0.000509396
36    0.000786915
37    0.000854778
38     0.00105143
39     0.00117805
40    0.000784707
41    0.000614128
42    0.000695043
43    0.000592302
44    0.000613813
45    0.000538674
46    0.000658408
47    0.000596132
48    0.000358502
49    0.000404544
50    0.000541289
51    0.000411771
52    0.000495975
53    0.000549188
54    0.000384647
55    0.000386242
56    0.000467701
57     0.00037755
58    0.000381576
59    0.000338252
60    0.000256279
61    0.000191224
62    0.000201499
63    0.000261432
64     0.00019666
65    0.000241746
66    0.000238857
67    0.000154673
68    0.000252119
69    0.000262348
70    0.000299508
71    0.000219002
72     0.00020842
73    0.000252605
74    0.000229666
75     0.00021665
76    0.000164844
77    0.000139278
78    0.000144098
79    0.000120612
80    0.000102863
81    0.000108502
82    0.000128991
83    0.000132661
84    0.000111062
85    8.49658e-05
86    9.71684e-05
87    8.56245e-05
88    0.000102742
89    0.000132685
90    0.000158859
91    0.000102289
92    0.000123812
93    9.80742e-05
94    0.000103153
95    5.80272e-05
96    7.66042e-05
97    7.01619e-05
98    6.20515e-05
99    4.64785e-05
100    4.87558e-05
101     3.5018e-05
102    4.35488e-05
103    3.98578e-05
104    4.35163e-05
105    3.40698e-05
106    5.06548e-05
107     3.6215e-05
108    5.50545e-05
109    3.23171e-05
110    4.30385e-05
111    2.96924e-05
112    3.47533e-05
113    2.86259e-05
114    2.70615e-05
115    2.67155e-05
116     2.4467e-05
117    1.49837e-05
118    1.74174e-05
119    1.99182e-05
120    2.50763e-05
121    2.79724e-05
122    1.91433e-05
123     1.5113e-05
124    2.53248e-05
125     1.7476e-05
126    2.51874e-05
127    1.26429e-05
128    1.12247e-05
129    1.88244e-05
130    1.14726e-05
131    1.35921e-05
132    1.36453e-05
133    1.26814e-05
134    1.07438e-05
135    1.14106e-05
136    1.47404e-05
137    1.37762e-05
138    1.69769e-05
139     1.8311e-05
140    1.86287e-05
141    1.81053e-05
142    1.20325e-05
143    1.40572e-05
144    1.15372e-05
145     2.1618e-05
146    1.85418e-05
147    1.41528e-05
148    1.90119e-05
149    7.24588e-06
150    1.30267e-05
151    1.22293e-05
152    9.07196e-06
153   -1.32299e-06
154     6.1474e-06
155    7.80124e-06
156    3.51108e-06
157    1.11762e-05
158    4.75492e-06
159    7.49356e-06
160    3.45207e-06
161    2.47416e-06
162    1.01901e-05
163    7.75964e-06
164    5.15173e-06
165    9.91693e-06
166    5.43356e-06
167    7.17559e-06
168    9.94757e-06
169    9.80619e-06
170    8.08545e-06
171    7.76573e-06
172    3.52432e-06
173    8.53954e-06
174    6.06692e-06
175    8.57101e-06
176    5.63367e-06
177    1.03843e-05
178    5.55357e-06
179    2.06176e-06
180    5.84516e-06
181    1.03347e-05
182    1.02225e-05
183    5.39992e-06
184    9.02161e-06
185    8.18854e-06
186    1.01809e-05
187    1.51009e-05
188    1.18197e-05
189    1.31379e-05
190     1.1433e-05
191    5.53147e-06
192    2.56866e-06
193    9.62059e-06
194    1.30457e-05
195    1.09958e-05
196    1.23817e-05
197    9.07107e-06
198    1.05228e-05
199    1.04974e-05
200    1.17142e-05
201    1.38416e-05
202    1.51239e-05
203     1.1726e-05
204    1.11417e-05
205    1.46208e-05
206    1.49145e-05
207    1.42879e-05
208    1.12283e-05
209    1.29904e-05
210    1.03901e-05
211    9.09653e-06
212    7.67298e-06
213    8.80602e-06
214    6.06119e-06
215    8.44977e-06
216    9.09045e-06
217    8.07827e-06
218    1.17887e-05
219    9.07988e-06
220    6.05986e-06
221    7.86957e-06
222    9.65128e-06
223    9.15093e-06
224    7.77681e-06
225    4.59407e-06
226    5.86975e-06
227    5.53323e-06
228      7.659e-06
229    5.75362e-06
230    6.21624e-06
231     3.5448e-06
232    6.51582e-06
233    7.52306e-06
234    3.91454e-06
235    6.86827e-06
236    5.84921e-06
237    5.97802e-06
238    9.11269e-06
239    6.34496e-06
240    7.46811e-06
241    5.48082e-06
242    3.86604e-06
243     4.0242e-06
244    5.54886e-06
245      5.943e-06
246     4.7768e-06
247    4.82783e-06
248     7.6039e-06
249    6.53916e-06
250    3.65237e-06
251    4.50618e-06
252    2.70695e-06
253    4.56723e-06
254    2.02804e-06
255    2.25592e-07
256    3.48298e-06
257    4.82856e-06
258    2.70235e-06
259    3.49923e-06
260    4.52104e-06
261    2.99993e-06
262    4.18238e-06
263    2.64062e-06
264    4.15824e-06
265    1.50094e-06
266     1.6969e-06
267    2.53425e-07
268    3.39807e-06
269    1.20811e-06
270    1.74923e-06
271    1.65871e-06
272    1.45451e-06
273   -8.34723e-07
274     1.0234e-06
275    -1.0306e-06
276    2.53917e-07
277    1.26932e-06
278    8.51121e-07
279    1.68569e-06
280    1.86462e-06
281    2.97777e-06
282    2.88299e-06
283    3.10996e-06
284    1.74844e-06
285    1.72115e-06
286    2.89489e-06
287     1.1006e-06
288    2.09612e-06
289     1.3207e-06
290    6.86086e-07
291    1.21126e-06
292    1.57929e-06
293    4.79903e-07
294    2.98722e-07
295     3.7881e-06
296    3.09131e-06
297    1.54807e-06
298    2.07536e-06
299    3.72827e-06
300    1.39282e-06
301    2.73127e-06
302    1.46469e-07
303    8.75701e-07
304    3.00678e-06
305     2.0331e-06
306    1.01247e-06
307    2.82398e-06
308    2.80296e-06
309    2.79028e-06
310    7.29583e-07
311    1.65101e-06
312    3.30783e-06
313    1.62489e-06
314    1.48781e-06
315    8.52816e-07
316    1.94134e-06
317    2.43029e-06
318    2.76453e-06
319     2.7411e-06
320    3.83111e-06
321    3.73498e-06
322    4.17769e-06
323    1.44783e-06
324    3.04546e-06
325    2.28762e-06
326    3.19895e-06
327    2.42049e-06
328    2.91404e-06
329    1.73814e-06
330    2.72801e-06
331    8.85497e-07
332    2.40318e-06
333    1.50503e-06
334    3.96788e-06
335    1.88046e-06
336     1.8506e-06
337    2.49226e-06
338    1.65362e-06
339    1.86952e-06
340    3.01442e-06
341    2.56377e-06
342     3.0881e-06
343    1.80358e-06
344    1.88772e-06
345    2.58201e-06
346    3.35072e-06
347    2.59797e-06
348    2.24341e-06
349    2.06809e-06
350     3.3836e-06
351    3.10942e-06
352    3.51466e-06
353    5.27641e-06
354    4.09919e-06
355    2.59276e-06
356    2.43911e-06
357    2.40208e-06
358    1.89568e-06
359    1.47935e-06
360    3.08051e-06
361    1.30321e-06
362    3.74642e-06
363    1.87375e-06
364    1.31326e-06
365    1.60084e-06
366    2.52651e-06
367    1.75497e-06
368    1.19667e-06
369    1.35131e-06
370     1.4363e-06
371    2.60401e-06
372     1.6539e-06
373    1.42604e-06
374    1.53433e-06
375    2.25107e-06
376    2.25967e-06
377     1.5084e-06
378    1.87837e-06
379    9.57623e-07
380    1.50301e-06
381    8.17407e-07
382    1.19405e-06
383    1.24065e-06
384    2.57804e-06
385    1.58312e-06
386    1.90351e-06
387     1.8989e-06
388    2.46161e-06
389    1.64697e-06
390    1.84488e-06
391    8.33555e-08
392    1.00394e-06
393    2.08027e-06
394    4.08851e-07
395    3.96108e-07
396    1.29004e-06
397   -4.63255e-07
398    1.37397e-06
399    4.01305e-07
400    1.18315e-06
401    1.72185e-06
402    1.82185e-06
403    9.18719e-07
404    1.02482e-06
405    6.13891e-07
406    2.10448e-06
407    5.02043e-07
408    2.05863e-07
409    2.12779e-06
410    1.94087e-06
411    2.14215e-06
412    1.63565e-06
413    8.91366e-07
414    1.46827e-06
415    1.24431e-06
416    7.90547e-07
417     3.2097e-07
418    -3.8328e-08
419    8.70495e-07
420    1.12363e-06
421    1.00244e-07
422    1.93485e-06
423    1.17692e-06
424     1.4984e-06
425    1.27531e-06
426    1.56643e-07
427    1.95006e-06
428    1.65218e-06
429    1.16216e-06
430    1.42359e-06
431     7.6659e-07
432   -2.74582e-07
433   -2.71902e-07
434    1.77146e-07
435    3.05447e-07
436    9.33741e-07
437    1.97657e-06
438    1.12125e-06
439   -4.61007e-08
440     4.0769e-07
441    8.72846e-07
442    5.90436e-07
443    9.95421e-07
444    7.40351e-08
445    1.27142e-07
446    6.59013e-07
447    4.21321e-07
448    5.49983e-07
449    2.60962e-07
450    1.53539e-06
451    1.66961e-06
452    1.35484e-07
453    1.62915e-06
454    1.20843e-06
455    5.08927e-07
456    1.64891e-06
457    7.82954e-07
458    1.70714e-06
459    1.41089e-06
460     1.2804e-06
461    6.55215e-07
462   -2.31942e-07
463    5.02907e-07
464    9.31075e-07
465    6.69063e-08
466     2.2795e-07
467   -1.63345e-07
468    1.59121e-06
469    1.17898e-06
470    1.09161e-06
471    1.26911e-06
472    1.44235e-06
473    2.34492e-06
474     1.4789e-06
475    1.15189e-06
476    2.04991e-06
477     7.0464e-07
478    4.78643e-07
479    -7.3937e-08
480    1.43835e-06
481    1.15813e-06
482    4.86026e-07
483    1.06745e-06
484    8.24731e-07
485    9.32377e-07
486    1.87767e-06
487    1.47558e-06
488    9.14683e-07
489    5.67883e-07
490    1.91272e-06
491    1.01324e-06
492     1.9755e-06
493    1.73789e-06
494     7.3178e-07
495    6.53076e-07
496    4.20481e-07
497    9.06808e-07
498    1.90764e-06
499    7.80816e-07
500    2.22585e-06
501    1.27767e-06
502    1.75072e-06
503    1.46514e-06
504    9.12508e-07
505     7.9294e-07
506    7.55185e-07
507   -3.39235e-08
508    1.99675e-07
509    1.07326e-06
510    1.50871e-06
511    8.77605e-07
512    9.10329e-07
