RMS:    Average: 
0.928153   0.0264214
0        38.2241
1        1.54114
2       0.930872
3        0.54238
4       0.064121
5      0.0464897
6       0.027491
7      0.0227829
8      0.0216481
9     0.00893628
10     0.00612032
11     0.00395484
12     0.00726801
13     0.00322313
14     0.00702643
15     0.00398596
16     0.00347636
17     0.00378967
18     0.00387821
19     0.00448103
20     0.00311299
21     0.00227206
22     0.00287636
23     0.00172109
24     0.00116935
25     0.00137482
26     0.00182677
27     0.00171892
28     0.00156421
29     0.00121351
30     0.00156484
31     0.00109656
32     0.00132814
33    0.000873365
34     0.00144369
35    0.000981036
36      0.0014712
37     0.00124887
38      0.0014298
39     0.00139967
40     0.00118026
41     0.00109659
42     0.00124802
43     0.00100287
44     0.00107807
45    0.000870244
46    0.000795797
47    0.000880139
48    0.000690283
49    0.000700596
50    0.000888243
51    0.000656003
52    0.000728961
53    0.000720042
54    0.000712416
55    0.000763609
56     0.00068847
57    0.000631881
58    0.000545677
59    0.000631117
60    0.000560042
61    0.000448219
62    0.000359279
63    0.000383917
64    0.000398861
65    0.000438176
66    0.000453904
67    0.000366915
68     0.00043501
69    0.000467461
70    0.000446478
71    0.000441567
72    0.000354412
73    0.000392029
74    0.000344004
75    0.000335976
76    0.000264674
77    0.000285617
78    0.000222171
79    0.000246319
80    0.000239334
81      0.0002292
82    0.000265139
83    0.000195697
84    0.000233014
85     0.00020495
86    0.000184627
87    0.000187112
88    0.000203138
89    0.000219452
90    0.000236268
91    0.000226225
92    0.000235401
93    0.000220427
94    0.000217806
95     0.00015776
96    0.000181452
97    0.000147916
98    0.000139928
99    0.000147997
100    0.000131137
101    0.000108846
102    0.000148534
103    0.000125716
104    0.000151014
105    0.000127956
106    0.000135313
107    0.000117458
108    0.000139528
109    0.000128823
110    0.000108622
111     9.8742e-05
112    0.000127134
113    9.41901e-05
114    0.000116233
115    9.94421e-05
116    9.60452e-05
117    0.000111711
118    0.000104358
119    8.98926e-05
120    0.000115537
121    8.19208e-05
122    0.000108992
123    9.15321e-05
124     0.00011149
125     9.1133e-05
126     8.3517e-05
127    8.63282e-05
128      8.056e-05
129     9.4634e-05
130    9.70873e-05
131    8.75429e-05
132    9.66108e-05
133    7.00081e-05
134    8.31256e-05
135    7.20047e-05
136    8.72803e-05
137    7.39727e-05
138    8.55718e-05
139    7.48716e-05
140    8.38112e-05
141    8.33023e-05
142    6.24928e-05
143    6.77725e-05
144    6.75429e-05
145    7.86506e-05
146    6.17484e-05
147    7.80838e-05
148    6.58894e-05
149    6.30674e-05
150    6.45325e-05
151    6.39666e-05
152    6.81242e-05
153     5.9673e-05
154    5.87292e-05
155    6.07162e-05
156    5.89404e-05
157    5.41212e-05
158    5.80831e-05
159    5.13267e-05
160    6.26977e-05
161    5.13236e-05
162    5.52461e-05
163    5.95704e-05
164     6.5324e-05
165    4.62171e-05
166    5.45004e-05
167    5.31383e-05
168    5.05784e-05
169    4.95803e-05
170    5.26082e-05
171    4.84723e-05
172    5.11477e-05
173    5.42511e-05
174    4.86235e-05
175    5.56952e-05
176    5.37333e-05
177    5.47423e-05
178    5.51465e-05
179    4.94492e-05
180    6.39901e-05
181    5.96637e-05
182    5.90948e-05
183    6.01839e-05
184    5.90695e-05
185    5.02142e-05
186    5.82137e-05
187    5.15781e-05
188    5.18854e-05
189    4.86959e-05
190    5.21773e-05
191    5.26394e-05
192    5.46604e-05
193    4.73781e-05
194    5.58067e-05
195    5.68573e-05
196    5.28879e-05
197    4.86937e-05
198    4.75166e-05
199    5.35663e-05
200    4.58246e-05
201     5.1665e-05
202    5.06891e-05
203    5.17727e-05
204    4.75356e-05
205    5.05635e-05
206    5.54113e-05
207    5.95845e-05
208    5.20186e-05
209    5.15777e-05
210    4.69825e-05
211    4.49815e-05
212    4.13017e-05
213    4.29293e-05
214    5.18847e-05
215      4.513e-05
216    4.97154e-05
217    4.30163e-05
218    4.80057e-05
219    4.84414e-05
220    4.42429e-05
221    4.04307e-05
222    4.42066e-05
223    4.14771e-05
224    4.48346e-05
225    4.45069e-05
226    5.07948e-05
227    4.32219e-05
228    4.23453e-05
229    4.12943e-05
230    4.27336e-05
231    3.92477e-05
232    4.16879e-05
233    4.15798e-05
234    4.22066e-05
235    4.53088e-05
236    4.09714e-05
237    3.60478e-05
238    3.74876e-05
239    4.07353e-05
240    3.95459e-05
241    3.67058e-05
242    4.07678e-05
243    3.79026e-05
244     3.9217e-05
245    3.46214e-05
246    3.15671e-05
247    3.58776e-05
248    3.53758e-05
249    4.07489e-05
250    3.82278e-05
251    3.48742e-05
252    4.07604e-05
253    3.80808e-05
254    3.37647e-05
255    3.26981e-05
256    3.71675e-05
257    3.21083e-05
258    3.79916e-05
259    3.61459e-05
260    3.36965e-05
261    3.19618e-05
262    3.58772e-05
263    3.35985e-05
264    3.05701e-05
265    3.47346e-05
266    2.88988e-05
267     3.0803e-05
268    3.18518e-05
269    3.06624e-05
270    3.09572e-05
271    3.18992e-05
272    3.37023e-05
273    3.08403e-05
274     3.2421e-05
275    2.96925e-05
276    2.87313e-05
277    3.05182e-05
278    3.03717e-05
279    2.89111e-05
280    2.98406e-05
281    3.02774e-05
282     3.1181e-05
283    3.00796e-05
284    2.75486e-05
285    3.13834e-05
286    2.80372e-05
287     3.1696e-05
288    3.22527e-05
289    2.93971e-05
290    2.94294e-05
291    2.62228e-05
292    2.98663e-05
293    2.67991e-05
294    2.71434e-05
295    2.88788e-05
296    2.99706e-05
297    2.74076e-05
298    2.76362e-05
299     2.7436e-05
300    2.77589e-05
301    3.11972e-05
302    2.91941e-05
303    2.62714e-05
304    2.94482e-05
305    2.65335e-05
306    3.10857e-05
307    2.66108e-05
308    2.85116e-05
309    2.78293e-05
310     2.7029e-05
311    2.89742e-05
312    2.84954e-05
313    2.98009e-05
314    3.19496e-05
315    2.75122e-05
316    2.93123e-05
317    2.90931e-05
318    2.66929e-05
319    2.60374e-05
320    2.73989e-05
321    2.70834e-05
322      2.728e-05
323    2.76278e-05
324    2.82595e-05
325    2.72534e-05
326    2.86589e-05
327    2.79845e-05
328    2.60737e-05
329    2.78095e-05
330    2.87005e-05
331    2.50705e-05
332    2.94593e-05
333    2.67419e-05
334    2.99185e-05
335    2.48558e-05
336    2.68663e-05
337    2.76364e-05
338    2.85989e-05
339    2.48758e-05
340    2.50672e-05
341    2.50676e-05
342    2.32605e-05
343    2.68535e-05
344    2.64365e-05
345     2.5605e-05
346    2.77494e-05
347    2.45462e-05
348    2.78083e-05
349    2.62074e-05
350    2.55245e-05
351    2.60062e-05
352    2.50558e-05
353    2.55281e-05
354    2.55725e-05
355    2.53752e-05
356    2.45915e-05
357    2.41068e-05
358    2.47296e-05
359    2.51949e-05
360    2.43641e-05
361    2.29142e-05
362    2.39238e-05
363    2.30886e-05
364    2.34396e-05
365     2.2398e-05
366    2.29774e-05
367    2.10716e-05
368    2.43625e-05
369    2.35223e-05
370    2.61452e-05
371    2.68311e-05
372    2.32216e-05
373    2.31114e-05
374    2.32221e-05
375    2.41575e-05
376    2.30858e-05
377    2.22019e-05
378    2.21304e-05
379    2.35681e-05
380    2.38819e-05
381    2.25539e-05
382    2.26445e-05
383    2.19139e-05
384    2.40423e-05
385    2.36527e-05
386    2.37128e-05
387    2.46402e-05
388    2.40018e-05
389    2.38855e-05
390    2.38337e-05
391    2.44343e-05
392    2.30217e-05
393    2.29982e-05
394    2.38252e-05
395    2.28013e-05
396    2.34473e-05
397    2.14186e-05
398    2.31443e-05
399    2.13512e-05
400    2.02294e-05
401    2.02082e-05
402    2.19677e-05
403    2.14886e-05
404    2.21756e-05
405     2.2605e-05
406    2.21218e-05
407    2.08128e-05
408    2.20317e-05
409    2.30269e-05
410    2.18899e-05
411    2.16746e-05
412    2.00135e-05
413    1.94543e-05
414    2.11671e-05
415    1.98931e-05
416     2.1776e-05
417    2.23406e-05
418    2.03687e-05
419    2.03789e-05
420    1.90875e-05
421    1.77035e-05
422    1.87603e-05
423    1.98797e-05
424    2.00309e-05
425    1.96875e-05
426    1.99825e-05
427    1.96918e-05
428    2.08901e-05
429    2.15587e-05
430    2.11741e-05
431    2.00534e-05
432    2.02406e-05
433    2.00601e-05
434    1.86773e-05
435    2.05633e-05
436    2.16698e-05
437    2.05462e-05
438    2.03724e-05
439    1.91644e-05
440    1.77421e-05
441    1.91104e-05
442    1.90171e-05
443    2.05087e-05
444    1.84541e-05
445    1.78509e-05
446    1.93173e-05
447    1.89166e-05
448    1.95966e-05
449    1.89479e-05
450     1.9499e-05
451    1.82316e-05
452     1.9726e-05
453     1.9722e-05
454    1.97769e-05
455    1.96242e-05
456    1.90338e-05
457    1.99473e-05
458    2.03221e-05
459     2.0525e-05
460    1.96927e-05
461    1.87783e-05
462    1.94663e-05
463    1.88824e-05
464    1.94517e-05
465     1.7979e-05
466    2.02382e-05
467    1.91607e-05
468    1.80051e-05
469    1.88743e-05
470    1.94777e-05
471    1.92414e-05
472    1.83276e-05
473    2.08419e-05
474    1.85412e-05
475    1.84875e-05
476    1.84288e-05
477    1.86246e-05
478    1.91278e-05
479    1.75348e-05
480    1.81222e-05
481    1.83804e-05
482    1.92013e-05
483     1.8345e-05
484    1.82018e-05
485    1.65614e-05
486    1.89281e-05
487    1.80596e-05
488    1.75469e-05
489    1.78439e-05
490    1.84279e-05
491    1.94001e-05
492    2.02714e-05
493    1.92997e-05
494    1.89317e-05
495    1.85387e-05
496    2.00519e-05
497    1.88619e-05
498    1.80606e-05
499     1.9128e-05
500    1.84166e-05
501    1.71053e-05
502    1.98549e-05
503    1.85649e-05
504     1.6845e-05
505    1.92338e-05
506      1.792e-05
507    1.73703e-05
508    1.75424e-05
509    1.75296e-05
510    1.62232e-05
511    1.78114e-05
512    1.77017e-05
