RMS:    Average: 
0.911663   -4.53585
0        39.2228
1        1.43909
2       0.910132
3       0.549399
4      0.0557683
5      0.0483789
6      0.0222828
7      0.0159053
8      0.0156485
9     0.00962424
10     0.00445552
11     0.00283667
12     0.00615029
13     0.00416373
14     0.00421035
15     0.00352607
16     0.00252239
17     0.00279809
18     0.00290165
19     0.00255212
20     0.00275038
21     0.00219095
22     0.00176789
23     0.00127671
24     0.00100273
25    0.000744442
26     0.00136904
27      0.0011117
28     0.00103546
29     0.00104735
30     0.00121758
31    0.000780535
32     0.00116892
33     0.00084646
34     0.00105882
35    0.000693313
36    0.000803275
37    0.000859471
38      0.0011621
39     0.00117604
40     0.00100922
41    0.000838888
42    0.000866126
43    0.000631985
44    0.000823348
45    0.000776958
46    0.000828217
47    0.000673247
48    0.000645492
49    0.000532826
50    0.000626885
51    0.000555992
52    0.000641006
53    0.000645161
54    0.000494227
55    0.000482364
56     0.00047242
57    0.000472286
58    0.000467859
59    0.000411054
60    0.000407438
61     0.00038686
62    0.000267258
63    0.000349995
64    0.000313392
65    0.000318854
66    0.000326429
67    0.000276528
68    0.000343667
69    0.000294742
70    0.000321397
71    0.000269415
72    0.000278624
73    0.000285747
74    0.000278597
75    0.000281855
76    0.000264702
77     0.00023931
78    0.000253951
79    0.000170793
80    0.000178755
81    0.000169551
82    0.000206622
83    0.000180113
84    0.000158101
85    0.000145671
86    0.000136833
87    0.000126968
88    0.000145302
89    0.000136447
90    0.000165076
91    0.000128801
92    0.000144476
93    0.000131907
94    0.000125514
95     0.00011501
96    0.000124426
97    0.000118865
98    0.000123185
99    9.06187e-05
100    8.30046e-05
101    8.08583e-05
102    8.53159e-05
103    8.78474e-05
104     7.6862e-05
105    8.39924e-05
106    7.87269e-05
107    6.67011e-05
108    8.10411e-05
109     7.0658e-05
110    7.37194e-05
111    7.11868e-05
112    6.34773e-05
113    6.10721e-05
114    6.87406e-05
115    6.19433e-05
116    6.30172e-05
117    6.08453e-05
118    5.24401e-05
119    5.56533e-05
120    5.79923e-05
121    5.30127e-05
122    5.63263e-05
123     5.3018e-05
124    4.75908e-05
125    4.94507e-05
126     5.1256e-05
127    4.01715e-05
128    3.01271e-05
129    3.75784e-05
130    2.92121e-05
131    4.39127e-05
132    3.67453e-05
133    4.18655e-05
134    4.46495e-05
135    3.76609e-05
136    3.54419e-05
137    3.80584e-05
138    3.47151e-05
139    3.35581e-05
140    3.85523e-05
141    4.43341e-05
142    4.11566e-05
143    3.37437e-05
144    3.98993e-05
145    3.25805e-05
146    3.24722e-05
147    2.78254e-05
148    3.60872e-05
149    2.32015e-05
150    2.68508e-05
151    2.96419e-05
152    2.73742e-05
153    2.54519e-05
154    2.64002e-05
155    2.19422e-05
156     2.2232e-05
157    2.27097e-05
158    2.37644e-05
159    2.39515e-05
160     2.8333e-05
161     2.5016e-05
162    2.67958e-05
163    2.44585e-05
164    2.79396e-05
165    2.59041e-05
166    2.74019e-05
167    3.03293e-05
168    2.82015e-05
169    2.34906e-05
170    2.67719e-05
171    2.59445e-05
172    2.58139e-05
173     2.5521e-05
174    2.72586e-05
175    2.52644e-05
176     2.3533e-05
177    2.35886e-05
178     2.2681e-05
179    2.27834e-05
180    2.35723e-05
181    2.64386e-05
182     2.6371e-05
183    2.70736e-05
184     2.4705e-05
185    2.48426e-05
186    2.35334e-05
187    2.27208e-05
188    2.43024e-05
189    2.11848e-05
190     2.3499e-05
191    2.29195e-05
192    2.01481e-05
193    2.24801e-05
194    2.32411e-05
195    2.28369e-05
196    2.42177e-05
197    2.38485e-05
198    2.26293e-05
199    2.36469e-05
200    2.15744e-05
201    2.55445e-05
202    2.34868e-05
203    2.48714e-05
204    2.24053e-05
205    2.48823e-05
206    2.13029e-05
207    2.38447e-05
208    1.90457e-05
209    2.45625e-05
210    2.19561e-05
211    1.70854e-05
212    2.14633e-05
213    2.12315e-05
214    2.01093e-05
215    2.09955e-05
216     2.0896e-05
217    2.25826e-05
218    2.43355e-05
219     2.1012e-05
220     2.2375e-05
221    1.73316e-05
222     2.0702e-05
223    2.09529e-05
224     2.1612e-05
225     2.0052e-05
226    1.91605e-05
227    1.87427e-05
228    1.75359e-05
229    1.43176e-05
230    1.86747e-05
231    1.88743e-05
232    1.90178e-05
233    1.83195e-05
234    1.85445e-05
235    2.02357e-05
236     1.6503e-05
237    1.56822e-05
238    1.51057e-05
239    1.67874e-05
240    1.55727e-05
241    1.36745e-05
242    1.19183e-05
243    1.46568e-05
244    1.57798e-05
245    1.42839e-05
246    1.42422e-05
247    1.30497e-05
248    1.59666e-05
249    1.47625e-05
250    1.60769e-05
251    1.43454e-05
252    1.44572e-05
253    1.28764e-05
254    1.34663e-05
255    1.09558e-05
256    1.41329e-05
257     1.3655e-05
258    1.20179e-05
259     1.2259e-05
260    1.19593e-05
261    1.02504e-05
262    1.08057e-05
263    1.14029e-05
264    1.15073e-05
265      1.146e-05
266    1.08715e-05
267    1.01537e-05
268    1.04636e-05
269    1.01348e-05
270    9.41874e-06
271     1.1877e-05
272    1.06859e-05
273     1.0586e-05
274    1.05534e-05
275    8.14043e-06
276    9.09195e-06
277     1.0736e-05
278     1.0182e-05
279    1.16189e-05
280    1.21043e-05
281    1.08445e-05
282    1.16789e-05
283    9.77991e-06
284    9.11495e-06
285    1.07904e-05
286    9.51864e-06
287    1.05529e-05
288    8.54394e-06
289    1.06165e-05
290    1.14273e-05
291    9.50994e-06
292    1.06928e-05
293    1.07693e-05
294    1.12949e-05
295    1.21799e-05
296     1.1459e-05
297    1.05842e-05
298    1.07764e-05
299    1.04489e-05
300     1.1195e-05
301    9.89925e-06
302    8.86401e-06
303    8.74237e-06
304    9.33809e-06
305    8.61099e-06
306    9.32752e-06
307    7.85363e-06
308     1.1296e-05
309    9.83602e-06
310    1.04183e-05
311    1.09766e-05
312    9.60282e-06
313    9.68618e-06
314    9.07462e-06
315    7.98821e-06
316    8.88704e-06
317    8.40513e-06
318    8.04725e-06
319    7.56154e-06
320    9.11935e-06
321    9.39518e-06
322    1.06038e-05
323    1.08441e-05
324    9.92514e-06
325    9.75796e-06
326    8.85499e-06
327    9.48639e-06
328    9.85351e-06
329    9.26408e-06
330    1.10555e-05
331    9.03538e-06
332    8.15012e-06
333    8.43767e-06
334     7.4566e-06
335     9.8092e-06
336      9.448e-06
337    8.92884e-06
338     1.1344e-05
339    6.99689e-06
340     9.1534e-06
341    8.38132e-06
342     9.4731e-06
343    9.17521e-06
344    9.25876e-06
345    1.00456e-05
346    9.93352e-06
347    9.82795e-06
348    8.68374e-06
349    8.46536e-06
350     8.4394e-06
351    7.60343e-06
352    7.87065e-06
353    7.70318e-06
354    8.39723e-06
355    8.82165e-06
356    9.80352e-06
357    8.09823e-06
358      8.159e-06
359      8.264e-06
360    8.69752e-06
361    6.73577e-06
362    7.24554e-06
363    7.38359e-06
364    6.15661e-06
365    7.16808e-06
366    7.15814e-06
367    6.82656e-06
368    7.28483e-06
369    7.73839e-06
370    7.17385e-06
371    6.99466e-06
372    7.36181e-06
373    7.65643e-06
374    7.28837e-06
375     6.4501e-06
376    8.41035e-06
377    7.62008e-06
378    8.05911e-06
379    5.96798e-06
380    5.96847e-06
381    5.63823e-06
382    6.30545e-06
383    5.21973e-06
384     7.7939e-06
385    6.49018e-06
386    7.75514e-06
387    7.79513e-06
388    7.22284e-06
389    7.59596e-06
390    7.21151e-06
391     7.6154e-06
392    7.51829e-06
393      7.922e-06
394    6.65939e-06
395    6.18822e-06
396    6.50946e-06
397    7.13716e-06
398    6.61637e-06
399    6.49433e-06
400    6.44367e-06
401    5.33012e-06
402    6.95909e-06
403    6.05127e-06
404    5.17328e-06
405    6.17853e-06
406    5.51883e-06
407    5.94051e-06
408    5.56692e-06
409     6.3108e-06
410    5.79308e-06
411    5.51511e-06
412    6.03867e-06
413    5.45096e-06
414     6.1549e-06
415    4.00259e-06
416      5.798e-06
417    6.60942e-06
418    5.65964e-06
419    6.87829e-06
420    5.45025e-06
421    6.58416e-06
422    4.89255e-06
423    4.91413e-06
424    5.39421e-06
425    5.36895e-06
426     6.2681e-06
427    5.50157e-06
428    5.75676e-06
429    4.90933e-06
430     5.0365e-06
431    5.20416e-06
432    5.89115e-06
433    6.21198e-06
434    5.84204e-06
435    5.40901e-06
436    5.20744e-06
437    6.84548e-06
438    5.63104e-06
439    5.34156e-06
440    6.26149e-06
441    4.41009e-06
442    5.38797e-06
443    4.77974e-06
444    4.46501e-06
445    5.61415e-06
446    4.70168e-06
447    5.60776e-06
448    5.07341e-06
449     4.7843e-06
450    5.01173e-06
451    5.09364e-06
452    4.80619e-06
453    4.47908e-06
454      4.563e-06
455    5.01782e-06
456    5.20923e-06
457    5.98825e-06
458    6.43151e-06
459    5.52374e-06
460     4.2965e-06
461    5.10776e-06
462     4.7954e-06
463    5.46563e-06
464    4.80616e-06
465    5.10266e-06
466    4.31902e-06
467    5.07645e-06
468     5.7154e-06
469    4.79667e-06
470    5.63459e-06
471    4.76494e-06
472    5.46124e-06
473    5.29736e-06
474    5.57149e-06
475    5.30799e-06
476     4.4875e-06
477    5.22399e-06
478    4.99665e-06
479    5.33731e-06
480    4.43933e-06
481    5.29813e-06
482    5.15454e-06
483    5.93396e-06
484    5.67036e-06
485     5.0877e-06
486    6.25343e-06
487    4.43997e-06
488    4.51661e-06
489    4.87071e-06
490    4.98365e-06
491    4.20538e-06
492    3.92641e-06
493    3.85572e-06
494    4.57368e-06
495    4.16496e-06
496    3.68141e-06
497    3.83663e-06
498    4.26137e-06
499    3.45042e-06
500    4.39915e-06
501    5.04685e-06
502    3.32161e-06
503    4.43109e-06
504    5.32343e-06
505    3.93499e-06
506    4.13279e-06
507    3.51005e-06
508    4.44483e-06
509    4.23056e-06
510    5.82183e-06
511    4.31575e-06
512    3.77042e-06
