0        29.1919
1        1.07719
2        0.56606
3       0.343046
4       0.032617
5      0.0287046
6       0.016063
7      0.0115864
8      0.0125134
9       0.005744
10     0.00369241
11     0.00226893
12     0.00384357
13     0.00217978
14     0.00382168
15     0.00242801
16     0.00164025
17     0.00226551
18     0.00250267
19     0.00305898
20     0.00186931
21     0.00123413
22     0.00134228
23    0.000856333
24    0.000594827
25    0.000593632
26    0.000998478
27    0.000982745
28    0.000866926
29    0.000552829
30    0.000953534
31    0.000511559
32    0.000687016
33    0.000331307
34     0.00067427
35    0.000388751
36    0.000766894
37    0.000747318
38    0.000829203
39    0.000941408
40    0.000685992
41    0.000548447
42     0.00062248
43    0.000618971
44    0.000544143
45     0.00049536
46    0.000517937
47    0.000527479
48    0.000284917
49    0.000344179
50    0.000483981
51    0.000353576
52    0.000417539
53    0.000454204
54    0.000358631
55    0.000407775
56    0.000413534
57    0.000313906
58    0.000320362
59    0.000327251
60    0.000232618
61    0.000161579
62    0.000163696
63    0.000205947
64    0.000191195
65    0.000191226
66     0.00019864
67    0.000132023
68    0.000209521
69     0.00022811
70     0.00022611
71    0.000189543
72    0.000174154
73    0.000234258
74    0.000201102
75    0.000164319
76    0.000131955
77    0.000109594
78    0.000107191
79    0.000110824
80    8.89493e-05
81    0.000105661
82    0.000118936
83    0.000112474
84    0.000104832
85    7.54638e-05
86    7.09738e-05
87    7.49518e-05
88    8.89548e-05
89    0.000131158
90    0.000123931
91    9.38384e-05
92    0.000112707
93    8.89081e-05
94    9.11891e-05
95    5.34063e-05
96    7.57823e-05
97    5.70019e-05
98    5.90849e-05
99    4.37926e-05
100    4.25515e-05
101    3.33083e-05
102    5.27945e-05
103    4.16998e-05
104      5.955e-05
105    3.97492e-05
106    4.29818e-05
107     4.0445e-05
108    4.94307e-05
109    3.55223e-05
110    3.92597e-05
111    3.10696e-05
112    4.06122e-05
113    3.00709e-05
114     3.4901e-05
115    3.20427e-05
116     2.5785e-05
117    2.74308e-05
118    2.53266e-05
119    2.10551e-05
120    2.19532e-05
121    2.48858e-05
122    1.57987e-05
123    2.18937e-05
124    2.27427e-05
125    2.32657e-05
126    2.07563e-05
127    2.05646e-05
128    1.97217e-05
129    2.69897e-05
130    1.86002e-05
131    1.92371e-05
132    1.90418e-05
133    1.82026e-05
134    1.90186e-05
135     1.6147e-05
136    1.66719e-05
137    1.14509e-05
138    1.66784e-05
139      1.747e-05
140    1.75121e-05
141    1.64192e-05
142    1.23647e-05
143    1.28085e-05
144    1.45112e-05
145    1.96642e-05
146    1.55441e-05
147    1.41129e-05
148    1.35278e-05
149    1.03794e-05
150    7.95697e-06
151    8.76715e-06
152    1.32701e-05
153    8.61228e-06
154    8.96654e-06
155    1.09912e-05
156    1.24066e-05
157     1.1723e-05
158    5.87395e-06
159    8.74971e-06
160    1.22399e-05
161    6.59068e-06
162    1.26623e-05
163    9.89783e-06
164    1.44552e-05
165    8.82581e-06
166     6.1926e-06
167    8.98001e-06
168    1.12505e-05
169    9.15947e-06
170    1.06333e-05
171    9.05702e-06
172    7.46066e-06
173    8.10239e-06
174    8.72659e-06
175    1.22431e-05
176    9.07058e-06
177    1.26158e-05
178    9.26572e-06
179    9.18978e-06
180     1.4519e-05
181    1.06549e-05
182    1.43768e-05
183    9.07151e-06
184    1.22686e-05
185    8.18453e-06
186     1.3655e-05
187    1.14892e-05
188    1.16057e-05
189    7.30863e-06
190    1.08833e-05
191    1.20703e-05
192     6.9589e-06
193    8.58539e-06
194    1.24609e-05
195    1.03362e-05
196    1.28233e-05
197     1.0292e-05
198    1.09636e-05
199    1.13266e-05
200    1.04167e-05
201    1.39253e-05
202    1.45389e-05
203    1.23063e-05
204     8.7587e-06
205    1.05861e-05
206    1.23324e-05
207     1.2932e-05
208    1.03667e-05
209    1.26134e-05
210       9.71e-06
211    1.07099e-05
212    8.19487e-06
213    1.15323e-05
214    1.34779e-05
215    1.08723e-05
216    1.03426e-05
217    9.56624e-06
218    1.15099e-05
219    1.02938e-05
220    8.33945e-06
221    9.20745e-06
222    1.07516e-05
223     7.8506e-06
224    8.06589e-06
225    7.78567e-06
226      8.077e-06
227     6.5767e-06
228    8.27258e-06
229    6.51093e-06
230    8.43853e-06
231    6.08784e-06
232    7.10756e-06
233    7.87309e-06
234    6.66206e-06
235    7.90983e-06
236    7.10808e-06
237    5.98016e-06
238    6.11906e-06
239    7.60251e-06
240     7.5763e-06
241    5.04139e-06
242    7.36037e-06
243    5.83543e-06
244    6.77064e-06
245    5.12855e-06
246    4.72816e-06
247    5.75322e-06
248    8.31878e-06
249    6.59995e-06
250    7.00712e-06
251    7.70451e-06
252    6.57162e-06
253    7.39227e-06
254    6.08226e-06
255    5.34982e-06
256    4.72695e-06
257    5.68174e-06
258    6.21283e-06
259    4.24832e-06
260    3.75923e-06
261    5.05453e-06
262    4.89606e-06
263    4.13962e-06
264    3.83146e-06
265    3.31989e-06
266    2.84705e-06
267    2.59368e-06
268    3.73076e-06
269     3.2095e-06
270    2.57551e-06
271    3.78293e-06
272    4.72282e-06
273    5.03791e-06
274    4.62916e-06
275    2.45381e-06
276    1.55329e-06
277     2.1993e-06
278    3.31101e-06
279    1.92014e-06
280    2.93932e-06
281    2.93963e-06
282    5.62321e-06
283    4.58104e-06
284    3.97906e-06
285    3.07625e-06
286    2.78129e-06
287    3.48128e-06
288    2.26322e-06
289    2.81525e-06
290    3.22401e-06
291    2.18565e-06
292    3.07423e-06
293    2.18368e-06
294    2.61446e-06
295    3.35144e-06
296    3.94141e-06
297    3.62624e-06
298    2.13563e-06
299    3.67582e-06
300    3.96577e-06
301    3.60839e-06
302    3.11087e-06
303    2.90265e-06
304    3.90524e-06
305    3.63911e-06
306     5.2876e-06
307    2.37173e-06
308    3.17932e-06
309      3.659e-06
310    1.98844e-06
311    2.41748e-06
312    3.58715e-06
313    4.03288e-06
314    2.96142e-06
315     4.0856e-06
316    3.08438e-06
317    3.48823e-06
318    3.20471e-06
319    3.68452e-06
320    4.11815e-06
321    3.71265e-06
322    3.53592e-06
323    4.19345e-06
324    4.39617e-06
325    3.76229e-06
326     3.9309e-06
327    4.59669e-06
328    4.46145e-06
329    4.66494e-06
330    4.91518e-06
331    3.18559e-06
332    3.70139e-06
333    4.53614e-06
334      3.786e-06
335    3.33177e-06
336     3.6965e-06
337    2.22381e-06
338     3.5268e-06
339    3.15499e-06
340    3.04976e-06
341    4.52118e-06
342    3.68092e-06
343    3.33833e-06
344    3.42124e-06
345    3.04351e-06
346    3.73008e-06
347    3.73442e-06
348    3.85121e-06
349    3.24125e-06
350    2.92131e-06
351    2.44858e-06
352    3.55886e-06
353    2.85634e-06
354      2.821e-06
355    4.07953e-06
356    3.53254e-06
357    2.65238e-06
358    3.09844e-06
359    2.95748e-06
360     3.3784e-06
361    2.70753e-06
362    3.09706e-06
363    2.55641e-06
364    3.75471e-06
365    2.99819e-06
366    3.40805e-06
367    2.93616e-06
368    2.44887e-06
369      3.333e-06
370     3.2157e-06
371    3.46268e-06
372    2.82689e-06
373    2.25971e-06
374    2.92514e-06
375    2.90628e-06
376    2.73561e-06
377    3.00154e-06
378     2.9841e-06
379    3.02383e-06
380    2.57794e-06
381     2.4886e-06
382    2.31628e-06
383    1.93417e-06
384    3.08573e-06
385    2.64424e-06
386    3.85746e-06
387    2.94041e-06
388     2.3027e-06
389    2.42181e-06
390    3.19006e-06
391    2.31729e-06
392    2.49762e-06
393    3.03649e-06
394    2.95192e-06
395    1.68779e-06
396    1.49283e-06
397    2.50757e-06
398    3.32658e-06
399    2.10308e-06
400    1.80007e-06
401    1.34006e-06
402    2.93641e-06
403    2.11793e-06
404    1.42795e-06
405    2.12734e-06
406    3.30538e-06
407    2.51752e-06
408    2.87845e-06
409    2.67112e-06
410    3.36618e-06
411    2.33194e-06
412    2.06553e-06
413    1.72721e-06
414     1.5015e-06
415     1.9169e-06
416    1.72047e-06
417    2.00051e-06
418    1.55074e-06
419    1.87502e-06
420    2.33438e-06
421     1.1223e-06
422    2.06215e-06
423    1.49263e-06
424    1.48582e-06
425    1.13413e-06
426    1.83137e-06
427    1.69682e-06
428    1.61889e-06
429    1.60751e-06
430    1.30967e-06
431    1.33924e-06
432    1.16836e-06
433    1.42285e-06
434    1.74198e-06
435    1.63434e-06
436    2.02462e-06
437    1.59022e-06
438    1.56979e-06
439    1.16959e-06
440    8.82332e-07
441    1.82696e-06
442    1.50568e-06
443    2.81317e-06
444    1.53646e-06
445    1.76947e-06
446    1.55903e-06
447    1.94947e-06
448    3.09144e-06
449    2.59056e-06
450     1.9349e-06
451    2.01573e-06
452    1.56037e-06
453    1.20742e-06
454    1.10407e-06
455     1.4661e-06
456    1.68913e-06
457     1.9492e-06
458    2.04153e-06
459    1.98654e-06
460    1.45262e-06
461    1.46064e-06
462    4.53303e-07
463    1.24922e-06
464    8.83853e-07
465     1.2943e-06
466    2.21855e-06
467    2.45714e-06
468    1.98972e-06
469    2.19815e-06
470    1.70302e-06
471    2.00892e-06
472    1.65447e-06
473    1.82107e-06
474    1.57473e-06
475    2.07037e-06
476    2.16567e-06
477    1.62946e-06
478    1.94681e-06
479    1.80921e-06
480    2.73712e-06
481    2.02266e-06
482    1.51519e-06
483     2.3968e-06
484    1.73913e-06
485     1.6969e-06
486    1.61116e-06
487    1.33789e-06
488    1.29359e-06
489    1.70404e-06
490    2.04107e-06
491    2.01713e-06
492    2.22133e-06
493     1.8041e-06
494    2.01071e-06
495    2.42829e-06
496    2.29051e-06
497    2.57626e-06
498    1.79906e-06
499    2.14779e-06
500    1.15523e-06
501    1.45619e-06
502    2.34687e-06
503    1.96793e-06
504    2.01091e-06
505    1.94278e-06
506    1.38196e-06
507    1.63587e-06
508    2.49822e-06
509    1.52384e-06
510    1.70986e-06
511    1.79237e-06
512     1.4589e-06
