0        27.3855
1        1.22771
2        0.69953
3       0.435879
4      0.0463786
5      0.0404043
6      0.0172033
7      0.0135253
8       0.013227
9     0.00792667
10     0.00439979
11     0.00298637
12     0.00393869
13      0.0028618
14     0.00348297
15     0.00275044
16      0.0021888
17     0.00232574
18     0.00250426
19     0.00274187
20     0.00230075
21     0.00191115
22     0.00179205
23     0.00107589
24     0.00073749
25    0.000835735
26     0.00133875
27     0.00100643
28    0.000876263
29    0.000957808
30    0.000997982
31    0.000667707
32    0.000929464
33    0.000635658
34    0.000994616
35    0.000498018
36    0.000866983
37    0.000798164
38    0.000955766
39    0.000980405
40    0.000804283
41    0.000734732
42    0.000776628
43    0.000660263
44    0.000754061
45    0.000680809
46    0.000660434
47    0.000593642
48    0.000484611
49    0.000428281
50    0.000545929
51    0.000447444
52      0.0005661
53    0.000574639
54    0.000476032
55    0.000499756
56    0.000430203
57    0.000394894
58    0.000395159
59    0.000417651
60    0.000369281
61    0.000344723
62     0.00024462
63     0.00030114
64    0.000290889
65     0.00024911
66    0.000305976
67    0.000222188
68    0.000317997
69    0.000276442
70    0.000294197
71    0.000273549
72    0.000267118
73    0.000263422
74    0.000236462
75    0.000252268
76    0.000207904
77    0.000180992
78    0.000188788
79    0.000170072
80    0.000163973
81    0.000167751
82    0.000201363
83    0.000169671
84    0.000171343
85    0.000148821
86    0.000132429
87    0.000126032
88    0.000127768
89    0.000139188
90    0.000151306
91    0.000148357
92    0.000146682
93    0.000149143
94    0.000142054
95    0.000124796
96    0.000121141
97    0.000106435
98    0.000123333
99    9.76491e-05
100    9.45198e-05
101    8.89251e-05
102    0.000108162
103    9.35349e-05
104    0.000113121
105    9.80228e-05
106     8.3864e-05
107    7.99048e-05
108     7.8344e-05
109     7.0559e-05
110    8.33725e-05
111    7.55603e-05
112    7.96923e-05
113     7.7014e-05
114    7.82396e-05
115    6.17013e-05
116    6.15903e-05
117    6.23646e-05
118    5.96825e-05
119    6.54345e-05
120    5.87772e-05
121    6.42697e-05
122    5.58552e-05
123    5.58072e-05
124    6.36586e-05
125    5.36928e-05
126    5.01251e-05
127    5.21046e-05
128    4.74011e-05
129    5.91947e-05
130    5.99258e-05
131    5.64216e-05
132    4.30437e-05
133    5.18424e-05
134    5.06626e-05
135    4.79084e-05
136    4.24224e-05
137    3.82057e-05
138    4.76796e-05
139    4.13759e-05
140    3.95809e-05
141    4.32309e-05
142    4.69187e-05
143     4.5811e-05
144    4.71213e-05
145    4.25772e-05
146    3.66554e-05
147    4.08886e-05
148    3.82854e-05
149    3.48523e-05
150    3.40153e-05
151    3.74261e-05
152    4.36631e-05
153    3.77534e-05
154    3.21163e-05
155    3.62843e-05
156    4.12536e-05
157    3.86462e-05
158    3.67079e-05
159    3.50154e-05
160    3.44301e-05
161    3.72083e-05
162    3.51838e-05
163     3.9311e-05
164    3.81485e-05
165    3.36978e-05
166    3.62891e-05
167    3.67579e-05
168    3.73402e-05
169    3.35102e-05
170    3.27653e-05
171    3.70514e-05
172    2.89866e-05
173    3.12746e-05
174    2.94273e-05
175    3.29984e-05
176    3.12684e-05
177    2.88427e-05
178    2.62415e-05
179    2.80688e-05
180     3.2344e-05
181    3.41117e-05
182    3.84337e-05
183    3.39966e-05
184    3.31582e-05
185     3.0142e-05
186    3.30682e-05
187    3.11412e-05
188     3.2582e-05
189    2.51279e-05
190     2.9527e-05
191    3.31972e-05
192    3.14502e-05
193    3.49765e-05
194    3.33363e-05
195    3.66978e-05
196    3.10513e-05
197    3.09759e-05
198    2.98441e-05
199    2.68785e-05
200    2.73571e-05
201    2.93439e-05
202    3.30861e-05
203    2.88271e-05
204     2.6298e-05
205    2.88577e-05
206    2.56327e-05
207    2.93474e-05
208    3.00809e-05
209    2.83721e-05
210    2.97912e-05
211    2.91354e-05
212    2.98427e-05
213     2.6946e-05
214    3.01158e-05
215    2.76742e-05
216     2.8391e-05
217    2.62046e-05
218    3.53657e-05
219    2.80046e-05
220    2.88037e-05
221    2.79752e-05
222    2.79682e-05
223    2.78287e-05
224    3.05015e-05
225    2.78415e-05
226    2.48333e-05
227     2.4809e-05
228    2.62579e-05
229    2.17029e-05
230     2.3398e-05
231    2.30374e-05
232    2.24503e-05
233    2.26943e-05
234    2.16322e-05
235    2.27332e-05
236    2.41518e-05
237      2.112e-05
238    2.30126e-05
239    2.28439e-05
240    2.65637e-05
241    2.19707e-05
242    2.43093e-05
243    2.25079e-05
244    2.57059e-05
245    2.27449e-05
246     1.9909e-05
247     1.8913e-05
248    2.13503e-05
249    2.02778e-05
250    2.12453e-05
251     2.0966e-05
252    2.14817e-05
253     1.9526e-05
254    2.23955e-05
255    1.91183e-05
256     1.9899e-05
257    1.88939e-05
258    2.09604e-05
259    2.06717e-05
260    1.98381e-05
261    1.81321e-05
262    1.91046e-05
263    1.88741e-05
264    1.70091e-05
265    1.85711e-05
266    2.03185e-05
267    1.81611e-05
268    1.96839e-05
269    1.80178e-05
270     1.8427e-05
271    1.90861e-05
272    1.55228e-05
273    1.82554e-05
274    1.83163e-05
275    1.76792e-05
276    1.90876e-05
277    1.88077e-05
278    2.02403e-05
279     1.9423e-05
280    1.76605e-05
281    1.80342e-05
282    1.82575e-05
283    1.80862e-05
284    1.68282e-05
285    1.82997e-05
286    1.84388e-05
287    1.76353e-05
288    1.68507e-05
289    1.79678e-05
290     1.7502e-05
291    1.70034e-05
292    1.72092e-05
293    1.60749e-05
294    1.60018e-05
295    1.68544e-05
296    1.72735e-05
297    1.64183e-05
298    1.48923e-05
299    1.64136e-05
300    1.73375e-05
301    1.69782e-05
302     1.7377e-05
303    1.75023e-05
304    1.65412e-05
305    1.59878e-05
306    1.63415e-05
307    1.77421e-05
308     1.6347e-05
309    1.68857e-05
310    1.51929e-05
311     1.6051e-05
312    1.51909e-05
313    1.52674e-05
314    1.67026e-05
315    1.63104e-05
316    1.66317e-05
317    1.65871e-05
318    1.58803e-05
319     1.4996e-05
320    1.59856e-05
321    1.63076e-05
322     1.6173e-05
323    1.65423e-05
324    1.71026e-05
325    1.53435e-05
326     1.5844e-05
327      1.637e-05
328    1.59427e-05
329    1.63677e-05
330    1.59202e-05
331    1.56366e-05
332    1.61647e-05
333    1.55713e-05
334    1.48759e-05
335    1.55376e-05
336    1.44025e-05
337    1.48819e-05
338    1.49872e-05
339    1.47014e-05
340    1.51756e-05
341    1.40053e-05
342    1.50373e-05
343    1.50952e-05
344    1.41088e-05
345    1.45514e-05
346     1.5384e-05
347    1.46578e-05
348    1.60068e-05
349    1.55494e-05
350    1.54042e-05
351    1.45642e-05
352    1.62037e-05
353    1.53481e-05
354    1.48301e-05
355    1.64792e-05
356     1.4662e-05
357     1.4068e-05
358    1.33902e-05
359    1.42348e-05
360    1.45542e-05
361    1.47107e-05
362    1.36195e-05
363    1.42599e-05
364    1.41073e-05
365    1.53635e-05
366    1.50829e-05
367    1.37524e-05
368    1.50719e-05
369    1.38726e-05
370    1.28711e-05
371     1.4692e-05
372    1.32762e-05
373    1.46017e-05
374    1.36813e-05
375    1.45383e-05
376    1.52773e-05
377    1.50984e-05
378    1.50992e-05
379    1.40792e-05
380    1.32261e-05
381    1.33812e-05
382    1.53689e-05
383    1.34254e-05
384    1.33671e-05
385    1.48641e-05
386    1.57643e-05
387    1.37692e-05
388    1.31404e-05
389    1.35114e-05
390    1.35198e-05
391    1.30136e-05
392    1.26141e-05
393    1.28915e-05
394    1.33645e-05
395    1.32529e-05
396    1.29625e-05
397    1.22868e-05
398    1.30947e-05
399    1.30406e-05
400     1.2366e-05
401     1.2638e-05
402     1.3075e-05
403    1.27126e-05
404    1.34165e-05
405    1.32926e-05
406    1.22874e-05
407    1.25112e-05
408     1.2572e-05
409    1.30305e-05
410     1.2975e-05
411    1.11649e-05
412    1.20813e-05
413     1.1689e-05
414    1.27553e-05
415    1.11577e-05
416    1.22654e-05
417    1.28714e-05
418    1.27199e-05
419      1.233e-05
420    1.28669e-05
421    1.26197e-05
422    1.19236e-05
423     1.2008e-05
424    1.14347e-05
425    1.19743e-05
426     1.3042e-05
427      1.262e-05
428    1.32525e-05
429    1.27946e-05
430    1.20409e-05
431    1.20266e-05
432    1.16629e-05
433    1.19389e-05
434    1.25697e-05
435    1.27296e-05
436    1.28036e-05
437    1.19367e-05
438    1.22369e-05
439    1.23727e-05
440    1.14927e-05
441    1.21922e-05
442      1.172e-05
443    1.28855e-05
444    1.19538e-05
445    1.20152e-05
446    1.15467e-05
447    1.14191e-05
448    1.14396e-05
449    1.14532e-05
450    1.12655e-05
451    1.16209e-05
452    1.18344e-05
453    1.24343e-05
454    1.23221e-05
455    1.12466e-05
456    1.17153e-05
457    1.17143e-05
458    1.25636e-05
459    1.20533e-05
460    1.21495e-05
461    1.20905e-05
462     1.1307e-05
463    1.06339e-05
464    1.20923e-05
465    1.09677e-05
466    1.17407e-05
467    1.22989e-05
468    1.21857e-05
469     1.1532e-05
470    1.16287e-05
471    1.08729e-05
472    1.23454e-05
473    1.08545e-05
474    1.16477e-05
475    1.17042e-05
476    1.15771e-05
477    1.15882e-05
478    1.12635e-05
479    1.12506e-05
480    1.15351e-05
481     1.1682e-05
482    1.13291e-05
483    1.19315e-05
484    1.17979e-05
485    1.05831e-05
486    1.20959e-05
487     1.0866e-05
488    1.16602e-05
489    1.06777e-05
490    1.11221e-05
491    1.14759e-05
492    1.11734e-05
493    1.09161e-05
494    1.13831e-05
495    1.05697e-05
496    1.12485e-05
497    1.12978e-05
498    1.09985e-05
499    1.16223e-05
500    1.09587e-05
501    1.09737e-05
502    1.19975e-05
503    1.12109e-05
504     1.1312e-05
505    1.03582e-05
506    1.07759e-05
507    1.10339e-05
508    1.13238e-05
509    1.17744e-05
510    1.15037e-05
511    1.08703e-05
512    1.10309e-05
