RMS:    Average: 
0.910609   -3.27019
0        27.6566
1        1.20005
2       0.688503
3       0.427148
4       0.044805
5      0.0393946
6      0.0168838
7      0.0128053
8      0.0123765
9     0.00759829
10     0.00366574
11     0.00253856
12     0.00398689
13      0.0028724
14     0.00316846
15     0.00261143
16     0.00202836
17     0.00209302
18     0.00230696
19     0.00226877
20      0.0021514
21     0.00173021
22     0.00154882
23    0.000919653
24    0.000686325
25    0.000642785
26     0.00116433
27    0.000882029
28    0.000800025
29    0.000818886
30    0.000941311
31    0.000599302
32     0.00089558
33    0.000586145
34    0.000915677
35    0.000450718
36    0.000683258
37    0.000687949
38    0.000893698
39    0.000933535
40    0.000785746
41     0.00066118
42    0.000684907
43     0.00056209
44    0.000656067
45    0.000637526
46    0.000639924
47    0.000535472
48    0.000464423
49    0.000380753
50    0.000499636
51    0.000409878
52    0.000514937
53     0.00050769
54    0.000421659
55    0.000418082
56    0.000380744
57    0.000350278
58    0.000356631
59    0.000352037
60    0.000331501
61    0.000306627
62    0.000204823
63    0.000273727
64    0.000251957
65    0.000216698
66    0.000260963
67    0.000192012
68    0.000272283
69    0.000223005
70    0.000250459
71    0.000227644
72    0.000224718
73    0.000226805
74    0.000203047
75    0.000213583
76    0.000186734
77    0.000159849
78    0.000176241
79    0.000138184
80    0.000140525
81    0.000135436
82    0.000166334
83    0.000145526
84    0.000137833
85     0.00011806
86    0.000109401
87    9.61595e-05
88     0.00010523
89    0.000102718
90    0.000117611
91    0.000103164
92    0.000113546
93    0.000113181
94    0.000105377
95    9.84204e-05
96    0.000101642
97    8.48314e-05
98    9.90906e-05
99    7.01256e-05
100    6.88785e-05
101    6.04223e-05
102    7.77222e-05
103    6.89454e-05
104    6.92411e-05
105    6.97709e-05
106    6.20865e-05
107    5.01854e-05
108    5.50228e-05
109    4.89618e-05
110    5.93502e-05
111     5.3855e-05
112    5.22609e-05
113    5.04364e-05
114    5.39242e-05
115    4.26378e-05
116    3.99593e-05
117    4.27779e-05
118     4.0338e-05
119    3.97614e-05
120    3.75455e-05
121    4.18728e-05
122    3.51395e-05
123    3.79687e-05
124    4.10469e-05
125    3.69627e-05
126    3.20763e-05
127    3.09105e-05
128    2.87871e-05
129    3.50879e-05
130    3.30955e-05
131    3.92016e-05
132    2.74301e-05
133    3.23492e-05
134    3.36074e-05
135    3.22851e-05
136    2.78198e-05
137    2.58294e-05
138    3.03664e-05
139    2.26657e-05
140    2.74478e-05
141     3.0085e-05
142    2.89097e-05
143    2.75305e-05
144    2.84669e-05
145    2.70108e-05
146    2.15733e-05
147     2.1935e-05
148    2.46364e-05
149    2.01857e-05
150    2.03915e-05
151    2.16791e-05
152    2.60554e-05
153    2.24652e-05
154    1.85459e-05
155      1.969e-05
156    1.99009e-05
157    1.96351e-05
158    2.03155e-05
159    1.89122e-05
160    2.00369e-05
161    2.06452e-05
162       1.82e-05
163    2.10119e-05
164    2.21368e-05
165    1.84042e-05
166    1.94291e-05
167     2.2161e-05
168     2.3676e-05
169    1.88989e-05
170    2.09453e-05
171    2.21329e-05
172    1.73859e-05
173    1.81696e-05
174    1.83035e-05
175    1.88551e-05
176    1.93031e-05
177    1.81652e-05
178    1.45431e-05
179    1.64601e-05
180    1.96484e-05
181    2.11928e-05
182    2.06597e-05
183    2.23722e-05
184    1.83608e-05
185    1.70259e-05
186    1.85302e-05
187    1.68649e-05
188    1.86552e-05
189    1.57974e-05
190    1.72957e-05
191    1.99211e-05
192    1.70288e-05
193    1.86977e-05
194    1.79913e-05
195      2.017e-05
196    1.85557e-05
197    1.65383e-05
198    1.67871e-05
199    1.65135e-05
200    1.56921e-05
201    1.85871e-05
202    1.72916e-05
203    1.73408e-05
204    1.60158e-05
205    1.67833e-05
206    1.40768e-05
207    1.66368e-05
208    1.69678e-05
209    1.69693e-05
210    1.68573e-05
211    1.47985e-05
212    1.76164e-05
213    1.67595e-05
214    1.90966e-05
215    1.44911e-05
216    1.59905e-05
217     1.5041e-05
218    2.06924e-05
219    1.56656e-05
220    1.75336e-05
221    1.54594e-05
222    1.60366e-05
223     1.4757e-05
224    1.57921e-05
225    1.54033e-05
226     1.4197e-05
227    1.30172e-05
228    1.32299e-05
229    9.85028e-06
230    1.17683e-05
231     1.1184e-05
232    1.21942e-05
233    1.14027e-05
234    1.24149e-05
235    1.19765e-05
236    1.31605e-05
237     1.2116e-05
238    1.17804e-05
239    1.29203e-05
240    1.46678e-05
241    1.06022e-05
242    1.24912e-05
243    1.29893e-05
244    1.52949e-05
245    1.21504e-05
246    1.01474e-05
247    8.41563e-06
248    1.26875e-05
249    9.78015e-06
250    1.18852e-05
251    1.21012e-05
252    1.10916e-05
253    9.09177e-06
254    1.01621e-05
255    9.01528e-06
256    1.03874e-05
257      1.029e-05
258    1.15056e-05
259    1.06392e-05
260    9.69686e-06
261    9.00298e-06
262    9.06523e-06
263    7.74966e-06
264    7.80742e-06
265     8.7764e-06
266    9.66872e-06
267    8.65137e-06
268    9.46027e-06
269    8.35539e-06
270    7.36757e-06
271    8.37426e-06
272    6.05677e-06
273    7.64358e-06
274    7.88425e-06
275    7.28136e-06
276    8.04513e-06
277    7.15665e-06
278    9.39847e-06
279    8.33051e-06
280    7.36353e-06
281    6.92577e-06
282    8.05128e-06
283    7.86291e-06
284    7.03038e-06
285    7.66573e-06
286    6.41965e-06
287    7.52128e-06
288    6.44113e-06
289    8.51813e-06
290    8.48351e-06
291    7.08875e-06
292    7.47431e-06
293    7.67669e-06
294     7.5059e-06
295    7.98776e-06
296    8.08132e-06
297    7.04595e-06
298    7.55477e-06
299    8.06572e-06
300    7.35957e-06
301    7.24189e-06
302    7.07705e-06
303    6.03336e-06
304    7.21758e-06
305    5.84023e-06
306    6.29215e-06
307    6.90987e-06
308    7.81827e-06
309    5.98246e-06
310    6.64976e-06
311    7.01154e-06
312    6.44765e-06
313    6.10971e-06
314     6.8556e-06
315    6.87528e-06
316    7.18824e-06
317    7.83609e-06
318    7.83475e-06
319    6.38439e-06
320    7.44676e-06
321    6.48111e-06
322    7.42055e-06
323    7.12512e-06
324    7.16255e-06
325    6.53744e-06
326    6.79641e-06
327     6.3416e-06
328    7.66954e-06
329    7.42284e-06
330    8.43723e-06
331     7.6585e-06
332    7.14397e-06
333    6.85725e-06
334    6.18947e-06
335    6.61018e-06
336    6.19138e-06
337    6.34933e-06
338    7.78157e-06
339    6.80923e-06
340    6.63955e-06
341    6.16816e-06
342    6.83179e-06
343    6.70751e-06
344    6.75528e-06
345    6.59928e-06
346    6.35035e-06
347    5.24428e-06
348    6.53044e-06
349    6.63465e-06
350    6.53538e-06
351    5.48642e-06
352    5.24941e-06
353    4.99979e-06
354    5.02795e-06
355     5.3924e-06
356    5.51142e-06
357      4.914e-06
358     4.2559e-06
359    5.24391e-06
360    5.48677e-06
361    5.84208e-06
362      5.211e-06
363    5.95321e-06
364    5.45613e-06
365    5.56753e-06
366    6.19765e-06
367    5.29451e-06
368    5.44518e-06
369    6.18272e-06
370    5.00325e-06
371    5.78218e-06
372    5.74679e-06
373    6.26165e-06
374    6.53781e-06
375    6.23349e-06
376    7.70291e-06
377    6.45966e-06
378    5.94519e-06
379    5.48542e-06
380    4.80013e-06
381    4.57289e-06
382    5.83193e-06
383    4.70231e-06
384    6.36119e-06
385    5.98992e-06
386    6.86939e-06
387    5.66383e-06
388    4.92683e-06
389    4.83814e-06
390    4.73239e-06
391    4.81171e-06
392    5.07722e-06
393    5.36151e-06
394    5.99044e-06
395    5.36659e-06
396    5.44069e-06
397     4.8457e-06
398     5.2112e-06
399    4.97049e-06
400    4.67451e-06
401    3.92976e-06
402    4.99243e-06
403    4.78115e-06
404    4.40471e-06
405    4.97514e-06
406    4.29815e-06
407    4.64619e-06
408    3.79435e-06
409    5.00297e-06
410    4.25801e-06
411    3.61946e-06
412    4.36058e-06
413    4.21238e-06
414    5.12977e-06
415    3.76283e-06
416     4.5567e-06
417    5.06553e-06
418    4.77106e-06
419    4.11569e-06
420    4.05184e-06
421    4.36994e-06
422    4.26308e-06
423     4.1246e-06
424    3.76064e-06
425    4.53276e-06
426    4.15295e-06
427    4.65311e-06
428    4.83969e-06
429    3.64301e-06
430    3.94072e-06
431    3.90625e-06
432    3.55926e-06
433    3.92534e-06
434    3.73971e-06
435    4.56439e-06
436    4.65476e-06
437    4.32397e-06
438    4.85697e-06
439    4.22056e-06
440    4.50134e-06
441    3.83563e-06
442     4.1813e-06
443    4.98189e-06
444    4.29476e-06
445    4.55279e-06
446    4.21618e-06
447    3.45278e-06
448    4.14914e-06
449    4.29814e-06
450    3.48792e-06
451    4.26664e-06
452    3.67235e-06
453    4.16807e-06
454     4.1428e-06
455    4.10215e-06
456    5.05232e-06
457    3.30173e-06
458    4.12839e-06
459    3.74206e-06
460    3.46945e-06
461     3.8918e-06
462    2.88739e-06
463    3.49884e-06
464    3.83483e-06
465    3.67916e-06
466    3.19149e-06
467    3.97653e-06
468    3.65639e-06
469    3.59003e-06
470     4.0426e-06
471    3.72938e-06
472    3.75738e-06
473    3.34453e-06
474    3.91547e-06
475    4.15192e-06
476    3.93908e-06
477    3.89813e-06
478    3.94545e-06
479    3.79349e-06
480    3.44371e-06
481    4.28365e-06
482    3.92455e-06
483    3.71837e-06
484    3.83451e-06
485    3.86528e-06
486    4.51643e-06
487    3.76844e-06
488    4.03715e-06
489    3.55851e-06
490    3.40378e-06
491    3.93884e-06
492     4.0955e-06
493    3.62315e-06
494    3.68857e-06
495    3.48595e-06
496     3.8669e-06
497    3.63151e-06
498    3.79484e-06
499    3.87477e-06
500    3.86542e-06
501    3.14755e-06
502    3.70989e-06
503    3.57298e-06
504    3.59113e-06
505    3.50216e-06
506    3.47677e-06
507    3.34202e-06
508    3.88684e-06
509    4.08803e-06
510    3.80254e-06
511    3.26925e-06
512    3.04863e-06
