0        32.8433
1       0.675917
2       0.365329
3       0.242618
4      0.0248354
5      0.0250475
6      0.0105919
7     0.00733719
8     0.00685831
9     0.00363978
10      0.0022006
11     0.00153788
12     0.00238171
13     0.00180054
14     0.00221196
15     0.00186493
16     0.00122345
17     0.00146546
18     0.00158823
19     0.00173378
20     0.00148552
21     0.00102185
22    0.000856264
23    0.000600551
24    0.000516247
25    0.000356419
26    0.000791639
27    0.000614719
28    0.000584772
29    0.000516401
30    0.000661008
31    0.000369413
32    0.000567347
33    0.000384392
34    0.000487286
35    0.000276016
36    0.000499295
37    0.000485858
38    0.000600162
39    0.000697927
40     0.00050102
41    0.000460931
42    0.000460238
43    0.000395238
44    0.000402027
45    0.000360618
46    0.000391421
47    0.000362859
48    0.000275269
49    0.000249788
50    0.000289663
51    0.000299755
52    0.000304093
53    0.000403049
54    0.000251083
55    0.000274694
56     0.00025525
57    0.000233156
58    0.000221837
59    0.000203174
60     0.00016453
61    0.000160211
62    0.000113765
63    0.000132932
64     0.00013538
65      0.0001258
66     0.00015521
67     9.3628e-05
68    0.000165237
69    0.000147935
70    0.000179458
71    0.000152338
72    0.000162228
73    0.000146786
74     0.00012435
75    0.000141765
76    9.81341e-05
77    0.000110779
78     8.0614e-05
79    7.94996e-05
80    6.99998e-05
81    7.43836e-05
82    8.28187e-05
83    8.52949e-05
84    7.65996e-05
85    6.81126e-05
86    5.38088e-05
87    4.41158e-05
88    6.16373e-05
89    7.47903e-05
90    7.32785e-05
91    6.37418e-05
92    6.55416e-05
93    6.75949e-05
94    6.89831e-05
95    4.55255e-05
96    6.10036e-05
97    4.63363e-05
98    5.20309e-05
99    3.03515e-05
100    3.39498e-05
101    3.24431e-05
102    3.09062e-05
103    2.53312e-05
104    3.59641e-05
105    1.84691e-05
106    2.65538e-05
107    2.62357e-05
108    3.11463e-05
109     2.3622e-05
110    2.23593e-05
111    2.01219e-05
112    2.15205e-05
113    1.85869e-05
114    2.34913e-05
115    1.16584e-05
116    1.86492e-05
117    1.75769e-05
118    1.06308e-05
119    1.63643e-05
120    1.09346e-05
121    1.91886e-05
122     1.7137e-05
123    1.12286e-05
124    1.74371e-05
125    1.45156e-05
126    1.18511e-05
127     1.0912e-05
128    1.17082e-05
129    1.21961e-05
130    9.88742e-06
131     1.2604e-05
132    1.16058e-05
133    1.23949e-05
134    1.34758e-05
135    1.22934e-05
136    6.07382e-06
137    8.74193e-06
138    1.23187e-05
139    6.96583e-06
140    7.13848e-06
141     9.7635e-06
142    7.23856e-06
143    8.08829e-06
144    8.91318e-06
145    8.15808e-06
146    6.99906e-06
147    1.13321e-05
148    8.35484e-06
149    3.09516e-06
150    6.65347e-06
151    5.37653e-06
152     6.7664e-06
153    6.66085e-06
154    4.03211e-06
155    3.64737e-06
156    2.89358e-06
157    3.59093e-06
158    5.97914e-06
159    4.86387e-06
160    6.71717e-06
161    6.17453e-06
162    6.32851e-06
163    4.83923e-06
164    4.42073e-06
165    2.05971e-06
166    5.00197e-06
167    4.64321e-06
168     3.5293e-06
169    4.53256e-06
170    7.83666e-06
171    6.32093e-06
172     5.3963e-06
173    4.71176e-06
174    2.96642e-06
175    6.00081e-06
176    3.09091e-06
177    5.50877e-06
178     2.9991e-06
179    6.30692e-06
180    5.35335e-06
181    6.04363e-06
182    7.99068e-06
183    5.71735e-06
184    8.08498e-06
185    6.73159e-06
186    5.28885e-06
187    6.92022e-06
188    5.43705e-06
189    5.34429e-06
190    2.69736e-06
191     8.4195e-06
192    3.98278e-06
193    2.60306e-06
194    5.99149e-06
195      6.536e-06
196    4.43296e-06
197    7.00353e-06
198    4.93822e-06
199    5.79749e-06
200    3.01116e-06
201    6.13179e-06
202    6.60284e-06
203    5.91496e-06
204    4.53004e-06
205    4.71024e-06
206    5.01675e-06
207    7.25547e-06
208    6.15918e-06
209    6.48125e-06
210    6.70266e-06
211    6.36384e-06
212    6.02887e-06
213    6.74303e-06
214    7.39507e-06
215     4.6087e-06
216    6.41375e-06
217    5.70926e-06
218     5.6661e-06
219    6.01696e-06
220    4.33837e-06
221    5.32317e-06
222     5.5807e-06
223    6.50642e-06
224    6.57006e-06
225    6.22407e-06
226    5.21335e-06
227     5.5223e-06
228    4.68243e-06
229    1.77212e-06
230     4.5706e-06
231    3.53722e-06
232    4.05679e-06
233    4.90905e-06
234    5.33729e-06
235    2.45894e-06
236    3.44139e-06
237    2.04843e-06
238    3.28956e-06
239    4.38644e-06
240    3.79275e-06
241    2.71505e-06
242    4.09303e-06
243    2.73063e-06
244    5.68956e-06
245     4.9774e-06
246    4.52926e-06
247    3.38461e-06
248     2.4261e-06
249    3.29218e-06
250    2.97826e-06
251    3.95102e-06
252    2.78759e-06
253    2.82576e-06
254    3.07732e-06
255    1.85101e-06
256    2.36939e-06
257      1.956e-06
258    2.47539e-06
259    1.52527e-06
260    1.33771e-06
261    1.81373e-06
262    7.28803e-07
263    1.26952e-06
264    1.16147e-06
265    1.40413e-06
266      1.372e-06
267    1.25603e-06
268    2.13751e-06
269    1.04826e-06
270    1.68196e-06
271    1.11161e-06
272    2.30119e-08
273    7.79162e-07
274    1.71717e-06
275    8.70974e-07
276    7.80383e-07
277    1.90089e-06
278    1.80831e-06
279    2.06929e-06
280    2.22671e-06
281    9.29017e-07
282    1.26569e-06
283    1.15262e-06
284    1.42313e-06
285    2.19192e-06
286    2.14934e-06
287    6.54345e-07
288    1.36176e-06
289    1.49987e-06
290    4.47147e-07
291    1.76634e-06
292    1.48338e-06
293   -1.49687e-07
294    1.61535e-06
295    3.16544e-07
296    8.81527e-07
297    1.42426e-06
298    1.25359e-06
299    1.41531e-06
300     3.5622e-07
301   -1.54094e-08
302    6.65824e-07
303    3.09279e-07
304    2.22258e-07
305   -3.51836e-08
306    9.76985e-07
307    9.54914e-07
308    1.39291e-06
309    2.02564e-06
310     1.7144e-06
311    1.97182e-06
312    1.99259e-06
313    1.21349e-06
314      5.803e-07
315    1.53042e-06
316    1.75725e-06
317     1.7238e-06
318    1.22251e-06
319    1.18364e-06
320    1.81275e-06
321    1.05504e-07
322    1.36173e-06
323    1.35126e-06
324    1.79664e-06
325     8.3876e-07
326    1.07135e-06
327    1.13357e-06
328    2.44505e-06
329    1.29481e-06
330    1.36342e-06
331     1.4881e-06
332    1.46044e-06
333    1.79071e-06
334     1.9373e-06
335    1.79132e-06
336     1.7498e-06
337    1.94001e-06
338    4.91686e-07
339    1.55669e-07
340    1.25217e-06
341    1.73217e-06
342    1.23549e-06
343    2.44868e-06
344    1.34117e-06
345    1.23841e-06
346    5.33433e-07
347    1.72824e-06
348    2.50878e-06
349    1.45136e-06
350    9.42004e-07
351    9.32699e-07
352    7.33565e-07
353    4.97872e-07
354    1.30985e-06
355    6.64185e-07
356    1.45434e-06
357    6.08818e-07
358    1.75713e-06
359    1.97144e-06
360    2.67387e-06
361    1.20672e-06
362    1.46433e-06
363    1.49415e-06
364    1.45252e-06
365   -2.84429e-07
366    1.86462e-06
367    1.03533e-06
368    1.86737e-06
369    1.83676e-06
370    1.30739e-06
371    8.39008e-07
372     1.7073e-06
373    1.45182e-06
374    6.71763e-07
375    1.31434e-06
376    1.70563e-06
377    1.29189e-06
378    1.23328e-06
379    1.38159e-06
380    1.21272e-06
381    2.64312e-07
382    2.68369e-06
383    1.03252e-06
384    1.61126e-06
385    1.18016e-06
386     1.2897e-06
387    8.86078e-07
388    2.14065e-06
389    1.59958e-06
390    1.07328e-06
391    1.72406e-06
392    1.07563e-06
393    9.39222e-07
394    8.93084e-07
395    1.04497e-06
396    8.32536e-07
397     7.3227e-07
398     1.1205e-06
399    1.39736e-06
400    1.39538e-06
401    5.46747e-07
402    1.14667e-07
403    3.98797e-07
404    2.66542e-07
405   -3.65871e-08
406    1.27426e-06
407    5.38177e-07
408    6.70189e-07
409    1.10326e-06
410    6.36317e-07
411    7.96359e-07
412    5.30914e-07
413    4.37722e-07
414   -3.00135e-08
415   -5.27854e-07
416    3.48046e-07
417    3.03067e-07
418    2.61372e-07
419    4.97923e-07
420    6.11856e-07
421    1.07715e-06
422    1.11308e-07
423    4.48708e-07
424    2.21088e-07
425    3.91442e-07
426    1.17045e-07
427     2.1708e-07
428    -2.5172e-07
429   -5.80727e-07
430    4.67602e-07
431    1.93867e-07
432    2.73889e-07
433     9.8452e-07
434    8.63891e-07
435    6.01175e-07
436    2.56003e-07
437    5.48432e-07
438    2.08917e-07
439    5.24788e-08
440    1.06302e-07
441    1.24847e-06
442    3.63167e-07
443    3.05374e-07
444    3.19485e-07
445    4.12082e-07
446    1.03223e-06
447    4.20351e-07
448    4.86183e-07
449    4.86845e-07
450    4.93611e-07
451    2.61332e-07
452    2.39926e-07
453    1.95634e-07
454     3.4521e-07
455    7.50068e-08
456   -8.56226e-08
457    3.68092e-07
458    2.79404e-07
459    1.00088e-06
460    1.08017e-06
461     1.0866e-06
462    2.38551e-07
463    4.86431e-07
464    7.72143e-07
465    4.75896e-07
466    1.04916e-06
467    2.21596e-07
468    1.09709e-07
469    2.85177e-07
470    3.56463e-07
471    1.02144e-06
472    5.90791e-07
473    1.08482e-06
474    8.22125e-07
475    4.91483e-07
476    5.36874e-07
477    7.99622e-07
478    5.18376e-07
479    3.99285e-07
480    5.98526e-07
481     7.5116e-07
482    9.40509e-07
483     1.2484e-06
484     1.1508e-06
485    6.42357e-07
486     3.3772e-07
487    1.45671e-06
488    1.08965e-06
489     7.6262e-07
490    9.37825e-07
491    1.00781e-06
492    6.14467e-07
493    9.31776e-07
494     5.7861e-07
495     2.5598e-07
496    1.03725e-06
497    5.38645e-07
498    6.29629e-07
499    4.19786e-07
500    3.58357e-07
501    1.31858e-06
502    1.03223e-06
503    4.20679e-07
504    1.28311e-06
505     1.8981e-07
506    7.29281e-07
507    1.01086e-06
508    7.30698e-07
509    8.07111e-07
510    7.03056e-07
511      1.077e-06
512    1.19787e-06
