RMS:    Average: 
0.911663   0.0019684
0        27.9305
1        1.17315
2         0.6777
3        0.41885
4      0.0436472
5       0.038523
6       0.016717
7       0.012438
8       0.011779
9     0.00790059
10     0.00348108
11     0.00251965
12     0.00431004
13     0.00322841
14     0.00322856
15     0.00268543
16     0.00213316
17     0.00223386
18     0.00238556
19     0.00204442
20     0.00224068
21     0.00181391
22     0.00151837
23     0.00103988
24     0.00082656
25    0.000670054
26     0.00113885
27    0.000886706
28    0.000914881
29     0.00085048
30     0.00107094
31    0.000695557
32    0.000966504
33    0.000714929
34    0.000966754
35    0.000556402
36    0.000683345
37    0.000686459
38    0.000969317
39    0.000974391
40    0.000874779
41    0.000695593
42    0.000696333
43    0.000558669
44     0.00066997
45    0.000685214
46     0.00070742
47    0.000584776
48    0.000533517
49    0.000436305
50    0.000537071
51    0.000482784
52    0.000560739
53    0.000540957
54    0.000454206
55    0.000433446
56    0.000405839
57    0.000389785
58    0.000392715
59    0.000378733
60    0.000378432
61    0.000348908
62    0.000226419
63    0.000318859
64    0.000284296
65    0.000257449
66     0.00029228
67    0.000243383
68    0.000301357
69    0.000252336
70    0.000264265
71     0.00024299
72    0.000239968
73     0.00025288
74    0.000229688
75    0.000241836
76    0.000221956
77    0.000199409
78    0.000214439
79    0.000163101
80    0.000172675
81    0.000156561
82    0.000187965
83    0.000171746
84    0.000156922
85    0.000138787
86    0.000140012
87    0.000123682
88    0.000133974
89    0.000121505
90    0.000135708
91    0.000119532
92    0.000131574
93    0.000121315
94    0.000114678
95    0.000116915
96    0.000122251
97    0.000106018
98    0.000118833
99    8.88522e-05
100    8.31707e-05
101    7.70508e-05
102    9.83524e-05
103    9.29386e-05
104    7.53287e-05
105    8.48093e-05
106    8.36303e-05
107    6.92467e-05
108    7.16803e-05
109    6.99014e-05
110    7.87961e-05
111    7.42878e-05
112    7.03917e-05
113    6.71935e-05
114    7.33426e-05
115    6.69985e-05
116    6.40625e-05
117    6.22993e-05
118    6.01369e-05
119    6.03332e-05
120    5.87802e-05
121    5.80697e-05
122    5.86003e-05
123    5.64674e-05
124    5.41943e-05
125     5.7245e-05
126    5.23668e-05
127    4.93662e-05
128    4.62608e-05
129    4.56414e-05
130    4.16878e-05
131    5.11795e-05
132     4.0426e-05
133     4.6082e-05
134    5.14164e-05
135    4.86366e-05
136    4.19512e-05
137    4.44859e-05
138    4.38706e-05
139    3.89349e-05
140     4.7963e-05
141    4.82236e-05
142    4.87572e-05
143    4.10848e-05
144    4.56751e-05
145    4.24411e-05
146    3.50287e-05
147     3.3658e-05
148    4.03363e-05
149     3.6291e-05
150    3.45293e-05
151    3.79498e-05
152    4.17003e-05
153    3.89405e-05
154    3.90582e-05
155    3.13047e-05
156    3.14818e-05
157    2.94389e-05
158    3.12948e-05
159    3.21176e-05
160    3.37168e-05
161    3.21143e-05
162     3.3029e-05
163    3.37683e-05
164     3.8123e-05
165    3.38272e-05
166    3.73319e-05
167    3.83768e-05
168    3.66726e-05
169    3.20564e-05
170    3.66303e-05
171    3.42229e-05
172    3.33847e-05
173    3.18244e-05
174    3.44537e-05
175    3.11993e-05
176     3.1137e-05
177    3.33106e-05
178    2.74073e-05
179    3.07217e-05
180    3.30315e-05
181    3.41502e-05
182    3.51189e-05
183    3.61459e-05
184    3.14028e-05
185    3.10335e-05
186    3.12142e-05
187    2.96095e-05
188    3.07621e-05
189    3.14329e-05
190    3.04288e-05
191    3.23409e-05
192    3.02065e-05
193    2.96425e-05
194    2.86098e-05
195    3.10641e-05
196    2.96372e-05
197    2.96721e-05
198    3.01781e-05
199     2.8438e-05
200    2.77569e-05
201    3.12023e-05
202    2.85825e-05
203    2.90556e-05
204    2.79926e-05
205    2.78499e-05
206    2.54012e-05
207    2.90985e-05
208    2.67424e-05
209    2.82736e-05
210    2.84835e-05
211     2.4425e-05
212    2.97665e-05
213    2.98862e-05
214    2.80193e-05
215    2.65981e-05
216      2.559e-05
217    2.90572e-05
218    3.04185e-05
219    2.74526e-05
220    3.08514e-05
221     2.5786e-05
222     2.6679e-05
223    2.64318e-05
224    2.74432e-05
225    2.59683e-05
226    2.77027e-05
227    2.61795e-05
228    2.61961e-05
229     2.2197e-05
230    2.29168e-05
231    2.46544e-05
232    2.56114e-05
233    2.53418e-05
234    2.45515e-05
235    2.65616e-05
236    2.23325e-05
237     2.3345e-05
238    2.13311e-05
239    2.23685e-05
240    2.33822e-05
241    2.16896e-05
242    2.07155e-05
243    2.38526e-05
244    2.55975e-05
245    1.99456e-05
246     2.0655e-05
247    1.94104e-05
248    2.19492e-05
249    2.00069e-05
250    2.16594e-05
251    2.14785e-05
252    1.93201e-05
253    1.96612e-05
254    2.05632e-05
255    1.70873e-05
256     2.1024e-05
257     2.1648e-05
258    1.93219e-05
259    2.05912e-05
260    1.93277e-05
261    1.84502e-05
262    1.90145e-05
263    1.88902e-05
264    1.78085e-05
265    2.04521e-05
266    1.92095e-05
267    1.86208e-05
268    1.87905e-05
269    1.96168e-05
270    1.71159e-05
271    1.98853e-05
272    1.67667e-05
273    1.75605e-05
274    1.78737e-05
275    1.69646e-05
276     1.6907e-05
277    1.72668e-05
278    1.76317e-05
279    1.78037e-05
280    1.79709e-05
281    1.65546e-05
282    1.70735e-05
283    1.65969e-05
284    1.71568e-05
285    1.72878e-05
286    1.56055e-05
287    1.78586e-05
288    1.66655e-05
289    1.71663e-05
290    1.91239e-05
291    1.69306e-05
292    1.84634e-05
293    1.83847e-05
294    1.76589e-05
295    1.85711e-05
296    1.73675e-05
297    1.57068e-05
298    1.76637e-05
299    1.79519e-05
300    1.67755e-05
301    1.64187e-05
302    1.68393e-05
303    1.51281e-05
304    1.50574e-05
305    1.56978e-05
306    1.48727e-05
307     1.5197e-05
308    1.82395e-05
309    1.59116e-05
310    1.69512e-05
311    1.63402e-05
312    1.54168e-05
313    1.57007e-05
314    1.50762e-05
315    1.53142e-05
316    1.56622e-05
317    1.45959e-05
318    1.56609e-05
319    1.39799e-05
320    1.59923e-05
321    1.66197e-05
322    1.72095e-05
323    1.72854e-05
324     1.7984e-05
325    1.54742e-05
326    1.56805e-05
327    1.63866e-05
328     1.6978e-05
329    1.60242e-05
330    1.70021e-05
331     1.5949e-05
332    1.51137e-05
333    1.64924e-05
334    1.51439e-05
335    1.59005e-05
336    1.61691e-05
337    1.54531e-05
338    1.72051e-05
339    1.51789e-05
340    1.48078e-05
341    1.49752e-05
342    1.53544e-05
343    1.55852e-05
344    1.69981e-05
345    1.54106e-05
346    1.53587e-05
347    1.49249e-05
348    1.47351e-05
349    1.52951e-05
350     1.4264e-05
351    1.42355e-05
352    1.40344e-05
353    1.34949e-05
354    1.43785e-05
355    1.45054e-05
356    1.47191e-05
357    1.42258e-05
358    1.41943e-05
359     1.4122e-05
360    1.43028e-05
361    1.42126e-05
362    1.37277e-05
363    1.39471e-05
364    1.35697e-05
365    1.33848e-05
366     1.4032e-05
367     1.3266e-05
368    1.33032e-05
369    1.42254e-05
370    1.35136e-05
371    1.43425e-05
372    1.39269e-05
373    1.52449e-05
374    1.44334e-05
375    1.40045e-05
376    1.51184e-05
377    1.44569e-05
378    1.32573e-05
379    1.29135e-05
380    1.22688e-05
381    1.23215e-05
382    1.20717e-05
383    1.15937e-05
384    1.36127e-05
385    1.32428e-05
386    1.39624e-05
387    1.33446e-05
388    1.30175e-05
389    1.38687e-05
390    1.34682e-05
391    1.42143e-05
392    1.37972e-05
393    1.36965e-05
394    1.38996e-05
395    1.31098e-05
396    1.36471e-05
397    1.29479e-05
398    1.36182e-05
399    1.29897e-05
400      1.253e-05
401       1.19e-05
402    1.29334e-05
403    1.25431e-05
404     1.2302e-05
405    1.31795e-05
406    1.18671e-05
407    1.24865e-05
408    1.20105e-05
409    1.25662e-05
410    1.22628e-05
411    1.17303e-05
412    1.21546e-05
413    1.26425e-05
414    1.26769e-05
415    1.19743e-05
416    1.22832e-05
417    1.23795e-05
418    1.27072e-05
419    1.23113e-05
420    1.16987e-05
421     1.2784e-05
422    1.20119e-05
423    1.19403e-05
424    1.18444e-05
425    1.13793e-05
426    1.12164e-05
427    1.16915e-05
428     1.1985e-05
429    1.13976e-05
430    1.15481e-05
431    1.08425e-05
432     1.1391e-05
433    1.20546e-05
434    1.23389e-05
435    1.17864e-05
436    1.21485e-05
437    1.32147e-05
438    1.21053e-05
439    1.25044e-05
440    1.31921e-05
441    1.14826e-05
442    1.25608e-05
443    1.27194e-05
444    1.21183e-05
445    1.19803e-05
446    1.26276e-05
447    1.13432e-05
448    1.12688e-05
449    1.21412e-05
450    1.13784e-05
451    1.09054e-05
452    1.08704e-05
453    1.19615e-05
454    1.13286e-05
455    1.12537e-05
456    1.24816e-05
457    1.22575e-05
458    1.19768e-05
459    1.22307e-05
460    1.16401e-05
461    1.14471e-05
462    1.04862e-05
463     1.2135e-05
464    1.13947e-05
465    1.11973e-05
466     1.2071e-05
467    1.17279e-05
468    1.14648e-05
469    1.21751e-05
470    1.23212e-05
471    1.19671e-05
472    1.16185e-05
473    1.05925e-05
474    1.14778e-05
475    1.18825e-05
476    1.05278e-05
477    1.08581e-05
478    1.19345e-05
479    1.08182e-05
480    1.14223e-05
481    1.15554e-05
482    1.04784e-05
483     1.1276e-05
484    1.12833e-05
485    1.03836e-05
486    1.12948e-05
487    1.13194e-05
488    1.12498e-05
489    1.03209e-05
490    1.06794e-05
491    1.09655e-05
492    1.10195e-05
493       1.11e-05
494    1.16037e-05
495    1.11609e-05
496    1.14757e-05
497    1.11299e-05
498    1.12951e-05
499    1.07883e-05
500    1.16272e-05
501    1.06783e-05
502    1.02231e-05
503    1.06505e-05
504    1.08557e-05
505    1.01122e-05
506    1.08461e-05
507    1.02005e-05
508    1.09436e-05
509    1.11152e-05
510    1.13472e-05
511    1.02145e-05
512    9.44695e-06
