0         29.592
1       0.990312
2        0.58038
3       0.358749
4        0.03824
5      0.0335944
6      0.0151114
7      0.0106272
8      0.0103549
9     0.00614021
10     0.00303528
11     0.00188185
12      0.0039277
13     0.00269425
14     0.00286037
15     0.00240731
16     0.00163304
17     0.00179044
18     0.00189308
19     0.00181525
20     0.00191824
21     0.00147526
22     0.00106348
23    0.000747004
24    0.000645375
25    0.000429279
26    0.000891956
27    0.000805479
28    0.000654805
29    0.000674153
30    0.000828528
31    0.000512646
32    0.000752171
33    0.000547873
34    0.000691699
35    0.000477514
36    0.000577674
37    0.000551615
38    0.000767958
39    0.000779805
40    0.000649019
41    0.000561513
42    0.000574443
43    0.000418165
44    0.000554187
45     0.00050141
46    0.000543001
47    0.000466385
48     0.00038713
49     0.00033047
50    0.000365461
51    0.000364096
52    0.000383718
53    0.000481446
54    0.000329055
55    0.000360045
56    0.000350105
57    0.000302568
58    0.000307248
59    0.000273948
60    0.000228835
61     0.00024129
62    0.000164849
63    0.000208395
64    0.000191206
65    0.000188768
66    0.000212547
67    0.000142883
68    0.000223763
69    0.000177098
70    0.000198266
71    0.000186134
72    0.000183442
73    0.000181456
74    0.000164199
75    0.000179389
76    0.000140565
77    0.000161538
78    0.000141148
79    0.000102678
80    0.000104334
81    0.000103939
82    0.000113204
83    9.83669e-05
84    8.87317e-05
85    8.66966e-05
86    7.88204e-05
87    6.72906e-05
88    8.49117e-05
89    8.31897e-05
90    9.78666e-05
91    8.41263e-05
92    7.99754e-05
93    8.30758e-05
94    8.65683e-05
95     6.9649e-05
96    7.75025e-05
97     6.8451e-05
98    6.45846e-05
99    3.78927e-05
100    4.34479e-05
101    4.14164e-05
102    4.45946e-05
103    4.63893e-05
104     4.8842e-05
105    4.00104e-05
106    3.60842e-05
107    3.28648e-05
108    4.46513e-05
109     3.6166e-05
110    3.65674e-05
111    3.21762e-05
112    2.95517e-05
113    2.93427e-05
114    3.21947e-05
115    2.73534e-05
116    2.89541e-05
117    2.74841e-05
118    1.97003e-05
119    2.52756e-05
120    2.51145e-05
121    2.68381e-05
122      2.179e-05
123    2.56803e-05
124    2.03671e-05
125    2.18985e-05
126    2.04119e-05
127    1.75405e-05
128     1.2475e-05
129    2.00633e-05
130    1.37965e-05
131    2.04951e-05
132    1.63441e-05
133    1.20184e-05
134    2.10168e-05
135     1.5235e-05
136    1.16929e-05
137    1.48464e-05
138     1.2423e-05
139    1.21965e-05
140    1.19913e-05
141    1.23213e-05
142     1.2377e-05
143    8.55202e-06
144    1.29664e-05
145    1.02514e-05
146      1.284e-05
147    1.38698e-05
148    1.60442e-05
149    6.69058e-06
150    9.08714e-06
151    1.04869e-05
152    9.86458e-06
153    9.14759e-06
154    1.27358e-05
155    7.27372e-06
156    9.50833e-06
157    6.54824e-06
158    1.02526e-05
159    8.21541e-06
160    1.01985e-05
161    8.78877e-06
162    1.32106e-05
163    9.00759e-06
164    1.23537e-05
165    7.86339e-06
166    8.52979e-06
167    1.08415e-05
168    8.86437e-06
169    1.13973e-05
170     1.1711e-05
171     1.1104e-05
172    1.00006e-05
173    7.82984e-06
174    7.17419e-06
175    9.03966e-06
176    8.90912e-06
177    9.58688e-06
178     9.5797e-06
179    9.23603e-06
180    9.79668e-06
181    1.21605e-05
182    1.30595e-05
183    1.23836e-05
184    1.24803e-05
185     9.8124e-06
186    1.03312e-05
187    8.61636e-06
188    1.28198e-05
189    9.27084e-06
190    8.33479e-06
191    8.56754e-06
192    6.21645e-06
193    6.84473e-06
194    9.39147e-06
195    9.59259e-06
196    1.12651e-05
197    1.11892e-05
198    1.17452e-05
199    1.03278e-05
200    9.01348e-06
201    1.11092e-05
202    1.05102e-05
203    1.16959e-05
204    8.88211e-06
205     1.1946e-05
206     1.0061e-05
207      1.222e-05
208    9.25402e-06
209    1.03153e-05
210    9.71344e-06
211    7.23652e-06
212    1.05533e-05
213    8.60044e-06
214    8.64653e-06
215     9.3505e-06
216    8.09808e-06
217    7.00852e-06
218    8.75655e-06
219     7.5641e-06
220    7.51332e-06
221    8.17359e-06
222    8.60051e-06
223    7.53951e-06
224    8.24794e-06
225    7.54553e-06
226    7.45533e-06
227    9.05052e-06
228    7.56222e-06
229      7.918e-06
230    7.69588e-06
231    8.72686e-06
232    7.65371e-06
233    6.89166e-06
234     8.8021e-06
235    7.80004e-06
236    8.92272e-06
237    7.33744e-06
238    7.00255e-06
239    6.97455e-06
240    6.30657e-06
241    4.30466e-06
242    3.37803e-06
243    5.36012e-06
244    5.50319e-06
245    5.20221e-06
246    5.10765e-06
247     5.1425e-06
248    6.94883e-06
249    5.51567e-06
250    5.63936e-06
251    6.74646e-06
252    5.93004e-06
253    4.11159e-06
254    5.42634e-06
255    4.19251e-06
256    5.21732e-06
257    5.59151e-06
258    4.76092e-06
259    2.48792e-06
260     4.7512e-06
261    2.90621e-06
262    4.96699e-06
263    3.33139e-06
264    2.34889e-06
265     3.9148e-06
266    3.63794e-06
267     3.3876e-06
268    3.15856e-06
269    1.64214e-06
270     1.8041e-06
271    2.67011e-06
272    3.77602e-06
273    2.16657e-06
274    4.28841e-06
275    2.81981e-06
276    3.19749e-06
277    3.57406e-06
278    2.96924e-06
279    3.68342e-06
280    3.45113e-06
281    3.45984e-06
282    4.72843e-06
283    4.42149e-06
284    3.61888e-06
285    3.14378e-06
286    2.69187e-06
287    1.95592e-06
288    2.07319e-06
289    3.28722e-06
290    3.43348e-06
291    1.63298e-06
292    3.16538e-06
293    2.50739e-06
294    3.05765e-06
295    3.32919e-06
296    3.47802e-06
297    3.15663e-06
298    4.13847e-06
299    3.37462e-06
300    3.69574e-06
301    2.69847e-06
302    2.91304e-06
303    3.22777e-06
304    3.42193e-06
305    2.75535e-06
306    2.70676e-06
307    2.30108e-06
308    3.38903e-06
309     3.6473e-06
310    3.91885e-06
311    3.49692e-06
312    2.83373e-06
313    2.70664e-06
314    3.11622e-06
315     3.7582e-06
316    3.13256e-06
317    2.16581e-06
318    2.87157e-06
319    2.58815e-06
320    3.41911e-06
321    3.25721e-06
322    3.66168e-06
323    2.97796e-06
324    4.04232e-06
325    2.53621e-06
326    3.19092e-06
327    3.82523e-06
328    4.19742e-06
329    3.77591e-06
330    3.69502e-06
331    3.49835e-06
332    2.40473e-06
333     2.1845e-06
334     2.1437e-06
335     4.5512e-06
336    4.13325e-06
337    2.99807e-06
338    3.54349e-06
339    2.63189e-06
340    2.82654e-06
341    2.99295e-06
342    2.04612e-06
343    2.87034e-06
344    3.25506e-06
345    3.57844e-06
346    2.73412e-06
347    2.80688e-06
348    2.02925e-06
349    2.81814e-06
350    3.20971e-06
351    3.54228e-06
352     3.7059e-06
353    2.92182e-06
354    3.61821e-06
355    3.12736e-06
356    2.61548e-06
357    2.50787e-06
358    3.38483e-06
359    2.49214e-06
360    3.98306e-06
361    3.13517e-06
362    2.43561e-06
363    2.08474e-06
364    2.11481e-06
365    2.64107e-06
366    2.67747e-06
367     2.0211e-06
368    2.32627e-06
369    2.27667e-06
370    3.12912e-06
371    2.75675e-06
372    2.40951e-06
373    3.52105e-06
374    3.70483e-06
375    3.03666e-06
376    2.46025e-06
377    1.93444e-06
378    2.70717e-06
379    1.97095e-06
380    2.06895e-06
381    2.07342e-06
382    2.67922e-06
383    2.66359e-06
384    2.70899e-06
385    2.09623e-06
386    2.50878e-06
387    1.84788e-06
388    2.24477e-06
389    1.94382e-06
390    1.14271e-06
391    1.39051e-06
392    2.37569e-06
393    2.14864e-06
394    1.75179e-06
395    2.19873e-06
396    2.05108e-06
397    1.52616e-06
398    1.88737e-06
399    1.92684e-06
400    1.69855e-06
401    2.56983e-06
402    3.38019e-06
403    2.17873e-06
404    2.05904e-06
405     1.9463e-06
406    5.09338e-07
407    7.80985e-07
408    1.70626e-06
409    2.20966e-06
410    1.82333e-06
411     1.5599e-06
412     1.8305e-06
413    2.23973e-06
414    2.11929e-06
415    1.05458e-06
416    1.94503e-06
417    1.95526e-06
418    1.59105e-06
419    1.93111e-06
420    2.15652e-06
421     1.4926e-06
422    1.44863e-06
423     1.1206e-06
424    5.49775e-07
425    1.70179e-06
426     1.4004e-06
427    1.86146e-06
428    1.36749e-06
429    1.63836e-06
430    1.24004e-06
431    2.49228e-06
432    1.24744e-06
433    2.76526e-06
434    1.94718e-06
435    1.89463e-06
436    1.59586e-06
437    1.84054e-06
438    1.70808e-06
439    2.09798e-06
440    2.38873e-06
441     1.3756e-06
442    2.31585e-06
443    1.54119e-06
444    2.15652e-06
445    1.66225e-06
446    2.16152e-06
447     1.9449e-06
448    9.70051e-07
449    1.29431e-06
450    7.99955e-07
451    1.41203e-06
452    8.07126e-07
453    1.08403e-06
454     1.5363e-06
455    1.57147e-06
456     1.8546e-06
457    2.34581e-06
458    2.70295e-06
459    1.84356e-06
460    1.45176e-06
461    1.67651e-06
462    9.92276e-07
463    2.05837e-06
464    9.17889e-07
465    1.48494e-06
466    1.08591e-06
467    1.35619e-06
468    2.53498e-06
469    1.99026e-06
470    1.62211e-06
471    1.72636e-06
472    1.65395e-06
473    1.79203e-06
474    1.57702e-06
475    1.51291e-06
476    1.97475e-06
477    1.13567e-06
478    1.61145e-06
479    9.21591e-07
480    1.10958e-06
481    1.22304e-06
482    1.72519e-06
483    1.12284e-06
484    1.50367e-06
485    1.54579e-06
486    2.03885e-06
487    1.56924e-06
488    1.35739e-06
489    1.26165e-06
490    1.54439e-06
491    1.09507e-06
492    1.90594e-06
493    1.51686e-06
494    1.34316e-06
495    1.32948e-06
496    1.43809e-06
497    1.98965e-06
498    1.44633e-06
499    1.42177e-06
500    1.88095e-06
501    1.23034e-06
502    1.65855e-06
503    9.68175e-07
504    1.20477e-06
505    8.95731e-07
506    1.12753e-06
507    1.21144e-06
508      8.407e-07
509    1.56208e-06
510    1.48026e-06
511    1.15676e-06
512    1.17146e-06
