0        30.2572
1       0.940982
2        0.55434
3       0.344445
4      0.0367876
5      0.0314853
6      0.0149203
7      0.0102425
8      0.0104186
9     0.00557752
10     0.00303443
11     0.00172726
12     0.00428725
13     0.00272698
14     0.00291031
15     0.00249071
16     0.00151696
17     0.00170575
18     0.00180354
19     0.00174558
20     0.00184732
21     0.00142793
22     0.00102333
23    0.000802139
24    0.000745274
25    0.000488822
26      0.0009335
27    0.000861244
28    0.000697397
29    0.000679104
30    0.000798414
31    0.000515536
32    0.000762401
33    0.000561726
34    0.000635897
35    0.000524966
36    0.000560842
37    0.000592046
38    0.000788982
39    0.000790125
40    0.000656174
41    0.000585062
42    0.000614452
43    0.000401859
44    0.000565794
45    0.000483647
46    0.000542829
47    0.000457928
48    0.000418898
49    0.000346623
50    0.000370647
51    0.000368046
52     0.00039323
53    0.000476878
54    0.000314509
55     0.00035752
56    0.000353091
57    0.000345593
58    0.000328188
59    0.000281542
60    0.000253657
61    0.000250082
62    0.000208658
63     0.00020735
64    0.000189448
65     0.00021107
66     0.00021038
67    0.000170053
68    0.000239095
69    0.000197309
70    0.000233796
71    0.000201612
72    0.000217316
73    0.000197811
74    0.000186504
75    0.000202878
76    0.000151685
77    0.000176528
78    0.000152113
79    0.000122589
80    0.000117532
81    0.000123315
82    0.000127037
83    0.000110428
84    9.86558e-05
85    9.51715e-05
86    8.65716e-05
87    8.27803e-05
88     9.3865e-05
89    9.40404e-05
90    0.000114348
91    8.96479e-05
92    9.23392e-05
93    9.02007e-05
94    8.82474e-05
95      7.474e-05
96    7.83723e-05
97    8.11283e-05
98    7.08322e-05
99    5.18885e-05
100    5.64829e-05
101    5.30677e-05
102    5.51676e-05
103    5.86594e-05
104     5.9254e-05
105    5.12693e-05
106    4.88078e-05
107    4.67435e-05
108    6.49087e-05
109    4.35017e-05
110    5.12653e-05
111    4.67514e-05
112    4.18452e-05
113      4.489e-05
114    3.81525e-05
115    3.87397e-05
116    3.82436e-05
117    3.81917e-05
118    2.86162e-05
119    3.58584e-05
120    3.49593e-05
121    3.40048e-05
122    3.65738e-05
123    3.51409e-05
124    2.82378e-05
125     3.2113e-05
126    3.16723e-05
127    2.39814e-05
128    2.08211e-05
129    2.66032e-05
130    2.09061e-05
131     3.1287e-05
132    2.71726e-05
133    2.49811e-05
134    2.67743e-05
135    2.50383e-05
136    2.33559e-05
137    2.25908e-05
138    2.27617e-05
139    2.21788e-05
140    2.09503e-05
141    2.71128e-05
142    1.90258e-05
143    2.30492e-05
144    2.33876e-05
145    1.93896e-05
146    2.30648e-05
147     2.1229e-05
148    2.29575e-05
149      1.512e-05
150    1.74124e-05
151    1.61529e-05
152    1.61193e-05
153    1.37652e-05
154    1.53923e-05
155    1.57937e-05
156    1.24261e-05
157     1.3698e-05
158    1.58288e-05
159    1.87086e-05
160    1.88742e-05
161    1.73752e-05
162    2.02873e-05
163    1.63107e-05
164    1.71298e-05
165    1.42789e-05
166    1.26774e-05
167    1.59046e-05
168    1.51011e-05
169    1.44903e-05
170    1.53448e-05
171     1.4466e-05
172    1.41838e-05
173    1.31859e-05
174    1.17727e-05
175    1.25796e-05
176    1.30072e-05
177    1.35216e-05
178    1.41436e-05
179    1.40535e-05
180    1.19963e-05
181    1.70932e-05
182    1.56666e-05
183    1.59544e-05
184    1.66601e-05
185    1.37144e-05
186    1.60255e-05
187    1.49451e-05
188    1.40149e-05
189    1.42047e-05
190    1.40649e-05
191    1.14595e-05
192    1.01227e-05
193    1.19583e-05
194    1.38587e-05
195    1.33745e-05
196    1.64307e-05
197    1.48576e-05
198    1.46256e-05
199    1.48588e-05
200    1.32956e-05
201    1.59002e-05
202    1.66446e-05
203    1.58262e-05
204    1.22062e-05
205    1.49627e-05
206    1.44216e-05
207    1.41197e-05
208    1.18479e-05
209    1.32177e-05
210    1.19427e-05
211    1.13099e-05
212    1.25528e-05
213    1.21333e-05
214    1.28275e-05
215    1.29216e-05
216    1.36968e-05
217    1.23408e-05
218    1.26995e-05
219    1.39573e-05
220    1.13009e-05
221    1.12359e-05
222    1.32856e-05
223    1.16816e-05
224    1.32716e-05
225    1.12676e-05
226    1.10819e-05
227    1.25676e-05
228    1.11668e-05
229    1.09771e-05
230    1.28214e-05
231    1.13897e-05
232    1.12522e-05
233    1.25317e-05
234    1.21927e-05
235    1.19715e-05
236     1.2396e-05
237    1.08529e-05
238    1.11132e-05
239    1.19841e-05
240    1.05643e-05
241    1.06075e-05
242    7.88027e-06
243     8.9389e-06
244    8.77108e-06
245    8.20013e-06
246    1.00296e-05
247    8.71785e-06
248    1.01726e-05
249    9.82677e-06
250    8.66182e-06
251    9.35546e-06
252    8.15561e-06
253    8.00309e-06
254    7.55306e-06
255     6.8009e-06
256    8.88567e-06
257    9.21868e-06
258     8.5044e-06
259    6.01753e-06
260    7.43277e-06
261    7.99922e-06
262    7.67935e-06
263    6.08347e-06
264    7.86925e-06
265    7.07192e-06
266    8.04523e-06
267    7.42797e-06
268    8.05853e-06
269    5.95873e-06
270    5.70246e-06
271    5.13818e-06
272    6.76934e-06
273    5.92734e-06
274     6.3791e-06
275    5.27684e-06
276    5.12974e-06
277    6.46337e-06
278     6.8035e-06
279    7.43039e-06
280    7.10349e-06
281    6.11995e-06
282    6.08183e-06
283    5.09979e-06
284    4.78184e-06
285    4.92911e-06
286     4.8095e-06
287    4.08202e-06
288    5.69228e-06
289    5.73498e-06
290    6.99601e-06
291    4.15775e-06
292    5.87247e-06
293    5.59704e-06
294    7.18455e-06
295     7.7188e-06
296    7.10947e-06
297     6.6927e-06
298     6.5374e-06
299    5.80101e-06
300    7.25911e-06
301    5.67002e-06
302    5.31134e-06
303     5.4903e-06
304    5.16658e-06
305    5.63944e-06
306    6.37344e-06
307    5.56845e-06
308    5.95441e-06
309    6.19627e-06
310    5.30509e-06
311    5.27946e-06
312    4.41903e-06
313    4.60515e-06
314     5.6804e-06
315    4.77821e-06
316    5.23945e-06
317    4.48164e-06
318     4.3411e-06
319    4.57398e-06
320    5.74219e-06
321     6.4333e-06
322    5.92133e-06
323    5.78808e-06
324    6.28195e-06
325    6.26851e-06
326    5.92632e-06
327    6.17012e-06
328    6.07536e-06
329    5.89864e-06
330    4.38813e-06
331    5.40318e-06
332    5.02024e-06
333    5.20128e-06
334    6.00666e-06
335    5.01633e-06
336    6.08691e-06
337    4.23707e-06
338    5.81427e-06
339    4.03737e-06
340    5.23655e-06
341    4.75784e-06
342    4.00991e-06
343    4.91844e-06
344    5.18413e-06
345    5.85552e-06
346    6.11787e-06
347    6.49617e-06
348    5.40431e-06
349    5.29748e-06
350    5.78634e-06
351    5.49105e-06
352    5.02877e-06
353    4.38069e-06
354    5.37144e-06
355    5.63202e-06
356    5.12967e-06
357    5.47518e-06
358    5.27537e-06
359    5.53185e-06
360     5.9633e-06
361    5.21363e-06
362    5.71225e-06
363    4.82434e-06
364    4.39652e-06
365    4.52223e-06
366    3.84492e-06
367    3.77023e-06
368    4.60251e-06
369    3.75491e-06
370    4.99398e-06
371     5.0483e-06
372    4.35976e-06
373     5.0106e-06
374    4.91005e-06
375    4.50516e-06
376     3.9996e-06
377    4.95282e-06
378    4.58446e-06
379    3.41953e-06
380    3.71219e-06
381    3.22453e-06
382    3.28044e-06
383    3.81821e-06
384    4.52066e-06
385     4.0579e-06
386    4.47717e-06
387    3.94689e-06
388    4.45292e-06
389    4.12392e-06
390    3.65515e-06
391    3.47232e-06
392    3.77849e-06
393    3.96237e-06
394    3.51378e-06
395    3.80004e-06
396    3.71191e-06
397    3.73968e-06
398     3.5035e-06
399    3.13284e-06
400    2.85455e-06
401     3.8197e-06
402    4.30048e-06
403    2.98774e-06
404    3.65375e-06
405    3.09292e-06
406    2.27123e-06
407     2.7505e-06
408    2.56872e-06
409    2.61946e-06
410    2.99837e-06
411    3.24783e-06
412    3.96413e-06
413     3.8813e-06
414    4.11017e-06
415    3.16585e-06
416    2.66179e-06
417    3.80957e-06
418     3.2696e-06
419    3.40265e-06
420    3.22057e-06
421    2.88173e-06
422     3.0867e-06
423      3.189e-06
424    3.01396e-06
425    3.30608e-06
426    3.33242e-06
427    3.50753e-06
428    3.30084e-06
429    2.77801e-06
430    3.38753e-06
431    3.55312e-06
432    3.47428e-06
433    3.48523e-06
434    4.03437e-06
435    3.48306e-06
436    3.00252e-06
437    2.52048e-06
438    2.71626e-06
439    2.54566e-06
440    2.95864e-06
441    2.18232e-06
442    2.99599e-06
443    2.37088e-06
444    2.37716e-06
445    2.49117e-06
446    2.40297e-06
447    3.17847e-06
448     2.8475e-06
449    2.14796e-06
450    3.33964e-06
451    4.02067e-06
452    2.43308e-06
453     3.4962e-06
454    3.12202e-06
455    2.77703e-06
456    3.13969e-06
457    3.39049e-06
458    3.75518e-06
459    2.90097e-06
460    3.37766e-06
461     3.6328e-06
462    3.08304e-06
463     3.0405e-06
464     2.3106e-06
465    1.79697e-06
466    2.55999e-06
467    2.67106e-06
468    2.96593e-06
469    3.82284e-06
470    3.54732e-06
471    2.50809e-06
472    3.74274e-06
473    3.00775e-06
474    3.63428e-06
475    3.52157e-06
476    2.94421e-06
477    2.48085e-06
478    2.23716e-06
479    1.68526e-06
480    2.57448e-06
481    2.35678e-06
482    3.20707e-06
483    2.26905e-06
484    3.28569e-06
485    3.11735e-06
486    2.55941e-06
487    3.31872e-06
488    2.72539e-06
489    3.18976e-06
490    3.38209e-06
491    2.67085e-06
492    3.32578e-06
493    2.21062e-06
494    3.05843e-06
495    2.97664e-06
496    2.98084e-06
497    2.74147e-06
498    2.95846e-06
499    2.49141e-06
500     2.6467e-06
501     3.1039e-06
502    3.70627e-06
503    2.73942e-06
504    2.60122e-06
505    2.05105e-06
506    2.48472e-06
507    2.22918e-06
508    2.73809e-06
509    2.42616e-06
510    2.53873e-06
511    2.36253e-06
512    2.83432e-06
