RMS:    Average: 
0.917516   -3.49904
0        31.3525
1       0.841188
2       0.499844
3       0.307431
4      0.0357079
5      0.0300028
6      0.0143175
7     0.00961434
8     0.00955261
9     0.00506518
10     0.00290976
11     0.00169667
12     0.00393803
13     0.00251148
14     0.00283548
15     0.00262439
16     0.00155578
17     0.00166527
18     0.00183324
19     0.00187021
20     0.00186322
21      0.0013936
22     0.00100399
23    0.000781993
24     0.00083373
25    0.000543349
26    0.000988751
27    0.000969981
28    0.000817719
29    0.000704444
30    0.000873818
31     0.00060661
32    0.000762361
33    0.000596128
34    0.000668407
35    0.000614134
36    0.000624533
37    0.000619674
38    0.000818126
39    0.000836613
40    0.000684216
41    0.000611403
42    0.000632066
43    0.000413905
44    0.000608911
45    0.000531147
46    0.000586208
47    0.000542896
48     0.00043649
49    0.000371379
50    0.000391262
51    0.000402703
52    0.000409769
53    0.000550789
54    0.000346843
55    0.000422178
56     0.00041335
57     0.00038204
58    0.000350123
59    0.000326234
60    0.000273234
61    0.000272819
62    0.000252338
63    0.000220439
64     0.00021084
65    0.000232235
66    0.000225396
67    0.000193922
68    0.000269423
69    0.000226072
70    0.000262167
71      0.0002515
72    0.000245591
73    0.000225256
74    0.000207184
75    0.000227796
76    0.000169613
77    0.000207791
78    0.000162841
79    0.000152487
80    0.000150454
81    0.000150178
82    0.000147535
83     0.00012581
84    0.000110904
85    0.000111345
86    0.000103261
87    9.55733e-05
88    0.000108697
89    0.000117458
90    0.000135527
91    0.000120434
92    0.000116674
93    0.000117181
94    0.000112407
95    0.000106496
96    9.95203e-05
97    0.000103995
98    9.20756e-05
99     6.6838e-05
100    7.82959e-05
101    7.03666e-05
102    7.34096e-05
103    7.09129e-05
104    7.40183e-05
105    6.70943e-05
106    6.99179e-05
107    6.34304e-05
108    8.02929e-05
109    5.84792e-05
110    6.76153e-05
111    6.59982e-05
112    5.99394e-05
113    6.27838e-05
114    5.51255e-05
115    5.38969e-05
116      5.427e-05
117    5.25241e-05
118    4.68053e-05
119    5.30636e-05
120    5.12794e-05
121    5.34596e-05
122    5.08504e-05
123    4.68206e-05
124     4.3406e-05
125     4.6724e-05
126    4.62691e-05
127    4.06078e-05
128    3.98312e-05
129    4.14215e-05
130     3.7449e-05
131    4.32281e-05
132    4.06082e-05
133    3.85277e-05
134    4.03206e-05
135    3.96586e-05
136    3.80881e-05
137    3.60564e-05
138    3.82726e-05
139    3.58716e-05
140    3.44068e-05
141    4.08132e-05
142    3.41562e-05
143    3.53523e-05
144    4.04492e-05
145     3.4176e-05
146    3.85662e-05
147    3.54459e-05
148    3.38374e-05
149    2.84061e-05
150    3.17984e-05
151    2.71399e-05
152    3.12777e-05
153    2.62945e-05
154    2.69325e-05
155    3.04889e-05
156    2.40553e-05
157    2.78839e-05
158    2.94679e-05
159    3.34473e-05
160    3.07289e-05
161    3.19116e-05
162     3.3998e-05
163    2.96948e-05
164    3.07774e-05
165    2.43267e-05
166    2.46926e-05
167     2.8703e-05
168    2.54218e-05
169    2.70673e-05
170    2.80266e-05
171    2.77877e-05
172    2.90601e-05
173    2.74422e-05
174    2.51417e-05
175    2.63224e-05
176    2.69649e-05
177    2.38686e-05
178    2.89276e-05
179    2.46569e-05
180    2.58324e-05
181    2.87639e-05
182    2.79159e-05
183    2.82452e-05
184    3.10932e-05
185    2.60877e-05
186     2.6579e-05
187    2.42968e-05
188    2.57815e-05
189    2.78321e-05
190    2.73801e-05
191    2.32233e-05
192    2.33214e-05
193    2.30455e-05
194    2.42356e-05
195    2.35934e-05
196     2.7485e-05
197    2.44756e-05
198    2.67304e-05
199    2.66048e-05
200    2.36515e-05
201    2.37324e-05
202    2.71579e-05
203    2.50385e-05
204    2.49662e-05
205    2.33147e-05
206    2.68861e-05
207    2.56526e-05
208    2.55066e-05
209    2.43235e-05
210    2.18738e-05
211    2.45634e-05
212    2.85782e-05
213    2.56965e-05
214    2.61911e-05
215    2.58311e-05
216    2.58683e-05
217    2.67328e-05
218    2.58215e-05
219    2.83928e-05
220    2.39199e-05
221    2.36572e-05
222    2.26981e-05
223    1.98459e-05
224    2.40423e-05
225    2.21438e-05
226    2.20059e-05
227    2.37283e-05
228    2.22547e-05
229    2.18461e-05
230    2.09949e-05
231    2.20668e-05
232    2.18645e-05
233    2.30933e-05
234    2.26214e-05
235    2.17206e-05
236    2.15423e-05
237    2.26188e-05
238    2.10747e-05
239    2.29219e-05
240    2.19807e-05
241    2.02277e-05
242    1.98588e-05
243    1.91604e-05
244     1.9475e-05
245    1.88161e-05
246    2.11873e-05
247    2.02185e-05
248     2.0394e-05
249    2.09681e-05
250    2.17752e-05
251    2.29057e-05
252    1.87268e-05
253     2.0562e-05
254    1.91187e-05
255    1.83086e-05
256    1.96367e-05
257    1.93008e-05
258    1.85271e-05
259     1.8443e-05
260    1.78728e-05
261    1.90667e-05
262    1.82013e-05
263    1.76767e-05
264    1.85158e-05
265    1.87717e-05
266    1.93651e-05
267    1.81523e-05
268    2.08934e-05
269    1.55208e-05
270    1.57543e-05
271    1.50312e-05
272     1.6986e-05
273    1.45276e-05
274    1.61824e-05
275    1.57734e-05
276    1.58569e-05
277    1.69107e-05
278    1.66655e-05
279    1.61943e-05
280    1.80035e-05
281    1.51695e-05
282    1.72762e-05
283    1.53851e-05
284    1.52779e-05
285    1.51982e-05
286    1.68065e-05
287     1.4321e-05
288    1.68217e-05
289    1.66585e-05
290    1.75522e-05
291    1.51353e-05
292    1.57143e-05
293    1.56722e-05
294     1.6115e-05
295    1.70831e-05
296    1.60027e-05
297     1.5197e-05
298    1.64141e-05
299    1.56497e-05
300    1.66415e-05
301    1.52863e-05
302    1.54452e-05
303    1.57943e-05
304     1.4275e-05
305    1.43188e-05
306    1.43188e-05
307     1.4321e-05
308    1.52346e-05
309    1.64761e-05
310    1.50222e-05
311    1.48231e-05
312    1.44381e-05
313    1.46591e-05
314    1.45196e-05
315    1.44102e-05
316     1.6044e-05
317    1.52847e-05
318    1.37589e-05
319    1.46422e-05
320    1.59219e-05
321     1.6247e-05
322    1.55244e-05
323    1.44036e-05
324    1.56386e-05
325    1.48992e-05
326    1.59614e-05
327     1.6089e-05
328    1.64414e-05
329    1.59381e-05
330    1.47481e-05
331    1.41413e-05
332    1.43497e-05
333    1.51002e-05
334    1.65114e-05
335    1.46507e-05
336    1.47754e-05
337     1.4083e-05
338    1.51895e-05
339    1.27306e-05
340    1.52023e-05
341    1.45967e-05
342    1.42181e-05
343    1.43945e-05
344    1.54106e-05
345    1.57783e-05
346    1.41584e-05
347    1.55516e-05
348    1.43301e-05
349    1.41988e-05
350    1.55847e-05
351     1.5827e-05
352    1.39753e-05
353    1.36589e-05
354    1.49099e-05
355    1.50103e-05
356    1.42225e-05
357    1.41187e-05
358    1.38347e-05
359    1.46214e-05
360    1.41611e-05
361    1.49065e-05
362    1.43931e-05
363    1.37317e-05
364    1.46562e-05
365    1.41665e-05
366    1.36625e-05
367    1.46672e-05
368    1.43311e-05
369    1.42413e-05
370    1.31802e-05
371    1.39065e-05
372    1.36233e-05
373    1.39073e-05
374    1.46205e-05
375    1.30794e-05
376    1.36735e-05
377    1.49726e-05
378    1.51858e-05
379    1.38169e-05
380    1.36848e-05
381    1.23423e-05
382    1.27887e-05
383    1.39731e-05
384    1.43984e-05
385    1.30335e-05
386    1.35311e-05
387     1.3436e-05
388    1.41572e-05
389    1.41099e-05
390     1.3521e-05
391    1.32672e-05
392    1.29334e-05
393    1.26306e-05
394    1.33141e-05
395    1.33851e-05
396    1.28113e-05
397    1.36044e-05
398    1.40522e-05
399    1.28515e-05
400    1.23304e-05
401    1.46622e-05
402     1.4025e-05
403    1.29956e-05
404    1.38701e-05
405    1.22025e-05
406    1.13979e-05
407    1.19277e-05
408    1.24396e-05
409    1.26089e-05
410    1.22415e-05
411     1.1934e-05
412    1.25204e-05
413    1.20885e-05
414    1.31784e-05
415    1.39682e-05
416    1.23962e-05
417    1.37472e-05
418    1.25216e-05
419    1.35395e-05
420    1.26255e-05
421    1.32206e-05
422    1.24626e-05
423    1.24803e-05
424     1.2882e-05
425    1.25556e-05
426    1.29546e-05
427    1.20164e-05
428    1.32635e-05
429    1.23716e-05
430    1.17865e-05
431    1.23481e-05
432    1.20417e-05
433     1.2638e-05
434    1.38123e-05
435    1.22578e-05
436    1.21679e-05
437    1.29362e-05
438    1.25718e-05
439    1.16214e-05
440    1.24651e-05
441     1.1841e-05
442    1.18879e-05
443    1.23911e-05
444    1.25402e-05
445    1.22748e-05
446    1.22748e-05
447    1.15071e-05
448    1.23708e-05
449    1.14264e-05
450    1.21655e-05
451    1.29593e-05
452    1.25335e-05
453    1.17697e-05
454    1.18025e-05
455    1.15288e-05
456    1.18564e-05
457    1.25829e-05
458    1.23907e-05
459    1.20732e-05
460    1.17682e-05
461    1.19753e-05
462    1.19204e-05
463    1.19564e-05
464    1.21848e-05
465    1.23034e-05
466    1.12675e-05
467     1.1914e-05
468    1.25777e-05
469    1.25707e-05
470    1.18694e-05
471    1.15798e-05
472    1.28509e-05
473    1.12152e-05
474     1.2336e-05
475    1.19321e-05
476    1.25952e-05
477    1.17968e-05
478    1.22135e-05
479    1.21235e-05
480    1.22188e-05
481    1.23182e-05
482    1.25259e-05
483    1.13794e-05
484    1.23517e-05
485    1.19968e-05
486    1.17519e-05
487    1.19533e-05
488    1.12261e-05
489    1.09541e-05
490    1.21356e-05
491    1.13569e-05
492    1.26853e-05
493    1.22253e-05
494    1.22427e-05
495    1.23385e-05
496    1.25456e-05
497    1.24374e-05
498    1.23452e-05
499    1.12729e-05
500    1.18865e-05
501    1.17951e-05
502    1.25901e-05
503    1.17577e-05
504    1.11481e-05
505    1.07318e-05
506    1.12557e-05
507    1.23215e-05
508     1.1915e-05
509    1.24431e-05
510    1.23164e-05
511    1.15855e-05
512    1.29093e-05
