0        39.3888
1         0.3927
2       0.201205
3       0.135739
4      0.0188132
5       0.016619
6     0.00807238
7     0.00455053
8     0.00391082
9     0.00219833
10     0.00173239
11     0.00150865
12     0.00198908
13      0.0017519
14     0.00189716
15     0.00183832
16    0.000977679
17     0.00132698
18     0.00136589
19     0.00142215
20     0.00127097
21    0.000944259
22    0.000782149
23    0.000552633
24    0.000691056
25    0.000413602
26    0.000774207
27    0.000685388
28    0.000629566
29    0.000496287
30    0.000701786
31    0.000392362
32     0.00056991
33    0.000382147
34    0.000464914
35    0.000424736
36    0.000526754
37    0.000572805
38    0.000655495
39     0.00078656
40     0.00054172
41    0.000474672
42    0.000444668
43    0.000407005
44    0.000389283
45    0.000351851
46    0.000393001
47    0.000402814
48    0.000304221
49    0.000305653
50    0.000293052
51    0.000336589
52      0.0003072
53    0.000436292
54    0.000285525
55    0.000317792
56    0.000292535
57    0.000279714
58    0.000210724
59    0.000219081
60      0.0001856
61    0.000175223
62    0.000159813
63    0.000142143
64    0.000143608
65    0.000154012
66    0.000165795
67    0.000143365
68    0.000189542
69    0.000191293
70    0.000210032
71    0.000202034
72    0.000186904
73    0.000173534
74    0.000153751
75    0.000197704
76    0.000134167
77    0.000144256
78    0.000111491
79    0.000105392
80    9.19005e-05
81    8.96987e-05
82    8.65742e-05
83    0.000100184
84    8.82778e-05
85    8.83615e-05
86    7.90347e-05
87    7.92566e-05
88    9.24293e-05
89    0.000103884
90    0.000112157
91    9.67396e-05
92    9.69504e-05
93    0.000100433
94    9.28601e-05
95    7.23697e-05
96    7.93152e-05
97     6.6533e-05
98    7.41517e-05
99    4.87222e-05
100    6.01724e-05
101    5.17474e-05
102    6.15869e-05
103    4.61196e-05
104    5.09333e-05
105    4.35512e-05
106    4.52447e-05
107    4.91466e-05
108    5.21704e-05
109    4.39532e-05
110    5.41705e-05
111    4.92456e-05
112    4.73553e-05
113    4.32962e-05
114    4.37843e-05
115    3.55569e-05
116    4.55985e-05
117    4.11095e-05
118    3.67047e-05
119    3.94405e-05
120    3.78772e-05
121    3.95029e-05
122    3.89342e-05
123    3.25976e-05
124    3.51266e-05
125    3.22945e-05
126    3.49505e-05
127    2.89824e-05
128    2.89168e-05
129    3.00569e-05
130    2.91656e-05
131    3.06228e-05
132    3.12319e-05
133    3.27615e-05
134    3.13732e-05
135    2.71056e-05
136    2.63898e-05
137    2.33778e-05
138    2.48372e-05
139    2.36933e-05
140    2.37892e-05
141    2.85656e-05
142     2.8678e-05
143    2.70025e-05
144    2.53254e-05
145    2.57169e-05
146    2.69261e-05
147    2.40282e-05
148    2.66382e-05
149    2.25441e-05
150    2.04258e-05
151    2.22703e-05
152    2.28096e-05
153    2.17796e-05
154     2.0068e-05
155    1.94739e-05
156    2.42856e-05
157    2.11063e-05
158     2.2464e-05
159    2.29954e-05
160    1.91247e-05
161    2.57634e-05
162     2.2007e-05
163    2.13861e-05
164    2.23029e-05
165    2.03075e-05
166    2.39942e-05
167    2.04108e-05
168    2.39211e-05
169    2.24956e-05
170     2.3343e-05
171    2.40631e-05
172    2.20093e-05
173     2.0748e-05
174    2.13918e-05
175     2.2647e-05
176    1.96535e-05
177    2.08893e-05
178    2.04131e-05
179    2.22836e-05
180    2.00568e-05
181    2.20786e-05
182    2.42675e-05
183    2.13959e-05
184     2.2693e-05
185    2.54508e-05
186     2.1925e-05
187    2.02597e-05
188    1.99348e-05
189    2.08188e-05
190    2.10334e-05
191     2.1598e-05
192    2.12659e-05
193    2.16305e-05
194    2.09378e-05
195     1.8501e-05
196    2.36051e-05
197    2.01961e-05
198     1.9918e-05
199    2.14669e-05
200    1.89995e-05
201    2.13396e-05
202    2.20449e-05
203    1.93132e-05
204    2.02846e-05
205    1.99634e-05
206    2.10834e-05
207    2.29085e-05
208    1.99295e-05
209    1.99349e-05
210     1.8921e-05
211    2.01979e-05
212    2.21135e-05
213    2.08663e-05
214     2.1264e-05
215    2.10292e-05
216    2.25546e-05
217    1.83069e-05
218    1.80964e-05
219    1.92298e-05
220     2.0173e-05
221    2.00413e-05
222    1.79933e-05
223    1.77048e-05
224    1.88662e-05
225    1.84306e-05
226    2.09493e-05
227    1.72717e-05
228    1.86367e-05
229    1.67081e-05
230    1.78301e-05
231    1.72373e-05
232     1.8792e-05
233    1.90934e-05
234    1.86355e-05
235    1.54261e-05
236     1.7914e-05
237    1.80314e-05
238    1.71483e-05
239    1.80337e-05
240    1.75559e-05
241    1.79846e-05
242    1.64047e-05
243    1.64889e-05
244    1.72271e-05
245    1.72613e-05
246    1.65813e-05
247    1.64842e-05
248    1.61282e-05
249    1.59507e-05
250    1.66224e-05
251    1.73936e-05
252    1.68084e-05
253    1.56384e-05
254    1.76936e-05
255    1.64426e-05
256    1.59746e-05
257    1.69931e-05
258    1.49734e-05
259    1.63118e-05
260    1.43126e-05
261    1.52202e-05
262    1.39406e-05
263    1.50763e-05
264    1.28648e-05
265     1.4454e-05
266      1.534e-05
267    1.49544e-05
268     1.5243e-05
269    1.34228e-05
270    1.37335e-05
271    1.38574e-05
272    1.27664e-05
273    1.42535e-05
274    1.28191e-05
275    1.36293e-05
276    1.39874e-05
277    1.41825e-05
278    1.48097e-05
279    1.42869e-05
280    1.38972e-05
281    1.26896e-05
282    1.33039e-05
283    1.30902e-05
284    1.35262e-05
285    1.27247e-05
286    1.48793e-05
287    1.50039e-05
288      1.275e-05
289    1.32462e-05
290    1.37771e-05
291    1.36848e-05
292    1.33098e-05
293    1.32277e-05
294    1.38179e-05
295    1.40383e-05
296    1.39567e-05
297    1.25413e-05
298    1.39857e-05
299    1.32988e-05
300      1.469e-05
301     1.3845e-05
302    1.36173e-05
303    1.37175e-05
304    1.32657e-05
305    1.29897e-05
306    1.30846e-05
307    1.38077e-05
308     1.4334e-05
309    1.34337e-05
310    1.33369e-05
311    1.31098e-05
312     1.3487e-05
313    1.28388e-05
314     1.2913e-05
315    1.25664e-05
316    1.32286e-05
317    1.30463e-05
318    1.37013e-05
319    1.41847e-05
320    1.40334e-05
321    1.39228e-05
322    1.46433e-05
323    1.51532e-05
324    1.27021e-05
325    1.34993e-05
326    1.48337e-05
327    1.44747e-05
328    1.27905e-05
329    1.35388e-05
330    1.42352e-05
331    1.47923e-05
332    1.35782e-05
333    1.36148e-05
334    1.36766e-05
335     1.3127e-05
336    1.28002e-05
337    1.38696e-05
338    1.39471e-05
339    1.46204e-05
340    1.53318e-05
341    1.39697e-05
342    1.27637e-05
343    1.26507e-05
344    1.16219e-05
345    1.35889e-05
346    1.21516e-05
347    1.32892e-05
348    1.27899e-05
349    1.20681e-05
350    1.28289e-05
351    1.34825e-05
352    1.26218e-05
353    1.17746e-05
354     1.2846e-05
355    1.23728e-05
356    1.32534e-05
357     1.2006e-05
358    1.28267e-05
359    1.29178e-05
360    1.36995e-05
361    1.29604e-05
362    1.21844e-05
363    1.31122e-05
364    1.14838e-05
365    1.18228e-05
366    1.22945e-05
367    1.21455e-05
368    1.22072e-05
369    1.16909e-05
370    1.17927e-05
371    1.25772e-05
372    1.22555e-05
373    1.18614e-05
374    1.17164e-05
375    1.26131e-05
376    1.27895e-05
377    1.17652e-05
378    1.24699e-05
379     1.2876e-05
380    1.28766e-05
381    1.18804e-05
382    1.27857e-05
383    1.26615e-05
384    1.24676e-05
385    1.22432e-05
386    1.24661e-05
387    1.22835e-05
388    1.28747e-05
389    1.23183e-05
390    1.33704e-05
391    1.25537e-05
392    1.18277e-05
393    1.14784e-05
394    1.17518e-05
395     1.2085e-05
396    1.17432e-05
397    1.23061e-05
398     1.3082e-05
399    1.18069e-05
400    1.20147e-05
401    1.14016e-05
402    1.05651e-05
403    1.09483e-05
404    1.18044e-05
405    1.03007e-05
406    1.05575e-05
407    1.18012e-05
408    1.16645e-05
409     1.1841e-05
410    1.19976e-05
411     1.1903e-05
412    1.12628e-05
413    1.14678e-05
414    1.17296e-05
415    1.10765e-05
416    1.11584e-05
417    1.27906e-05
418    1.09017e-05
419    1.16141e-05
420    1.16086e-05
421    1.18506e-05
422    1.06084e-05
423      1.179e-05
424    1.05781e-05
425    1.14663e-05
426    1.03882e-05
427    1.12242e-05
428    1.06104e-05
429    1.08733e-05
430    1.05961e-05
431     1.1516e-05
432    1.12761e-05
433    1.05579e-05
434    1.18912e-05
435    1.09922e-05
436    1.14029e-05
437    1.18028e-05
438    1.11635e-05
439    1.18487e-05
440    1.16793e-05
441    1.22451e-05
442    1.15872e-05
443    1.16653e-05
444    1.03778e-05
445    1.07431e-05
446    1.21194e-05
447    1.13776e-05
448    1.09867e-05
449    1.16969e-05
450    1.18002e-05
451    1.14515e-05
452    1.08231e-05
453    1.13105e-05
454    1.11315e-05
455    1.11947e-05
456     1.1669e-05
457    1.17376e-05
458     1.1282e-05
459    1.27676e-05
460    1.18473e-05
461    1.20794e-05
462    1.12093e-05
463    1.18355e-05
464    1.16102e-05
465    1.10545e-05
466    1.10242e-05
467    1.16966e-05
468    1.19253e-05
469    1.08442e-05
470    1.12812e-05
471    1.10124e-05
472     1.0867e-05
473    1.11673e-05
474    1.10918e-05
475    1.13876e-05
476    1.17746e-05
477    1.06455e-05
478     1.1762e-05
479    1.14027e-05
480    1.06155e-05
481    1.15294e-05
482    1.10008e-05
483     1.0539e-05
484    1.07028e-05
485    1.15051e-05
486    1.10754e-05
487    1.19256e-05
488     1.1776e-05
489    1.18543e-05
490    1.10043e-05
491    1.12355e-05
492    1.16756e-05
493    1.14007e-05
494    1.03698e-05
495    1.07519e-05
496    1.04382e-05
497    1.10478e-05
498    1.07948e-05
499     1.1169e-05
500    1.06987e-05
501    1.07841e-05
502    1.04864e-05
503    1.11927e-05
504    1.08955e-05
505    1.05837e-05
506    1.09672e-05
507    1.08075e-05
508    1.11288e-05
509    1.12186e-05
510     1.1106e-05
511    1.05207e-05
512    1.16221e-05
