RMS:    Average: 
2.06295   3.6573
0   -4.36906e-06
1        1.63691
2        1.73883
3       0.369321
4       0.208294
5      0.0760447
6      0.0261712
7      0.0513735
8       0.041206
9      0.0263309
10      0.0349083
11      0.0283799
12      0.0453604
13      0.0351206
14      0.0436484
15      0.0275693
16      0.0254383
17      0.0279816
18      0.0361838
19      0.0447034
20      0.0293169
21      0.0188022
22      0.0324807
23      0.0167902
24      0.0153617
25      0.0121369
26      0.0152413
27      0.0131687
28      0.0195922
29      0.0130685
30      0.0146672
31      0.0132702
32      0.0127882
33      0.0102511
34     0.00980021
35      0.0101056
36      0.0145175
37      0.0132026
38       0.015037
39      0.0136433
40      0.0119371
41     0.00963599
42      0.0118445
43      0.0101166
44     0.00909641
45     0.00887996
46     0.00723869
47     0.00969607
48      0.0071905
49     0.00778769
50     0.00807942
51     0.00724853
52     0.00542131
53      0.0074979
54     0.00719196
55     0.00627109
56     0.00592996
57      0.0055124
58      0.0054517
59     0.00465008
60     0.00364367
61     0.00329751
62     0.00379757
63     0.00425021
64     0.00309321
65     0.00352457
66     0.00341875
67     0.00276298
68     0.00332173
69     0.00344168
70     0.00363484
71     0.00361649
72     0.00244044
73     0.00351227
74     0.00286283
75     0.00311648
76     0.00244974
77     0.00264623
78     0.00204973
79     0.00221319
80     0.00188076
81     0.00206777
82     0.00179266
83     0.00186088
84     0.00221186
85     0.00230513
86     0.00199751
87     0.00175919
88      0.0020024
89     0.00195424
90     0.00244588
91     0.00193969
92     0.00238685
93     0.00195765
94     0.00166987
95     0.00141594
96     0.00157607
97     0.00154243
98     0.00130568
99     0.00114465
100     0.00107859
101    0.000874515
102    0.000992316
103    0.000996702
104     0.00132848
105    0.000997707
106     0.00105834
107    0.000951225
108    0.000995918
109    0.000968072
110    0.000918526
111    0.000833991
112    0.000957006
113    0.000837347
114    0.000868999
115    0.000877081
116    0.000732657
117    0.000835309
118    0.000885362
119    0.000813553
120    0.000979657
121    0.000734277
122    0.000872282
123    0.000708335
124    0.000822509
125    0.000624481
126    0.000749695
127    0.000623584
128    0.000615777
129    0.000692258
130    0.000709874
131    0.000599595
132    0.000705808
133     0.00048392
134    0.000582373
135    0.000517321
136    0.000554446
137    0.000599056
138    0.000633372
139    0.000630187
140     0.00051115
141    0.000561562
142    0.000443821
143     0.00050075
144    0.000433977
145     0.00061626
146    0.000438137
147    0.000471153
148    0.000404086
149    0.000391334
150    0.000370696
151    0.000394164
152    0.000409155
153     0.00041032
154    0.000410629
155    0.000403566
156    0.000425325
157    0.000398791
158    0.000334209
159    0.000355377
160    0.000412838
161    0.000319783
162    0.000386087
163    0.000400956
164    0.000369131
165    0.000332032
166    0.000348158
167    0.000320868
168    0.000341087
169    0.000398337
170    0.000369089
171    0.000330685
172    0.000363901
173    0.000450323
174     0.00039761
175    0.000404339
176    0.000326107
177    0.000433457
178    0.000323005
179    0.000368631
180    0.000401996
181    0.000350582
182    0.000339486
183    0.000392933
184    0.000327807
185    0.000325857
186    0.000377147
187    0.000375358
188    0.000354431
189    0.000332834
190    0.000351051
191    0.000358858
192    0.000287385
193    0.000265193
194    0.000370244
195     0.00033704
196    0.000377865
197    0.000358684
198     0.00034105
199    0.000361802
200    0.000379542
201    0.000375213
202     0.00033917
203     0.00036266
204    0.000292606
205    0.000353264
206    0.000370126
207    0.000383042
208    0.000291313
209    0.000333649
210    0.000334211
211    0.000310442
212    0.000280694
213    0.000342712
214    0.000317314
215    0.000257926
216    0.000339821
217    0.000267203
218    0.000326709
219    0.000329336
220    0.000295755
221    0.000283164
222    0.000297554
223    0.000231139
224    0.000309609
225     0.00027474
226    0.000303158
227    0.000292178
228    0.000275907
229    0.000263714
230    0.000288973
231    0.000252445
232    0.000266283
233    0.000281413
234    0.000280271
235    0.000267597
236    0.000255019
237    0.000238303
238    0.000201427
239    0.000273936
240    0.000260032
241    0.000232545
242    0.000261416
243    0.000232328
244    0.000234319
245    0.000211205
246    0.000239793
247    0.000236735
248    0.000245818
249    0.000297373
250    0.000246935
251    0.000225263
252    0.000225928
253    0.000262047
254    0.000190198
255    0.000192258
256     0.00022342
257     0.00021952
258    0.000214003
259    0.000200802
260    0.000186721
261    0.000200358
262    0.000207129
263    0.000198034
264    0.000187599
265    0.000205434
266    0.000148636
267    0.000164531
268    0.000177132
269    0.000156364
270    0.000170648
271    0.000191344
272     0.00020833
273    0.000189138
274    0.000188649
275    0.000156639
276    0.000141019
277    0.000169353
278    0.000172317
279    0.000160004
280    0.000179703
281    0.000167828
282    0.000160249
283    0.000150364
284    0.000141772
285    0.000156915
286     0.00015553
287    0.000163587
288    0.000173186
289     0.00016995
290    0.000184161
291    0.000158981
292    0.000176284
293     0.00015703
294    0.000159284
295    0.000147804
296    0.000163009
297    0.000156901
298    0.000149282
299    0.000183284
300     0.00017138
301    0.000147787
302    0.000145137
303    0.000132967
304    0.000148417
305    0.000133364
306     0.00016636
307    0.000138786
308    0.000134064
309    0.000160285
310    0.000148453
311    0.000155625
312    0.000148058
313    0.000168853
314    0.000148335
315    0.000154457
316     0.00016574
317    0.000167898
318    0.000141034
319    0.000160717
320    0.000156361
321    0.000144363
322    0.000148366
323    0.000166363
324    0.000168424
325    0.000160666
326    0.000171066
327    0.000147716
328    0.000151839
329    0.000170686
330    0.000156249
331     0.00015439
332    0.000133753
333    0.000155134
334    0.000138187
335    0.000131745
336    0.000161818
337    0.000120383
338    0.000152157
339    0.000156778
340    0.000141096
341    0.000148133
342    0.000144658
343    0.000139568
344    0.000136575
345    0.000137243
346    0.000158083
347    0.000144101
348    0.000138109
349    0.000156666
350    0.000138667
351    0.000126716
352    0.000121446
353    0.000162836
354    0.000136496
355    0.000137005
356    0.000135763
357    0.000115659
358    0.000145102
359    0.000139841
360    0.000144626
361    0.000138905
362    0.000135901
363    0.000125948
364    0.000135184
365    0.000128387
366    0.000136405
367     0.00010508
368    0.000112735
369    0.000124313
370    0.000128814
371    0.000119458
372    0.000106468
373    0.000127062
374    0.000131164
375    0.000124715
376    0.000121326
377     0.00011305
378    0.000112842
379    0.000121691
380    0.000120972
381     0.00011659
382    0.000109412
383    0.000116527
384    0.000118335
385    0.000100587
386    0.000108082
387    0.000113768
388     0.00012077
389    0.000114718
390    0.000115146
391    0.000116511
392    0.000108942
393    9.39462e-05
394    0.000113873
395    9.23995e-05
396    9.88006e-05
397    0.000103306
398    0.000121282
399    9.38796e-05
400    0.000111249
401    9.02749e-05
402    0.000115307
403    0.000105559
404    0.000112498
405    0.000110862
406    0.000116376
407    0.000103202
408    0.000110327
409    0.000110293
410    0.000100516
411    9.39375e-05
412    9.82062e-05
413    8.27318e-05
414    8.44645e-05
415      8.475e-05
416    8.93417e-05
417     0.00010011
418    9.02073e-05
419    8.67621e-05
420    0.000100194
421    7.51713e-05
422     7.8836e-05
423    9.38867e-05
424    9.96412e-05
425    8.13049e-05
426    9.88742e-05
427    8.68151e-05
428    9.72988e-05
429    8.76906e-05
430    8.50479e-05
431    8.57252e-05
432    8.66123e-05
433    9.03697e-05
434    7.41798e-05
435    9.79161e-05
436     0.00010168
437    9.22612e-05
438    9.15562e-05
439    9.55347e-05
440    7.97618e-05
441     8.7383e-05
442    8.80774e-05
443    0.000102046
444    8.91138e-05
445    9.00383e-05
446    9.16115e-05
447    8.84011e-05
448    8.59406e-05
449     0.00010342
450    7.97007e-05
451    8.16373e-05
452    9.65963e-05
453     8.4098e-05
454    8.09223e-05
455    9.27054e-05
456    9.29407e-05
457    8.72787e-05
458    9.38785e-05
459    9.16068e-05
460    8.66881e-05
461     7.8853e-05
462    7.38613e-05
463     6.9648e-05
464     6.7174e-05
465    8.05235e-05
466    8.11263e-05
467    7.65526e-05
468    8.82086e-05
469    9.78991e-05
470    8.65502e-05
471    8.74238e-05
472    7.29813e-05
473    8.53651e-05
474    7.93749e-05
475    8.58828e-05
476    8.92316e-05
477    7.36916e-05
478    7.32381e-05
479    6.84071e-05
480     8.6079e-05
481    8.54798e-05
482    8.10716e-05
483    8.53858e-05
484    7.56198e-05
485    7.60143e-05
486    8.31412e-05
487     7.2218e-05
488    7.42531e-05
489    7.43478e-05
490    7.16142e-05
491     9.7873e-05
492    9.58543e-05
493    7.96182e-05
494    7.62646e-05
495    8.39083e-05
496    9.11182e-05
497     9.4718e-05
498    8.38453e-05
499    8.42836e-05
500    8.24954e-05
501    7.83163e-05
502     7.6963e-05
503     8.4208e-05
504    8.96321e-05
505    7.15134e-05
506    7.32795e-05
507    6.88429e-05
508    7.30964e-05
509    6.66615e-05
510    6.63971e-05
511     7.4221e-05
512    7.06605e-05
