RMS:    Average: 
2.06295   3.6573
0   -4.36906e-06
1          1.408
2        1.35242
3       0.221619
4       0.196744
5      0.0417977
6      0.0217161
7      0.0226021
8      0.0205418
9      0.0121805
10       0.021135
11      0.0154555
12      0.0255767
13      0.0263657
14      0.0220076
15      0.0188882
16      0.0122446
17      0.0155301
18      0.0235319
19      0.0278704
20       0.017681
21      0.0107477
22      0.0200585
23      0.0105104
24     0.00884771
25     0.00712564
26      0.0101809
27     0.00803325
28      0.0130255
29     0.00782399
30      0.0111733
31     0.00824953
32     0.00775862
33     0.00606049
34       0.005471
35     0.00595577
36     0.00885117
37     0.00915476
38      0.0101484
39      0.0100335
40     0.00717568
41     0.00618007
42      0.0070802
43     0.00586095
44     0.00512423
45     0.00533585
46     0.00497952
47     0.00626837
48     0.00453984
49     0.00498279
50     0.00495841
51     0.00470212
52     0.00379336
53     0.00530456
54     0.00433182
55     0.00337258
56     0.00392625
57     0.00307015
58     0.00330431
59     0.00277655
60     0.00214653
61     0.00192029
62     0.00239666
63     0.00282715
64     0.00187851
65     0.00211973
66     0.00233869
67      0.0015559
68     0.00244536
69     0.00212686
70     0.00270627
71     0.00234793
72     0.00152347
73     0.00240488
74     0.00173798
75     0.00208266
76     0.00152732
77     0.00144151
78     0.00116959
79     0.00126829
80    0.000913118
81     0.00117147
82    0.000994292
83     0.00113359
84     0.00118207
85     0.00119682
86     0.00109771
87     0.00095927
88     0.00108486
89     0.00134368
90     0.00156583
91     0.00112124
92     0.00133487
93     0.00106538
94    0.000947266
95    0.000847356
96    0.000911105
97    0.000882958
98    0.000788011
99    0.000548063
100    0.000588767
101    0.000479859
102    0.000359908
103     0.00049657
104    0.000579727
105    0.000451814
106    0.000499895
107    0.000375763
108    0.000440205
109    0.000426691
110     0.00050433
111    0.000386622
112    0.000471016
113    0.000385956
114    0.000395784
115     0.00034003
116    0.000312809
117    0.000297528
118    0.000340139
119    0.000372764
120    0.000360297
121     0.00034233
122    0.000317803
123    0.000281142
124    0.000350774
125    0.000187248
126    0.000282978
127    0.000184002
128    0.000159302
129    0.000263135
130    0.000212531
131    0.000207051
132    0.000218378
133    0.000171374
134    0.000203077
135    0.000172306
136     0.00016983
137    0.000211603
138    0.000208534
139    0.000236286
140    0.000171946
141    0.000188918
142    0.000148217
143    0.000171603
144    0.000113554
145    0.000226552
146    0.000180497
147    0.000181685
148    0.000200325
149    0.000137798
150    0.000165446
151    0.000176545
152    0.000123805
153    8.59534e-05
154    0.000112258
155    0.000129316
156    9.04831e-05
157    0.000153031
158    8.27505e-05
159    0.000142019
160    8.38636e-05
161    7.85386e-05
162    0.000139948
163    0.000124637
164    9.76482e-05
165    0.000137523
166    0.000118822
167    0.000118786
168     0.00013882
169    0.000149638
170    0.000127511
171    0.000104563
172    0.000127611
173    0.000133773
174    0.000108073
175    0.000110903
176    7.82525e-05
177    0.000141686
178    8.94258e-05
179    7.75969e-05
180     9.9065e-05
181    0.000111835
182    0.000128132
183    0.000118082
184    0.000108722
185    0.000117039
186    9.77194e-05
187    0.000148872
188    0.000113869
189    0.000135421
190    0.000146507
191    9.21629e-05
192    7.46981e-05
193    0.000109206
194    0.000124255
195     0.00011419
196    0.000149179
197    0.000125847
198    9.57792e-05
199    0.000112993
200    0.000135015
201     0.00015072
202    0.000132855
203    0.000147809
204     9.5854e-05
205    0.000161562
206    0.000134321
207    0.000160162
208    0.000102693
209    0.000133794
210    0.000108993
211     0.00011286
212     0.00010939
213    0.000144776
214    0.000121755
215    0.000116183
216    0.000119032
217     0.00010378
218    0.000112797
219    8.88625e-05
220    8.60329e-05
221    0.000100561
222    9.73827e-05
223    8.84484e-05
224    9.19443e-05
225    6.48721e-05
226    8.69266e-05
227    8.46821e-05
228    0.000106193
229     9.1674e-05
230    9.75487e-05
231    6.95343e-05
232    0.000117262
233    0.000100789
234    6.14258e-05
235    8.05215e-05
236    6.42058e-05
237    6.71743e-05
238    7.81841e-05
239    8.04549e-05
240    8.21724e-05
241    7.85743e-05
242    7.56845e-05
243    6.38709e-05
244    8.41191e-05
245    7.27778e-05
246    8.13854e-05
247    6.92726e-05
248    8.62733e-05
249    7.26981e-05
250    6.01623e-05
251    5.74705e-05
252    3.65561e-05
253    6.73455e-05
254    2.84305e-05
255    3.17559e-05
256      4.703e-05
257    7.96454e-05
258    4.41013e-05
259    5.26643e-05
260    6.22733e-05
261    5.96494e-05
262    5.16855e-05
263    4.79624e-05
264    4.73816e-05
265    4.30896e-05
266    5.25992e-05
267    3.38105e-05
268    4.79472e-05
269    3.97652e-05
270    4.95047e-05
271    5.78174e-05
272    4.67964e-05
273    2.93298e-05
274    3.08222e-05
275    1.96346e-05
276    2.47375e-05
277    4.10929e-05
278    2.65393e-05
279    3.26017e-05
280    3.88581e-05
281    4.81086e-05
282    5.05929e-05
283    4.77167e-05
284    4.60852e-05
285    4.60974e-05
286    3.77009e-05
287    4.02963e-05
288    3.59248e-05
289    4.40195e-05
290    2.85572e-05
291     2.7595e-05
292    3.24468e-05
293      1.143e-05
294    2.05819e-05
295    4.00554e-05
296     3.1184e-05
297     4.0315e-05
298    3.00233e-05
299    5.94376e-05
300    3.40604e-05
301    3.57628e-05
302    3.08593e-05
303    3.43842e-05
304    4.50982e-05
305    3.29774e-05
306    1.96779e-05
307    5.24646e-05
308    3.06513e-05
309     3.2026e-05
310    2.46755e-05
311    3.22715e-05
312    2.98562e-05
313    3.65727e-05
314    2.74899e-05
315    3.20633e-05
316    4.61282e-05
317    4.32028e-05
318    4.08196e-05
319    5.00685e-05
320    5.46204e-05
321    4.04989e-05
322     5.3388e-05
323    3.75435e-05
324      5.052e-05
325     3.6454e-05
326    4.99992e-05
327    2.65688e-05
328    3.95473e-05
329     3.9644e-05
330    4.00524e-05
331    2.88256e-05
332    3.18825e-05
333    2.75708e-05
334    4.45131e-05
335    2.29684e-05
336    3.33903e-05
337    3.42435e-05
338    2.65854e-05
339    4.22484e-05
340    4.52437e-05
341    3.88562e-05
342    4.36284e-05
343    3.37699e-05
344    2.91859e-05
345    3.25561e-05
346    4.35398e-05
347    3.87717e-05
348    3.68335e-05
349    3.94215e-05
350    4.30933e-05
351    4.71312e-05
352    4.69123e-05
353    5.70719e-05
354    5.26456e-05
355    4.19197e-05
356    3.22668e-05
357    2.27593e-05
358    2.86928e-05
359    2.85345e-05
360    4.24269e-05
361    3.59072e-05
362    4.66867e-05
363    3.48473e-05
364    3.61016e-05
365     3.6608e-05
366    4.23449e-05
367    3.51404e-05
368    2.73279e-05
369    3.03275e-05
370    2.95974e-05
371    3.95598e-05
372    2.99845e-05
373    2.93191e-05
374    2.81424e-05
375    2.19173e-05
376    3.59756e-05
377    3.44315e-05
378    3.92185e-05
379    2.93363e-05
380    3.00646e-05
381    2.99801e-05
382    2.51617e-05
383    2.43673e-05
384    2.99306e-05
385    2.95854e-05
386    2.29627e-05
387    3.26812e-05
388    3.46857e-05
389     2.7195e-05
390    3.09318e-05
391    2.64031e-05
392    2.10219e-05
393    3.13213e-05
394    2.36879e-05
395    1.96385e-05
396     1.9689e-05
397    1.52782e-05
398    2.51707e-05
399    1.69025e-05
400    2.08726e-05
401    2.30459e-05
402    2.66907e-05
403    1.82761e-05
404    2.14625e-05
405    2.47151e-05
406    2.84317e-05
407    1.98434e-05
408    1.87508e-05
409    2.55245e-05
410    2.25661e-05
411    3.04845e-05
412    2.48336e-05
413    1.73354e-05
414       2.19e-05
415    2.33561e-05
416    1.14955e-05
417     2.0247e-05
418    4.60534e-06
419    1.75822e-05
420    1.53082e-05
421    8.69404e-06
422    2.61769e-05
423    1.86791e-05
424      3.606e-05
425    2.53391e-05
426    1.83674e-05
427    2.52341e-05
428    2.31314e-05
429    2.05233e-05
430    1.92156e-05
431    1.58024e-05
432    7.98235e-06
433    1.07374e-05
434    1.23739e-05
435    1.19884e-05
436    1.63693e-05
437    2.49283e-05
438    1.92282e-05
439    1.75927e-05
440    1.48117e-05
441    2.16143e-05
442     2.1581e-05
443    2.24525e-05
444    1.89754e-05
445    2.50598e-05
446    2.23691e-05
447    1.94484e-05
448    1.58632e-05
449    1.49526e-05
450    2.15218e-05
451    1.76667e-05
452    1.64847e-05
453    2.08398e-05
454    1.83778e-05
455    1.92626e-05
456    2.95241e-05
457    2.06192e-05
458    2.55547e-05
459    2.37203e-05
460    2.36777e-05
461    2.83421e-05
462    1.71395e-05
463    2.26911e-05
464    2.15966e-05
465    2.17715e-05
466    1.57171e-05
467    1.09005e-05
468    3.09173e-05
469    2.60088e-05
470    2.59297e-05
471    2.36247e-05
472     2.6412e-05
473    3.41002e-05
474    1.96077e-05
475    2.42578e-05
476    2.53442e-05
477    2.06319e-05
478    1.96851e-05
479    1.77245e-05
480    2.46085e-05
481    2.31029e-05
482    1.58032e-05
483    2.45666e-05
484    3.35285e-06
485    1.69928e-05
486    2.80993e-05
487    1.70538e-05
488    2.21334e-05
489     1.7306e-05
490    2.74846e-05
491    2.11724e-05
492    2.65771e-05
493    2.46192e-05
494    2.24867e-05
495    2.39477e-05
496    2.12298e-05
497     2.9132e-05
498    2.77602e-05
499    2.01174e-05
500    3.70409e-05
501    2.20978e-05
502     3.2355e-05
503    2.54105e-05
504    2.44005e-05
505    2.32904e-05
506    2.07122e-05
507    1.60204e-05
508    2.22967e-05
509    2.43499e-05
510    1.59411e-05
511    1.65431e-05
512    1.94663e-05
