RMS:    Average: 
3.71228   7.42863
0     -2.151e-06
1        2.23779
2        1.71416
3       0.206983
4       0.281618
5      0.0607558
6      0.0553738
7      0.0428798
8      0.0377495
9       0.010764
10       0.024525
11        0.02702
12      0.0405306
13      0.0312345
14      0.0244772
15      0.0275722
16       0.017446
17      0.0164836
18        0.02513
19      0.0294379
20      0.0237239
21      0.0131623
22      0.0208779
23      0.0112061
24      0.0136267
25     0.00861557
26      0.0107963
27     0.00932559
28      0.0137017
29      0.0105903
30      0.0120092
31      0.0103168
32      0.0116252
33     0.00915443
34      0.0077092
35      0.0077411
36      0.0112488
37     0.00994101
38       0.012906
39       0.011391
40     0.00949247
41     0.00944514
42     0.00985849
43     0.00804872
44     0.00749002
45     0.00703761
46     0.00660113
47     0.00743412
48     0.00707476
49     0.00565988
50     0.00630497
51     0.00574141
52     0.00432376
53     0.00630879
54     0.00493679
55     0.00484799
56     0.00447517
57     0.00392479
58     0.00423544
59     0.00358005
60     0.00292943
61      0.0033625
62     0.00271299
63     0.00325828
64     0.00275345
65     0.00263251
66     0.00300224
67     0.00240413
68     0.00318717
69     0.00254349
70     0.00326535
71     0.00299757
72     0.00194569
73     0.00253398
74     0.00191592
75     0.00281419
76     0.00191827
77     0.00236198
78     0.00174445
79      0.0018113
80      0.0012639
81      0.0016068
82     0.00140678
83     0.00147353
84     0.00157512
85      0.0017279
86     0.00144186
87     0.00117321
88     0.00146874
89     0.00145295
90     0.00161507
91     0.00131162
92     0.00134771
93     0.00118532
94     0.00128754
95     0.00113178
96     0.00127899
97     0.00114839
98     0.00109185
99    0.000633248
100    0.000773099
101    0.000771508
102    0.000658075
103    0.000750912
104     0.00091367
105    0.000577407
106    0.000659498
107    0.000510499
108    0.000546118
109    0.000526991
110    0.000470238
111    0.000501578
112     0.00046535
113    0.000362542
114     0.00050456
115    0.000370174
116    0.000454227
117    0.000455437
118    0.000449503
119     0.00054915
120    0.000447928
121    0.000394227
122    0.000421287
123    0.000400238
124     0.00045201
125    0.000316462
126    0.000348988
127    0.000302126
128     0.00025226
129    0.000328049
130    0.000319999
131    0.000314666
132    0.000336842
133    0.000266166
134    0.000303361
135    0.000325429
136    0.000236515
137    0.000295802
138    0.000274096
139    0.000244604
140    0.000182471
141    0.000227821
142     0.00021044
143    0.000212937
144    0.000247955
145    0.000234807
146    0.000203812
147    0.000274262
148    0.000236489
149    0.000171544
150    0.000161872
151    0.000195199
152    0.000157604
153    0.000161831
154    0.000166353
155    0.000190991
156    0.000150667
157    0.000203011
158    0.000181934
159    0.000238048
160    0.000171883
161    0.000174562
162    0.000167286
163    0.000115693
164     0.00014868
165    0.000135915
166    0.000144576
167    0.000166452
168     0.00019384
169    0.000206122
170    0.000210468
171    0.000220194
172    0.000207873
173    0.000180661
174    0.000166502
175    0.000156267
176    0.000140007
177    0.000186736
178    0.000123766
179    0.000151003
180    0.000113851
181    0.000173859
182    0.000176216
183    0.000194273
184    0.000185531
185    0.000134398
186    0.000114176
187    0.000133373
188    0.000141473
189    0.000155512
190    0.000161705
191    0.000193956
192    0.000124226
193    0.000136693
194    0.000153348
195    0.000130533
196    0.000154711
197    0.000152832
198    0.000164617
199    0.000172055
200    0.000185543
201    0.000165293
202    0.000148973
203    0.000182369
204    0.000116435
205    0.000173585
206    0.000137576
207     0.00016047
208     0.00017914
209    0.000157575
210    0.000163939
211    0.000137808
212    0.000158401
213    0.000205218
214    0.000169598
215    0.000131869
216    0.000164364
217    0.000127329
218    0.000151882
219     0.00012939
220    0.000108208
221    9.96622e-05
222    0.000130602
223    0.000133795
224    0.000144057
225    0.000156203
226    0.000158459
227    0.000152168
228    0.000147361
229    0.000125163
230    0.000131629
231    0.000128081
232    0.000107152
233    0.000120239
234    0.000135753
235    0.000100285
236    8.12099e-05
237    9.02358e-05
238    9.47648e-05
239    0.000106264
240     9.1577e-05
241     6.5174e-05
242    9.07832e-05
243     9.0717e-05
244    0.000115252
245    8.85053e-05
246    0.000106823
247    0.000100866
248    8.99303e-05
249    0.000106289
250    0.000104382
251    0.000101069
252    0.000100412
253     8.6604e-05
254    6.98579e-05
255    8.32093e-05
256    9.11722e-05
257    0.000101474
258    5.82624e-05
259    6.87529e-05
260    7.23752e-05
261    7.86311e-05
262    8.22789e-05
263    7.13986e-05
264    5.25722e-05
265     7.1833e-05
266    7.95937e-05
267    7.20602e-05
268    7.78099e-05
269    5.68951e-05
270    5.75472e-05
271     5.9153e-05
272    5.22861e-05
273    5.38394e-05
274    4.69128e-05
275    5.24085e-05
276    5.96471e-05
277    5.08511e-05
278    4.60116e-05
279    6.40637e-05
280     4.7268e-05
281    4.44275e-05
282    5.43376e-05
283    5.23901e-05
284     6.1825e-05
285    6.39254e-05
286     7.8321e-05
287    6.67233e-05
288    6.13928e-05
289    6.58717e-05
290    6.99638e-05
291    5.54003e-05
292    5.50292e-05
293    4.22189e-05
294    5.48084e-05
295    6.15092e-05
296    4.55629e-05
297    5.33543e-05
298    5.64587e-05
299    5.76666e-05
300    5.31308e-05
301    5.47471e-05
302    5.15468e-05
303     4.1944e-05
304    6.81188e-05
305    4.35079e-05
306    5.36687e-05
307    5.42333e-05
308    3.63253e-05
309    4.32343e-05
310     5.5364e-05
311    6.54974e-05
312    3.95096e-05
313    5.13989e-05
314    5.99026e-05
315    5.32687e-05
316    6.36862e-05
317    7.26014e-05
318     5.2963e-05
319    5.91425e-05
320    5.00642e-05
321    5.03297e-05
322    6.46614e-05
323    5.72929e-05
324    7.57847e-05
325    5.10916e-05
326     5.4533e-05
327    5.76053e-05
328    6.57246e-05
329    7.02947e-05
330     6.6425e-05
331    6.34824e-05
332     5.4897e-05
333    5.63655e-05
334    5.37142e-05
335    4.67736e-05
336    5.68454e-05
337    4.65619e-05
338    5.71241e-05
339    4.06494e-05
340    6.88716e-05
341    5.53826e-05
342     4.1194e-05
343    7.19711e-05
344    4.07451e-05
345    4.56949e-05
346    5.62705e-05
347    4.83974e-05
348    4.01924e-05
349    3.83104e-05
350    4.10041e-05
351    4.97258e-05
352    5.62034e-05
353    5.93628e-05
354    6.77012e-05
355    6.20503e-05
356    5.05949e-05
357    4.10906e-05
358    5.71336e-05
359    4.53535e-05
360    6.20518e-05
361      4.989e-05
362     3.4205e-05
363    4.78399e-05
364     2.6428e-05
365    3.99568e-05
366    3.99305e-05
367    4.18914e-05
368    3.57273e-05
369     6.5941e-05
370     5.4212e-05
371    4.95873e-05
372    5.35431e-05
373    5.71482e-05
374    6.41935e-05
375    4.87464e-05
376    4.68682e-05
377    4.33186e-05
378    5.16368e-05
379     4.6826e-05
380    6.01782e-05
381    4.15943e-05
382    5.82009e-05
383    4.09213e-05
384    5.92594e-05
385    4.63469e-05
386    5.13059e-05
387    4.64417e-05
388     5.9048e-05
389    4.84819e-05
390    3.66478e-05
391    4.43638e-05
392    4.40756e-05
393    4.85401e-05
394    2.78273e-05
395    3.14372e-05
396    3.89759e-05
397    3.51046e-05
398    3.70286e-05
399    3.91994e-05
400    2.79175e-05
401    3.76767e-05
402    4.05813e-05
403    3.02967e-05
404    3.61482e-05
405    4.25729e-05
406    3.43287e-05
407    4.35174e-05
408    3.88087e-05
409     3.5648e-05
410    3.57417e-05
411    3.65479e-05
412    4.08807e-05
413    4.94963e-05
414     2.9001e-05
415    3.13163e-05
416    3.60823e-05
417    3.33847e-05
418    2.72927e-05
419    3.39167e-05
420    3.19225e-05
421    3.32642e-05
422    2.12706e-05
423    2.14288e-05
424    2.67745e-05
425     3.2502e-05
426    2.12082e-05
427    3.61341e-05
428    3.18439e-05
429    2.57482e-05
430    2.73692e-05
431    3.59002e-05
432     2.0791e-05
433    3.76545e-05
434    2.54654e-05
435    3.08184e-05
436    2.83751e-05
437    2.83556e-05
438    3.35886e-05
439    2.58555e-05
440    2.78477e-05
441    3.69761e-05
442    3.34368e-05
443    2.38817e-05
444    2.80041e-05
445    2.66886e-05
446     4.2415e-05
447    3.23497e-05
448    3.66825e-05
449    2.87594e-05
450    3.15391e-05
451    3.46746e-05
452    1.89502e-05
453    2.71712e-05
454    2.73846e-05
455    2.09465e-05
456    2.38721e-05
457    3.76494e-05
458     3.6554e-05
459    3.24605e-05
460    2.80019e-05
461    2.91279e-05
462    2.44904e-05
463    2.54534e-05
464    3.95761e-05
465    2.97202e-05
466    3.38908e-05
467    3.50939e-05
468    3.93512e-05
469    3.57568e-05
470    3.12662e-05
471    3.37225e-05
472    3.17655e-05
473    4.21402e-05
474    2.68769e-05
475    3.36481e-05
476    3.59586e-05
477    3.41343e-05
478    3.21453e-05
479    1.69833e-05
480    2.70817e-05
481    3.65785e-05
482    2.95316e-05
483     4.1123e-05
484    3.56068e-05
485    3.12006e-05
486    4.44007e-05
487    3.52446e-05
488    4.36996e-05
489    3.68558e-05
490    3.25955e-05
491    4.22545e-05
492    3.65115e-05
493     3.1035e-05
494     2.2428e-05
495     3.0912e-05
496    3.10094e-05
497    3.67619e-05
498    3.07048e-05
499    2.65821e-05
500    3.26329e-05
501    4.26335e-05
502     4.3143e-05
503    3.33726e-05
504    4.56983e-05
505    3.49961e-05
506    3.52747e-05
507    3.77895e-05
508    3.41513e-05
509    3.43276e-05
510     2.9493e-05
511    3.11515e-05
512    3.43925e-05
