RMS:    Average: 
2.66937   5.21278
0   -3.06535e-06
1        2.52023
2        1.88561
3       0.229535
4       0.341676
5       0.057758
6      0.0795617
7      0.0441432
8       0.035388
9      0.0166075
10      0.0354904
11      0.0331558
12      0.0401142
13      0.0427727
14      0.0324036
15      0.0310192
16      0.0201146
17      0.0238033
18        0.02797
19      0.0335055
20       0.030777
21      0.0197129
22      0.0259177
23      0.0154661
24      0.0160619
25      0.0118798
26       0.013836
27      0.0138656
28      0.0176267
29       0.013118
30      0.0181046
31      0.0139459
32      0.0132919
33      0.0128142
34     0.00956244
35      0.0113912
36      0.0139839
37      0.0140065
38      0.0172381
39      0.0154955
40      0.0119147
41      0.0117431
42      0.0117614
43     0.00996083
44     0.00927338
45     0.00909349
46     0.00881497
47     0.00942729
48      0.0095974
49     0.00825071
50     0.00820977
51     0.00856567
52      0.0067908
53     0.00856951
54     0.00677013
55     0.00608627
56     0.00631367
57     0.00539743
58     0.00577938
59     0.00513828
60     0.00415655
61     0.00454243
62     0.00424492
63     0.00470831
64     0.00430948
65     0.00424921
66     0.00424094
67     0.00371894
68     0.00438007
69     0.00385247
70     0.00485271
71     0.00425864
72     0.00328703
73     0.00429803
74     0.00343726
75     0.00397791
76     0.00307883
77     0.00315218
78     0.00259091
79     0.00267679
80     0.00206057
81     0.00238496
82     0.00233825
83     0.00225023
84     0.00246755
85      0.0023031
86     0.00213021
87     0.00201599
88     0.00218224
89     0.00247611
90     0.00255017
91     0.00213534
92     0.00219286
93      0.0018785
94     0.00188609
95     0.00186325
96     0.00204107
97      0.0019378
98     0.00186449
99      0.0013254
100     0.00135829
101     0.00140825
102     0.00123684
103      0.0014075
104     0.00146601
105     0.00136334
106     0.00125819
107     0.00107374
108     0.00121229
109      0.0011513
110     0.00121787
111     0.00119866
112     0.00113355
113     0.00104133
114      0.0011493
115     0.00100254
116      0.0010476
117     0.00110286
118      0.0010143
119     0.00110892
120     0.00100493
121    0.000901539
122    0.000969074
123    0.000970935
124    0.000880388
125    0.000760138
126    0.000877047
127    0.000744111
128    0.000699133
129    0.000796251
130    0.000693887
131     0.00082636
132    0.000728438
133    0.000755984
134    0.000720385
135    0.000725019
136     0.00067391
137    0.000719592
138    0.000693334
139    0.000709334
140    0.000672308
141    0.000699868
142     0.00060228
143    0.000606318
144     0.00061214
145    0.000586204
146    0.000584577
147    0.000568091
148    0.000618174
149     0.00059768
150    0.000586317
151    0.000596583
152    0.000519815
153    0.000486883
154    0.000492101
155    0.000511383
156    0.000472365
157    0.000483392
158    0.000495649
159    0.000639466
160    0.000552263
161    0.000523183
162    0.000551688
163     0.00049151
164    0.000564746
165    0.000527234
166    0.000528525
167    0.000522713
168    0.000505604
169    0.000481372
170    0.000493321
171    0.000529482
172    0.000589902
173    0.000518433
174    0.000524373
175    0.000450295
176    0.000472011
177     0.00048777
178    0.000485933
179    0.000437817
180    0.000462555
181    0.000467301
182    0.000471465
183    0.000453578
184     0.00046599
185    0.000440194
186    0.000406242
187    0.000456233
188    0.000427916
189    0.000456881
190     0.00050104
191    0.000417724
192    0.000413164
193      0.0004555
194    0.000434542
195    0.000374674
196    0.000471142
197     0.00044229
198    0.000393757
199    0.000443632
200     0.00041757
201    0.000474152
202    0.000441735
203    0.000452653
204    0.000380546
205    0.000459986
206    0.000396272
207    0.000438304
208    0.000358862
209    0.000411251
210    0.000376808
211    0.000375008
212    0.000413552
213    0.000437754
214    0.000394567
215    0.000414228
216     0.00039219
217    0.000414492
218    0.000420326
219    0.000418801
220    0.000385288
221    0.000372602
222    0.000406011
223    0.000412365
224    0.000409809
225    0.000390722
226    0.000354226
227    0.000371919
228    0.000395238
229    0.000360945
230     0.00039106
231    0.000352537
232    0.000388777
233    0.000405197
234    0.000361194
235    0.000396364
236    0.000343035
237    0.000335858
238    0.000319659
239    0.000355268
240    0.000314828
241    0.000351467
242    0.000334147
243    0.000325572
244    0.000350637
245    0.000335815
246    0.000318569
247    0.000348133
248    0.000320783
249    0.000331734
250    0.000323994
251    0.000321169
252    0.000285841
253    0.000307961
254    0.000282622
255    0.000301544
256    0.000304749
257    0.000317318
258     0.00027054
259    0.000280077
260    0.000288111
261    0.000323858
262    0.000282345
263    0.000271576
264    0.000288041
265    0.000285328
266    0.000276619
267    0.000285298
268     0.00028865
269     0.00027941
270    0.000261873
271     0.00026929
272    0.000281279
273     0.00026189
274    0.000271773
275    0.000263084
276    0.000265231
277    0.000254963
278    0.000239218
279     0.00026617
280    0.000268276
281    0.000257701
282    0.000263458
283    0.000250503
284    0.000256122
285    0.000260268
286     0.00024755
287    0.000247939
288    0.000233687
289    0.000259457
290    0.000258337
291    0.000249465
292    0.000239076
293     0.00021823
294    0.000250146
295    0.000246693
296    0.000233238
297    0.000259564
298    0.000245081
299    0.000267012
300    0.000274138
301    0.000245888
302    0.000243534
303    0.000231613
304    0.000248524
305    0.000225037
306    0.000240323
307    0.000232027
308    0.000233031
309    0.000228649
310    0.000244283
311    0.000229794
312    0.000229671
313    0.000231071
314    0.000233866
315    0.000227301
316    0.000243485
317    0.000228746
318    0.000226233
319    0.000239447
320    0.000236231
321    0.000226857
322    0.000253373
323    0.000255369
324    0.000263743
325    0.000241501
326    0.000247241
327    0.000216597
328    0.000214917
329    0.000229835
330    0.000213339
331    0.000228653
332    0.000220672
333    0.000228502
334    0.000250145
335     0.00022697
336    0.000246571
337    0.000219185
338     0.00024224
339    0.000214542
340     0.00024933
341    0.000236199
342    0.000231413
343    0.000225258
344    0.000239967
345    0.000234465
346    0.000239342
347    0.000233272
348    0.000248902
349    0.000228644
350     0.00021573
351    0.000255267
352    0.000229467
353    0.000230621
354    0.000244956
355    0.000229361
356    0.000224595
357    0.000213686
358    0.000215926
359    0.000224079
360    0.000236625
361    0.000226361
362    0.000224361
363    0.000234527
364    0.000222629
365    0.000219088
366    0.000203897
367    0.000220929
368    0.000225124
369    0.000202624
370    0.000227073
371     0.00022398
372    0.000215883
373    0.000238351
374    0.000223656
375    0.000213059
376    0.000215823
377    0.000230196
378    0.000227305
379     0.00017935
380    0.000209925
381    0.000204698
382    0.000193754
383    0.000194546
384     0.00020735
385    0.000209158
386    0.000212191
387    0.000216728
388    0.000202359
389    0.000214718
390     0.00019625
391    0.000199556
392    0.000209656
393    0.000209992
394    0.000187006
395    0.000209164
396    0.000182579
397    0.000188574
398    0.000195237
399    0.000180082
400    0.000185231
401    0.000212649
402    0.000205791
403    0.000184827
404    0.000178268
405    0.000175682
406    0.000187385
407    0.000185777
408    0.000185563
409    0.000193072
410    0.000193158
411    0.000186529
412    0.000200746
413    0.000192643
414    0.000198559
415    0.000196278
416    0.000184997
417    0.000205085
418    0.000185405
419    0.000186064
420     0.00017904
421    0.000188605
422    0.000181208
423    0.000184415
424    0.000194144
425    0.000187573
426    0.000209222
427    0.000188854
428    0.000178703
429    0.000165474
430    0.000172935
431    0.000174738
432    0.000197018
433    0.000198238
434    0.000197331
435    0.000175317
436    0.000173843
437    0.000183707
438    0.000193192
439    0.000178651
440    0.000194399
441    0.000184094
442    0.000182237
443    0.000171056
444    0.000172918
445    0.000197209
446    0.000184386
447    0.000189046
448    0.000189198
449    0.000168967
450    0.000172716
451     0.00017781
452    0.000158186
453    0.000171528
454    0.000183314
455    0.000166863
456    0.000172013
457    0.000190169
458    0.000199275
459    0.000185192
460    0.000202163
461    0.000179147
462     0.00017906
463    0.000178502
464    0.000161458
465     0.00017944
466    0.000170901
467    0.000183514
468    0.000188026
469    0.000171815
470    0.000182511
471    0.000174279
472    0.000182606
473    0.000197248
474    0.000170045
475    0.000185302
476    0.000182648
477    0.000181347
478    0.000178757
479     0.00016477
480    0.000167406
481    0.000176587
482    0.000174406
483    0.000188403
484    0.000174745
485    0.000184817
486    0.000179464
487    0.000163582
488    0.000163058
489    0.000173469
490      0.0001892
491    0.000174642
492    0.000168714
493    0.000153852
494     0.00016788
495    0.000164041
496    0.000169467
497    0.000172867
498    0.000171281
499    0.000167784
500    0.000182043
501    0.000174564
502    0.000185088
503    0.000174964
504    0.000178787
505    0.000173114
506    0.000173332
507    0.000173027
508    0.000188793
509    0.000181227
510    0.000175932
511    0.000167474
512    0.000171998
