RMS:    Average: 
2.66937   5.21278
0   -3.06535e-06
1        1.78287
2        1.29195
3       0.147331
4        0.24833
5      0.0416457
6      0.0508273
7      0.0284827
8      0.0246223
9      0.0108182
10      0.0237584
11      0.0203671
12      0.0282309
13      0.0262644
14      0.0192716
15      0.0208439
16      0.0117411
17      0.0130871
18       0.018422
19      0.0209985
20      0.0192684
21      0.0123681
22      0.0166301
23     0.00901407
24      0.0110338
25     0.00706504
26      0.0086263
27     0.00840339
28       0.010627
29     0.00794551
30       0.010605
31     0.00812067
32     0.00864026
33      0.0074542
34      0.0060675
35     0.00719262
36      0.0089206
37     0.00851144
38      0.0105914
39     0.00933542
40     0.00768384
41     0.00763652
42     0.00767559
43     0.00614142
44     0.00587168
45     0.00560829
46     0.00548022
47     0.00585969
48     0.00598532
49     0.00493397
50     0.00515161
51     0.00498588
52     0.00390899
53      0.0054018
54     0.00403761
55     0.00393026
56     0.00399246
57     0.00344073
58     0.00346441
59     0.00306077
60     0.00246632
61     0.00278029
62     0.00257605
63     0.00271173
64     0.00249248
65     0.00233737
66     0.00252501
67     0.00211923
68     0.00269958
69     0.00221466
70     0.00283065
71     0.00257023
72     0.00194968
73     0.00243508
74     0.00184826
75     0.00244407
76     0.00164631
77     0.00198009
78     0.00143055
79     0.00153505
80     0.00117872
81     0.00140226
82       0.001333
83     0.00128592
84      0.0013366
85     0.00136153
86     0.00112929
87     0.00109022
88     0.00124012
89     0.00135695
90     0.00148103
91      0.0011797
92     0.00122187
93      0.0010317
94     0.00106163
95     0.00105013
96      0.0010856
97     0.00104005
98    0.000961695
99    0.000616227
100      0.0007186
101    0.000707457
102     0.00069643
103    0.000785247
104    0.000788263
105    0.000659833
106     0.00062243
107    0.000532368
108    0.000632536
109    0.000565688
110     0.00063565
111    0.000576634
112    0.000521806
113    0.000546755
114    0.000531499
115     0.00045286
116    0.000511412
117     0.00050651
118    0.000483524
119     0.00056495
120     0.00045301
121     0.00043586
122    0.000483484
123    0.000494209
124    0.000426257
125    0.000332023
126    0.000427386
127    0.000336654
128    0.000311036
129    0.000367746
130    0.000313957
131    0.000417553
132    0.000373233
133    0.000333626
134    0.000330392
135    0.000332789
136    0.000289303
137    0.000316796
138    0.000319755
139    0.000298169
140    0.000265184
141    0.000276804
142    0.000226074
143    0.000255361
144    0.000265765
145    0.000234414
146     0.00023692
147    0.000234461
148    0.000255087
149    0.000224326
150    0.000209846
151    0.000245081
152    0.000197503
153    0.000183982
154     0.00020786
155    0.000189647
156    0.000166559
157    0.000193926
158    0.000192361
159    0.000276986
160    0.000223319
161    0.000246881
162    0.000231954
163    0.000201153
164    0.000211117
165     0.00020755
166    0.000214181
167    0.000221794
168     0.00022785
169    0.000210322
170    0.000211816
171    0.000223458
172    0.000244636
173    0.000198775
174    0.000187599
175    0.000172378
176    0.000185507
177    0.000198039
178    0.000195929
179        0.00018
180    0.000139596
181    0.000204487
182    0.000204228
183    0.000204762
184    0.000212813
185    0.000196713
186    0.000166347
187    0.000159275
188    0.000143881
189    0.000176762
190    0.000184029
191    0.000175005
192    0.000159521
193    0.000163001
194    0.000169864
195     0.00014355
196    0.000186496
197    0.000183475
198    0.000173282
199    0.000192292
200     0.00019429
201    0.000198222
202     0.00019101
203    0.000197235
204    0.000140649
205    0.000182934
206    0.000163283
207    0.000171617
208    0.000147988
209    0.000157157
210    0.000145958
211    0.000145038
212    0.000170182
213    0.000182697
214    0.000178732
215    0.000165592
216    0.000153474
217    0.000162789
218    0.000165216
219    0.000166302
220    0.000156312
221    0.000135841
222    0.000159376
223    0.000144815
224    0.000159608
225    0.000149195
226    0.000138186
227    0.000158378
228    0.000157691
229    0.000140124
230    0.000154418
231    0.000144846
232    0.000159758
233    0.000171002
234    0.000149066
235    0.000155054
236     0.00013371
237    0.000131192
238    0.000121541
239    0.000135877
240    0.000122414
241    0.000121084
242    0.000107798
243    0.000109505
244    0.000121123
245    0.000108156
246    0.000129789
247    0.000126614
248    0.000120701
249    0.000132786
250    0.000115633
251    0.000128449
252    0.000107337
253    0.000104974
254    9.84061e-05
255    9.96337e-05
256    0.000111535
257    0.000129307
258    9.13673e-05
259     8.1823e-05
260    9.12616e-05
261    0.000106618
262     9.7417e-05
263    8.68082e-05
264     9.2113e-05
265    9.07759e-05
266    9.71718e-05
267    9.92901e-05
268    0.000100191
269    7.81808e-05
270    8.97501e-05
271    8.24854e-05
272    9.72854e-05
273    8.60391e-05
274    8.33401e-05
275    7.02143e-05
276     6.2028e-05
277    8.41147e-05
278    7.12256e-05
279    9.11373e-05
280    7.98941e-05
281     7.1215e-05
282     7.8322e-05
283    7.41069e-05
284    7.02447e-05
285    7.24802e-05
286    7.76621e-05
287    7.41672e-05
288    7.60309e-05
289    8.82402e-05
290    8.16634e-05
291    6.36075e-05
292    7.86217e-05
293    5.81043e-05
294    7.65176e-05
295    7.63427e-05
296    6.98885e-05
297    7.80999e-05
298     8.4982e-05
299    7.86531e-05
300    9.01472e-05
301    7.58586e-05
302    7.06758e-05
303    7.06828e-05
304    7.54174e-05
305    6.52333e-05
306      7.419e-05
307     7.0044e-05
308    7.07196e-05
309     7.2452e-05
310    7.79086e-05
311    6.91417e-05
312    6.61959e-05
313    7.03055e-05
314    7.46213e-05
315    6.88479e-05
316    6.79897e-05
317    6.53612e-05
318    6.52632e-05
319    6.17929e-05
320    7.52842e-05
321    7.64569e-05
322    8.23231e-05
323    7.06413e-05
324    7.86613e-05
325    6.61787e-05
326    7.22493e-05
327    6.89572e-05
328    6.23583e-05
329    6.80023e-05
330    5.84491e-05
331    6.63413e-05
332    5.89406e-05
333    5.79466e-05
334    8.10343e-05
335    5.99647e-05
336    8.12622e-05
337    5.00536e-05
338    7.00449e-05
339    5.77445e-05
340    7.34185e-05
341     6.4004e-05
342    5.70342e-05
343    6.78738e-05
344    6.86362e-05
345    7.32736e-05
346    6.65606e-05
347    7.57714e-05
348    6.75878e-05
349    5.69385e-05
350     6.5461e-05
351    7.34864e-05
352    7.50503e-05
353    6.08562e-05
354    6.33508e-05
355    7.17491e-05
356    6.44014e-05
357    5.81401e-05
358    6.23997e-05
359    6.39594e-05
360    7.47123e-05
361    6.72247e-05
362     6.8107e-05
363    5.77049e-05
364    5.22827e-05
365    5.23361e-05
366    4.33245e-05
367    6.47654e-05
368    5.29482e-05
369    6.26659e-05
370     6.4353e-05
371    6.63176e-05
372    5.81113e-05
373    6.57233e-05
374    6.92707e-05
375    5.27323e-05
376    5.73053e-05
377    6.03004e-05
378    6.44721e-05
379    4.75626e-05
380    6.62826e-05
381    4.87484e-05
382    4.82118e-05
383     5.2217e-05
384    6.05105e-05
385    6.00269e-05
386    5.69156e-05
387    6.22712e-05
388     5.8664e-05
389    6.17693e-05
390    5.05682e-05
391    4.76873e-05
392    5.21964e-05
393    5.41033e-05
394    4.83148e-05
395    5.28265e-05
396    4.57351e-05
397    5.13696e-05
398    4.91493e-05
399    5.01445e-05
400    3.73853e-05
401    5.33366e-05
402    5.92303e-05
403    3.69875e-05
404    4.42537e-05
405    4.28664e-05
406    3.50666e-05
407    3.98381e-05
408    3.82771e-05
409    4.10134e-05
410    4.87599e-05
411    4.79507e-05
412    4.91386e-05
413    4.90093e-05
414    5.34567e-05
415    5.04831e-05
416    4.01977e-05
417    4.86935e-05
418    4.15136e-05
419    5.06494e-05
420    3.81746e-05
421    4.58656e-05
422     4.4248e-05
423    4.57091e-05
424    4.63334e-05
425    5.08522e-05
426    5.21487e-05
427    5.26723e-05
428    4.65148e-05
429    4.19637e-05
430    3.94292e-05
431     4.6484e-05
432    4.73474e-05
433    4.90488e-05
434    5.08375e-05
435    3.82989e-05
436    3.52278e-05
437     3.9436e-05
438    4.47802e-05
439    4.03112e-05
440    4.46812e-05
441    3.63554e-05
442    4.24669e-05
443    3.35093e-05
444    4.26958e-05
445    4.40846e-05
446    3.83864e-05
447    4.91511e-05
448     4.3858e-05
449    3.75491e-05
450     4.0879e-05
451    4.82514e-05
452    3.56308e-05
453    4.00937e-05
454    3.97182e-05
455    3.88825e-05
456    3.73326e-05
457     4.3215e-05
458    4.94646e-05
459    4.20348e-05
460    5.03135e-05
461    4.54291e-05
462    4.43011e-05
463    3.98288e-05
464    3.26118e-05
465    3.03856e-05
466    3.39518e-05
467    3.69161e-05
468    4.63981e-05
469    4.35134e-05
470    4.29018e-05
471    3.97179e-05
472    4.79762e-05
473    5.15809e-05
474    3.93524e-05
475    4.84751e-05
476    4.10342e-05
477     4.0186e-05
478    3.77288e-05
479    3.11478e-05
480    3.67194e-05
481    4.42462e-05
482    4.55987e-05
483    3.92134e-05
484    3.96383e-05
485    4.36465e-05
486    4.00207e-05
487    4.39757e-05
488    3.94327e-05
489    4.73021e-05
490    4.67978e-05
491    4.26999e-05
492    4.24237e-05
493    3.37046e-05
494    4.08536e-05
495    4.31695e-05
496    3.37119e-05
497    4.07992e-05
498    3.88245e-05
499    3.44867e-05
500    4.45488e-05
501    4.45452e-05
502      5.441e-05
503    4.08042e-05
504    4.09056e-05
505    3.66722e-05
506    3.93754e-05
507    4.16313e-05
508    4.19608e-05
509    4.63083e-05
510    3.63673e-05
511    4.08416e-05
512    4.35209e-05
