0        9.09358
1         1.5292
2       0.925171
3       0.563527
4       0.057415
5      0.0522779
6      0.0232985
7      0.0169328
8      0.0161369
9      0.0109721
10     0.00490551
11     0.00363599
12      0.0056968
13     0.00451253
14     0.00447185
15     0.00389858
16     0.00296169
17     0.00322542
18     0.00341066
19     0.00309597
20     0.00322757
21     0.00246025
22     0.00214094
23     0.00137726
24     0.00116348
25    0.000983677
26     0.00166028
27     0.00127753
28     0.00134942
29     0.00114363
30     0.00150046
31    0.000977606
32     0.00133533
33     0.00094149
34     0.00134446
35    0.000739739
36    0.000991611
37     0.00104644
38     0.00138286
39     0.00141113
40     0.00124776
41     0.00095803
42    0.000936668
43     0.00079658
44     0.00092408
45     0.00095713
46    0.000995151
47    0.000823824
48    0.000719274
49    0.000597126
50    0.000743977
51     0.00068163
52    0.000784935
53    0.000782852
54    0.000635183
55       0.000599
56    0.000580382
57    0.000557003
58    0.000538958
59    0.000525622
60    0.000514296
61    0.000464099
62    0.000315345
63    0.000450023
64    0.000393904
65    0.000366247
66    0.000401862
67    0.000333108
68    0.000416944
69    0.000352145
70    0.000379309
71    0.000346317
72    0.000338501
73    0.000359033
74    0.000326773
75    0.000343988
76    0.000318113
77    0.000284071
78    0.000294919
79    0.000228311
80    0.000229938
81    0.000220219
82    0.000251056
83    0.000245909
84    0.000225438
85     0.00019158
86    0.000196439
87    0.000170805
88    0.000185155
89    0.000169986
90    0.000197792
91    0.000163134
92     0.00018674
93    0.000176895
94     0.00016589
95    0.000161996
96    0.000172294
97    0.000147227
98    0.000174049
99    0.000125481
100    0.000119554
101    0.000108881
102    0.000131177
103    0.000132888
104    0.000105358
105    0.000120218
106    0.000111416
107    9.73933e-05
108    9.70595e-05
109    9.45967e-05
110    0.000108941
111     0.00010134
112    9.48398e-05
113    9.35025e-05
114    0.000100905
115    9.17721e-05
116    8.97874e-05
117    8.46678e-05
118    8.10886e-05
119    8.46729e-05
120    7.93724e-05
121     7.9273e-05
122    8.07335e-05
123    7.51192e-05
124    7.05504e-05
125    7.61514e-05
126    7.04994e-05
127     6.4728e-05
128    6.21134e-05
129    6.34373e-05
130    5.74773e-05
131    6.97957e-05
132    5.68193e-05
133    6.37712e-05
134    6.76932e-05
135    6.23617e-05
136    5.32021e-05
137    6.02486e-05
138    5.70307e-05
139    5.16377e-05
140    6.06577e-05
141    6.39236e-05
142    6.13921e-05
143    5.67941e-05
144    6.67111e-05
145    5.69152e-05
146    4.65174e-05
147     4.3842e-05
148    4.75628e-05
149    4.49094e-05
150    4.75813e-05
151    4.99264e-05
152     5.3419e-05
153    5.22601e-05
154    4.88212e-05
155    4.07875e-05
156     4.1497e-05
157    4.06765e-05
158    4.25223e-05
159    4.35169e-05
160    4.61494e-05
161    4.40243e-05
162    4.34469e-05
163    4.54112e-05
164    4.85096e-05
165    4.46333e-05
166    4.90386e-05
167    5.10764e-05
168    5.16057e-05
169    4.35519e-05
170     4.8696e-05
171    4.69999e-05
172    4.33878e-05
173    4.03941e-05
174    4.37622e-05
175    4.28455e-05
176    4.07277e-05
177    4.46279e-05
178    3.75492e-05
179    4.08911e-05
180    4.44953e-05
181    4.73447e-05
182    4.77542e-05
183    4.83526e-05
184     4.3689e-05
185    4.33806e-05
186    4.35453e-05
187    4.18639e-05
188    4.15876e-05
189      4.209e-05
190    4.11352e-05
191    4.60687e-05
192    3.91754e-05
193    4.18757e-05
194    4.14765e-05
195    4.17788e-05
196    3.82613e-05
197    4.02647e-05
198    3.98216e-05
199     3.9083e-05
200    3.73647e-05
201    4.12897e-05
202    3.77288e-05
203    4.02586e-05
204    3.84867e-05
205    3.75919e-05
206    3.49638e-05
207    4.05548e-05
208    3.98267e-05
209     3.8979e-05
210    4.02475e-05
211    3.51011e-05
212     4.1161e-05
213    4.02318e-05
214    3.78408e-05
215    3.60495e-05
216    3.51228e-05
217    3.93374e-05
218    4.22272e-05
219    3.67474e-05
220     4.0077e-05
221     3.7096e-05
222    3.84351e-05
223    3.70492e-05
224    3.87939e-05
225    3.57634e-05
226    3.88666e-05
227    3.53911e-05
228    3.44883e-05
229    3.00529e-05
230     3.1264e-05
231    3.23098e-05
232     3.3768e-05
233     3.2728e-05
234    3.35706e-05
235    3.40873e-05
236    3.23645e-05
237    3.29863e-05
238    2.96915e-05
239     3.1342e-05
240    3.37777e-05
241    2.80587e-05
242    2.89333e-05
243      3.206e-05
244     3.5309e-05
245    2.91622e-05
246    2.98806e-05
247    2.67569e-05
248    3.18739e-05
249    2.86651e-05
250     3.2751e-05
251    3.28307e-05
252    2.92536e-05
253    2.56673e-05
254    2.76599e-05
255    2.26469e-05
256    2.83652e-05
257    2.93612e-05
258     2.8418e-05
259    2.77585e-05
260    2.64666e-05
261    2.44668e-05
262    2.51872e-05
263    2.35379e-05
264    2.45675e-05
265    2.73065e-05
266    2.66961e-05
267    2.63577e-05
268    2.56197e-05
269    2.62908e-05
270    2.42325e-05
271     2.9622e-05
272    2.38852e-05
273    2.41689e-05
274    2.40864e-05
275    2.28041e-05
276    2.37895e-05
277    2.38401e-05
278     2.4689e-05
279    2.38991e-05
280    2.36206e-05
281    2.31958e-05
282    2.39125e-05
283    2.32554e-05
284    2.21249e-05
285    2.36695e-05
286    2.14348e-05
287    2.41535e-05
288    2.28599e-05
289     2.4842e-05
290    2.50022e-05
291    2.28217e-05
292    2.61669e-05
293    2.54091e-05
294    2.45158e-05
295    2.40572e-05
296    2.41902e-05
297    2.05778e-05
298    2.34508e-05
299    2.37278e-05
300    2.29806e-05
301     2.2604e-05
302    2.25003e-05
303    2.25038e-05
304    2.11464e-05
305    2.11544e-05
306     2.1122e-05
307     2.1074e-05
308    2.46332e-05
309    2.16579e-05
310    2.18605e-05
311    2.28107e-05
312    2.06055e-05
313    2.06158e-05
314    2.01078e-05
315     2.1252e-05
316      2.107e-05
317    2.15435e-05
318    2.21098e-05
319    2.08499e-05
320    2.25774e-05
321    2.29008e-05
322    2.33164e-05
323    2.34332e-05
324    2.39081e-05
325    2.17995e-05
326    2.13615e-05
327    2.39787e-05
328    2.54968e-05
329    2.18725e-05
330    2.39569e-05
331    2.07622e-05
332    1.99384e-05
333    2.15801e-05
334    1.95029e-05
335    2.21512e-05
336     2.2023e-05
337    2.14334e-05
338    2.40934e-05
339    2.15702e-05
340    2.05472e-05
341    2.07575e-05
342    2.12795e-05
343    2.13928e-05
344    2.34313e-05
345    2.18226e-05
346    2.19577e-05
347    2.10414e-05
348    2.07371e-05
349    2.14924e-05
350    1.97177e-05
351    1.90296e-05
352    1.88772e-05
353    1.90016e-05
354    1.89063e-05
355    2.09745e-05
356    2.07812e-05
357    1.90552e-05
358    1.92605e-05
359    1.93963e-05
360    1.89298e-05
361    2.07352e-05
362     1.8839e-05
363    2.00196e-05
364    1.86735e-05
365    1.90289e-05
366    1.93018e-05
367    1.81141e-05
368    1.85259e-05
369    1.98047e-05
370    1.78846e-05
371    1.91007e-05
372    1.92769e-05
373    1.94982e-05
374    1.90706e-05
375    1.90326e-05
376    2.11438e-05
377    2.00054e-05
378    1.79775e-05
379    1.69285e-05
380    1.64433e-05
381    1.67313e-05
382    1.79395e-05
383    1.71425e-05
384    1.92034e-05
385    1.94671e-05
386     1.9686e-05
387    1.88728e-05
388    1.91257e-05
389    1.80147e-05
390    1.85402e-05
391    1.85876e-05
392    1.77974e-05
393    1.84947e-05
394     1.8622e-05
395    1.72393e-05
396     1.9402e-05
397    1.83461e-05
398    1.93289e-05
399     1.7873e-05
400    1.71412e-05
401     1.5975e-05
402    1.64745e-05
403    1.67849e-05
404    1.66906e-05
405    1.78411e-05
406     1.6448e-05
407    1.73014e-05
408    1.59482e-05
409     1.7483e-05
410    1.68434e-05
411    1.59535e-05
412    1.64837e-05
413     1.6795e-05
414    1.77108e-05
415    1.61484e-05
416     1.6957e-05
417     1.7117e-05
418     1.8231e-05
419    1.71265e-05
420    1.73992e-05
421    1.86156e-05
422    1.72867e-05
423    1.54879e-05
424    1.72631e-05
425    1.59485e-05
426    1.58801e-05
427    1.63607e-05
428    1.73073e-05
429    1.63292e-05
430    1.63741e-05
431    1.46188e-05
432    1.59603e-05
433    1.55817e-05
434    1.66554e-05
435    1.65807e-05
436    1.60479e-05
437    1.79024e-05
438    1.72136e-05
439    1.70466e-05
440    1.77303e-05
441    1.51667e-05
442    1.74696e-05
443    1.75218e-05
444    1.62658e-05
445    1.66069e-05
446     1.6294e-05
447    1.57269e-05
448    1.55242e-05
449    1.65645e-05
450    1.57976e-05
451    1.51961e-05
452    1.47054e-05
453    1.60035e-05
454     1.5602e-05
455    1.56051e-05
456    1.67099e-05
457    1.59474e-05
458    1.68196e-05
459    1.68739e-05
460    1.61563e-05
461    1.62177e-05
462    1.41371e-05
463    1.59627e-05
464    1.55274e-05
465    1.59845e-05
466      1.601e-05
467    1.61251e-05
468    1.60447e-05
469    1.59825e-05
470    1.68917e-05
471    1.65641e-05
472    1.63441e-05
473    1.55675e-05
474    1.65271e-05
475     1.6261e-05
476    1.53895e-05
477    1.56368e-05
478    1.69286e-05
479    1.48074e-05
480    1.55496e-05
481    1.55366e-05
482    1.54273e-05
483    1.59186e-05
484     1.7165e-05
485    1.60032e-05
486    1.65845e-05
487    1.53439e-05
488     1.6198e-05
489    1.42928e-05
490    1.49755e-05
491    1.51069e-05
492    1.54386e-05
493    1.58588e-05
494    1.56059e-05
495    1.50805e-05
496    1.61627e-05
497    1.50596e-05
498    1.60792e-05
499    1.57213e-05
500    1.66352e-05
501    1.50798e-05
502    1.39114e-05
503    1.50202e-05
504     1.5352e-05
505    1.48187e-05
506    1.50804e-05
507    1.44405e-05
508    1.50829e-05
509    1.49973e-05
510    1.52802e-05
511    1.42419e-05
512    1.37778e-05
