RMS:    Average: 
0.684724   0.968397
0        8.51853
1          1.396
2       0.846188
3       0.522502
4      0.0511802
5      0.0483701
6      0.0226056
7      0.0159301
8      0.0157218
9     0.00889149
10     0.00498342
11     0.00317603
12      0.0067296
13     0.00487702
14     0.00481164
15     0.00420845
16     0.00270884
17     0.00321826
18     0.00318637
19      0.0030066
20      0.0030213
21      0.0021885
22     0.00186928
23     0.00145593
24     0.00128794
25     0.00086874
26     0.00161835
27     0.00141704
28     0.00132347
29      0.0011035
30     0.00141178
31    0.000879576
32     0.00128612
33    0.000992902
34     0.00105799
35    0.000823137
36    0.000949916
37     0.00115185
38     0.00139525
39     0.00149388
40     0.00112873
41     0.00101933
42     0.00103463
43    0.000753245
44    0.000935902
45    0.000845799
46    0.000976271
47    0.000794242
48     0.00074611
49    0.000660418
50    0.000688893
51    0.000680329
52    0.000708249
53    0.000823882
54    0.000564287
55    0.000592399
56    0.000580485
57    0.000603809
58    0.000570895
59    0.000477566
60     0.00046768
61    0.000419768
62    0.000347096
63    0.000389964
64    0.000349468
65    0.000391213
66    0.000372254
67     0.00035013
68    0.000418471
69    0.000390714
70    0.000446087
71    0.000361761
72    0.000379844
73    0.000378961
74    0.000371124
75    0.000373963
76    0.000315862
77    0.000295424
78    0.000293754
79     0.00022482
80    0.000204627
81    0.000213817
82    0.000233188
83    0.000221902
84    0.000193252
85    0.000189708
86    0.000173215
87    0.000169923
88    0.000189108
89    0.000194655
90    0.000226667
91    0.000169429
92    0.000186857
93    0.000165582
94    0.000166885
95    0.000144084
96    0.000160363
97    0.000167155
98     0.00015582
99    0.000119148
100    0.000118505
101    0.000114051
102    0.000110358
103    0.000115083
104    0.000113023
105    0.000114125
106    0.000109281
107    0.000104537
108    0.000120005
109    9.79397e-05
110    0.000109431
111    0.000101623
112    9.54488e-05
113      9.269e-05
114    9.18734e-05
115     8.7433e-05
116    9.18175e-05
117    8.92936e-05
118    7.51514e-05
119    8.24404e-05
120    8.68626e-05
121    7.94771e-05
122    8.05437e-05
123    7.73424e-05
124    7.37564e-05
125    7.45177e-05
126    7.67743e-05
127    6.15882e-05
128    5.65449e-05
129     6.4977e-05
130     5.1577e-05
131    7.06874e-05
132    5.70683e-05
133    6.38688e-05
134    6.37745e-05
135    5.89675e-05
136    5.88573e-05
137    5.89089e-05
138     5.4692e-05
139    5.74987e-05
140    6.13892e-05
141    6.95138e-05
142    6.04976e-05
143    5.81756e-05
144    6.13982e-05
145    5.61159e-05
146    5.60349e-05
147    5.06727e-05
148    5.90779e-05
149    4.41146e-05
150    4.86025e-05
151    4.71339e-05
152    4.64563e-05
153    4.29084e-05
154    4.29837e-05
155    4.46724e-05
156    4.15123e-05
157    4.10374e-05
158    4.72243e-05
159    5.14983e-05
160    5.00944e-05
161    4.64419e-05
162    4.82939e-05
163    4.18256e-05
164    4.90184e-05
165    4.37106e-05
166    4.14857e-05
167    4.46698e-05
168    4.46159e-05
169    4.02883e-05
170    4.41902e-05
171    4.19515e-05
172    4.47817e-05
173    4.14341e-05
174    4.14182e-05
175    4.05973e-05
176    4.07327e-05
177    4.09685e-05
178    4.13764e-05
179    3.84099e-05
180    4.34844e-05
181    4.27421e-05
182     4.1072e-05
183    4.27478e-05
184    4.28111e-05
185    3.87785e-05
186    4.16696e-05
187    4.46904e-05
188    4.08364e-05
189    4.04021e-05
190    4.33182e-05
191    3.44661e-05
192    3.35919e-05
193    4.22533e-05
194    3.99257e-05
195    3.65656e-05
196    4.34255e-05
197    3.90431e-05
198    3.62978e-05
199    3.90058e-05
200    3.48806e-05
201     4.1813e-05
202    4.13801e-05
203    4.16824e-05
204    3.65714e-05
205    4.07117e-05
206    3.83445e-05
207    4.18412e-05
208    3.33715e-05
209    3.87551e-05
210    3.45636e-05
211    3.35766e-05
212    3.58659e-05
213    3.60042e-05
214    3.28802e-05
215    3.70313e-05
216    3.70023e-05
217    3.60097e-05
218    3.72338e-05
219    3.87761e-05
220    3.43702e-05
221    3.29272e-05
222    3.79479e-05
223    3.76318e-05
224    3.77217e-05
225    3.33236e-05
226    3.18832e-05
227    3.42074e-05
228    3.43784e-05
229    3.03398e-05
230    3.56163e-05
231    3.07196e-05
232    3.31458e-05
233    3.40846e-05
234    3.38641e-05
235     3.5872e-05
236    3.05757e-05
237     3.0923e-05
238    3.12631e-05
239    3.14458e-05
240    2.94247e-05
241    3.22506e-05
242    2.93727e-05
243    3.09453e-05
244    2.98023e-05
245    3.01727e-05
246    2.73652e-05
247    2.94103e-05
248    2.99817e-05
249    3.06168e-05
250     3.0255e-05
251    2.86211e-05
252    2.57465e-05
253    2.79356e-05
254     2.6549e-05
255    2.71695e-05
256    2.86154e-05
257    2.74623e-05
258    2.59243e-05
259    2.47983e-05
260     2.6048e-05
261     2.7962e-05
262    2.54564e-05
263    2.45354e-05
264    2.76578e-05
265    2.48245e-05
266    2.47251e-05
267    2.46535e-05
268    2.54344e-05
269    2.48166e-05
270    2.13762e-05
271    2.36286e-05
272    2.38208e-05
273    2.29622e-05
274    2.39489e-05
275    2.32306e-05
276    2.42184e-05
277    2.20965e-05
278    2.28946e-05
279    2.51753e-05
280    2.60093e-05
281    2.32131e-05
282    2.46042e-05
283    2.32568e-05
284    2.31937e-05
285    2.34878e-05
286    2.17532e-05
287    2.12015e-05
288    2.12768e-05
289    2.24241e-05
290     2.3828e-05
291    2.29773e-05
292    2.14946e-05
293    2.25179e-05
294    2.36949e-05
295    2.36308e-05
296    2.34186e-05
297     2.3613e-05
298    2.22713e-05
299    2.39227e-05
300     2.5084e-05
301    2.19699e-05
302      2.054e-05
303    2.02116e-05
304    2.22529e-05
305    2.04359e-05
306    2.21145e-05
307    2.09578e-05
308    2.31541e-05
309    2.19593e-05
310    2.17707e-05
311    2.13888e-05
312    2.11371e-05
313    2.03197e-05
314    2.08421e-05
315    2.06093e-05
316    2.13619e-05
317    2.04812e-05
318    2.06087e-05
319    2.16724e-05
320    2.02186e-05
321    2.11811e-05
322    2.24656e-05
323    2.35387e-05
324    2.33909e-05
325    2.31724e-05
326    2.24693e-05
327    2.06208e-05
328    2.18774e-05
329    2.18705e-05
330     2.0136e-05
331    2.14093e-05
332    2.07299e-05
333    2.13208e-05
334    2.16445e-05
335     2.2571e-05
336    2.29562e-05
337    2.09044e-05
338    2.32105e-05
339     1.9533e-05
340     2.2079e-05
341     2.1072e-05
342    2.13395e-05
343    2.03992e-05
344    2.20288e-05
345    2.20694e-05
346    2.22899e-05
347    2.25303e-05
348    2.17957e-05
349    2.12466e-05
350    2.04524e-05
351    2.27404e-05
352    2.03868e-05
353    2.01263e-05
354    2.26104e-05
355    2.06776e-05
356    2.13641e-05
357    2.08123e-05
358    1.98906e-05
359     2.0361e-05
360    2.28809e-05
361    2.04832e-05
362     2.0386e-05
363    2.11808e-05
364    1.99076e-05
365    2.02455e-05
366     1.8623e-05
367     1.9837e-05
368    2.12821e-05
369    1.88023e-05
370    2.10063e-05
371     2.0415e-05
372    1.94765e-05
373    2.10742e-05
374    2.01842e-05
375    1.99816e-05
376    1.98714e-05
377    2.11007e-05
378    2.05416e-05
379    1.64855e-05
380    1.77874e-05
381    1.85021e-05
382    1.74158e-05
383    1.74631e-05
384    1.89097e-05
385    1.78325e-05
386    1.95535e-05
387    1.82071e-05
388    1.82313e-05
389    1.91858e-05
390    1.76757e-05
391    1.79906e-05
392    1.90486e-05
393    1.93345e-05
394      1.765e-05
395    1.88291e-05
396    1.72627e-05
397    1.71663e-05
398    1.74405e-05
399    1.59011e-05
400    1.75885e-05
401    1.90764e-05
402    1.86725e-05
403     1.7476e-05
404    1.69834e-05
405    1.63626e-05
406    1.71071e-05
407    1.75591e-05
408    1.68872e-05
409    1.80203e-05
410    1.70851e-05
411    1.63854e-05
412    1.85487e-05
413    1.77497e-05
414    1.78067e-05
415      1.734e-05
416    1.77121e-05
417    1.85988e-05
418      1.766e-05
419    1.68747e-05
420    1.75792e-05
421    1.71495e-05
422    1.63303e-05
423    1.68218e-05
424    1.69127e-05
425     1.6457e-05
426    1.81191e-05
427    1.72545e-05
428    1.63054e-05
429     1.5047e-05
430    1.54313e-05
431    1.64953e-05
432    1.77746e-05
433    1.82716e-05
434    1.81645e-05
435    1.71351e-05
436    1.66701e-05
437    1.75472e-05
438    1.79401e-05
439    1.63239e-05
440    1.77841e-05
441     1.6047e-05
442    1.58495e-05
443    1.57243e-05
444    1.50398e-05
445    1.78651e-05
446    1.60426e-05
447    1.70528e-05
448    1.74187e-05
449    1.53923e-05
450    1.65425e-05
451    1.69911e-05
452    1.47406e-05
453    1.52867e-05
454    1.66393e-05
455    1.51975e-05
456    1.55528e-05
457    1.75302e-05
458    1.86966e-05
459    1.63894e-05
460    1.74854e-05
461    1.60807e-05
462    1.65838e-05
463    1.62659e-05
464    1.49459e-05
465    1.63098e-05
466    1.55802e-05
467    1.67818e-05
468     1.6089e-05
469    1.61397e-05
470    1.72472e-05
471    1.57796e-05
472    1.70243e-05
473    1.75734e-05
474    1.60695e-05
475    1.69797e-05
476     1.6816e-05
477    1.64498e-05
478     1.5534e-05
479    1.53987e-05
480    1.54619e-05
481    1.53128e-05
482    1.60426e-05
483    1.67637e-05
484    1.69406e-05
485    1.63002e-05
486    1.65331e-05
487    1.57915e-05
488    1.52222e-05
489    1.58396e-05
490    1.64686e-05
491    1.54317e-05
492    1.53311e-05
493    1.40209e-05
494    1.48004e-05
495    1.46057e-05
496    1.55905e-05
497    1.51817e-05
498    1.48563e-05
499    1.49327e-05
500    1.61893e-05
501    1.58659e-05
502    1.59104e-05
503    1.57201e-05
504    1.60704e-05
505    1.50993e-05
506     1.5139e-05
507    1.48487e-05
508     1.6385e-05
509    1.53073e-05
510    1.65775e-05
511    1.47981e-05
512    1.55178e-05
