0        25.2844
1       0.943068
2       0.465186
3       0.281469
4      0.0293137
5      0.0228592
6       0.015443
7      0.0114755
8      0.0125027
9     0.00482043
10     0.00353633
11     0.00235257
12     0.00403659
13     0.00204719
14     0.00416334
15     0.00242313
16     0.00176784
17     0.00235133
18     0.00252468
19     0.00301302
20     0.00173998
21     0.00125463
22      0.0015461
23    0.000892861
24    0.000648686
25    0.000725566
26     0.00104131
27     0.00108325
28     0.00100071
29    0.000576148
30    0.000967968
31    0.000645682
32    0.000807772
33    0.000452506
34    0.000746537
35     0.00056295
36    0.000875584
37    0.000788873
38    0.000864084
39    0.000946518
40    0.000694804
41    0.000576487
42    0.000670126
43     0.00064074
44    0.000566402
45    0.000477037
46    0.000480493
47    0.000545649
48    0.000335685
49    0.000394025
50    0.000517877
51     0.00039348
52    0.000394891
53    0.000436536
54    0.000403163
55     0.00042045
56    0.000431836
57     0.00033691
58    0.000325213
59    0.000343388
60    0.000236517
61    0.000185043
62     0.00019932
63    0.000209265
64    0.000208299
65     0.00023138
66    0.000218705
67    0.000170678
68    0.000208113
69    0.000261966
70    0.000242891
71    0.000226525
72    0.000187297
73    0.000245863
74    0.000212671
75    0.000185548
76    0.000140212
77     0.00014532
78    0.000115939
79    0.000125777
80    0.000117616
81    0.000109494
82    0.000120597
83    0.000111809
84    0.000123844
85    0.000101224
86    9.59007e-05
87    9.15263e-05
88    0.000104959
89    0.000132546
90     0.00014435
91    0.000112241
92    0.000133832
93    0.000119313
94    0.000110506
95    6.47879e-05
96    9.15534e-05
97    6.89886e-05
98    5.99354e-05
99    6.34843e-05
100     5.9941e-05
101    4.23557e-05
102    6.89007e-05
103    5.35468e-05
104    6.65387e-05
105    5.49155e-05
106    6.45427e-05
107    5.26435e-05
108    7.04217e-05
109     5.8053e-05
110    5.02019e-05
111    4.99893e-05
112    5.31076e-05
113     4.1909e-05
114    4.75926e-05
115    4.39848e-05
116    3.91419e-05
117    4.27533e-05
118    4.50306e-05
119    3.38907e-05
120     4.5686e-05
121    3.57656e-05
122    3.77534e-05
123    3.44488e-05
124    4.13401e-05
125    3.83135e-05
126    3.83099e-05
127    3.82847e-05
128    3.54988e-05
129    3.72147e-05
130     3.8261e-05
131    3.35109e-05
132    4.06084e-05
133    2.64601e-05
134    2.87071e-05
135    2.85926e-05
136     3.2791e-05
137    2.99918e-05
138    3.55509e-05
139    3.16843e-05
140    3.43062e-05
141     3.1092e-05
142    2.33563e-05
143    2.45521e-05
144    2.36396e-05
145    3.32741e-05
146    2.56774e-05
147    2.47774e-05
148    2.21462e-05
149    2.13102e-05
150     2.1175e-05
151    2.07714e-05
152    2.50215e-05
153    2.05797e-05
154    2.14908e-05
155    1.81704e-05
156    2.36054e-05
157    2.05233e-05
158    1.77445e-05
159     1.6373e-05
160    2.31138e-05
161    1.62024e-05
162    2.05308e-05
163    2.23456e-05
164    2.18135e-05
165    1.73696e-05
166    1.83218e-05
167    1.48556e-05
168    1.82096e-05
169    1.94616e-05
170    1.80532e-05
171    1.90698e-05
172     1.7829e-05
173    2.22029e-05
174    1.87574e-05
175    2.13131e-05
176    1.86369e-05
177    2.25574e-05
178     1.9287e-05
179    1.87958e-05
180    2.16743e-05
181    2.15124e-05
182    2.12849e-05
183    2.05011e-05
184    1.99833e-05
185    1.66859e-05
186    2.26822e-05
187    2.15144e-05
188    2.02431e-05
189    1.97422e-05
190    2.09448e-05
191    1.97191e-05
192    1.74748e-05
193    1.47496e-05
194    2.13263e-05
195    2.00155e-05
196    2.33789e-05
197    2.00813e-05
198    2.15137e-05
199    2.29528e-05
200    2.02401e-05
201    2.16262e-05
202    2.11313e-05
203    2.10939e-05
204    1.74203e-05
205    2.03843e-05
206    2.20269e-05
207    2.22528e-05
208    1.81668e-05
209    1.84291e-05
210    1.74572e-05
211    1.60335e-05
212    1.52011e-05
213    1.63606e-05
214    1.88671e-05
215     1.4713e-05
216    1.81286e-05
217    1.54661e-05
218    1.75522e-05
219    2.05142e-05
220    1.67923e-05
221    1.44311e-05
222    1.56449e-05
223    1.39639e-05
224    1.67986e-05
225    1.48388e-05
226    1.66812e-05
227    1.63914e-05
228    1.49581e-05
229    1.44469e-05
230    1.63542e-05
231    1.43733e-05
232    1.38756e-05
233    1.67151e-05
234    1.54825e-05
235    1.53201e-05
236    1.52854e-05
237    1.24065e-05
238    1.12084e-05
239    1.46335e-05
240    1.37293e-05
241    1.21065e-05
242    1.41488e-05
243    1.25409e-05
244    1.38882e-05
245    1.09808e-05
246    1.02197e-05
247    1.26393e-05
248    1.26514e-05
249     1.5667e-05
250    1.29651e-05
251    1.18745e-05
252    1.36727e-05
253    1.44638e-05
254    1.09452e-05
255    1.09833e-05
256    1.25596e-05
257     1.0279e-05
258    1.20271e-05
259    1.12385e-05
260    1.02729e-05
261    1.01792e-05
262    1.06312e-05
263    1.04449e-05
264    1.02065e-05
265    1.15966e-05
266    7.40379e-06
267    8.15986e-06
268    8.99677e-06
269    7.85155e-06
270    8.41773e-06
271     8.3453e-06
272     1.1423e-05
273    9.70028e-06
274     1.1258e-05
275    7.92223e-06
276    7.64918e-06
277    8.24096e-06
278    9.16151e-06
279    7.59751e-06
280    8.54573e-06
281    8.77002e-06
282     8.9554e-06
283    8.54634e-06
284    7.57324e-06
285    7.69294e-06
286    7.08692e-06
287    7.25595e-06
288    8.98285e-06
289    8.86229e-06
290    9.40423e-06
291    8.01429e-06
292    8.49846e-06
293     7.6501e-06
294    8.12054e-06
295    8.05708e-06
296    8.73168e-06
297    8.29684e-06
298    7.59994e-06
299    9.03246e-06
300    8.44192e-06
301    7.21462e-06
302    7.67488e-06
303    6.49635e-06
304    7.69522e-06
305    7.37467e-06
306    9.46568e-06
307    7.04286e-06
308     8.1059e-06
309    8.82816e-06
310     7.6175e-06
311    7.43466e-06
312    8.74248e-06
313    8.38169e-06
314     7.7808e-06
315    9.06745e-06
316    8.53291e-06
317    8.83249e-06
318    7.76853e-06
319    7.86331e-06
320    8.64761e-06
321     8.7299e-06
322    8.40157e-06
323    8.87916e-06
324     8.4177e-06
325    8.81124e-06
326    8.09997e-06
327    8.73549e-06
328    8.05273e-06
329    8.53368e-06
330    8.15469e-06
331    7.62385e-06
332    7.17105e-06
333    8.75067e-06
334    8.01834e-06
335    7.22868e-06
336    8.34606e-06
337    6.57761e-06
338    8.93955e-06
339    7.06066e-06
340    6.66548e-06
341     8.0514e-06
342    7.27566e-06
343    7.56461e-06
344    7.59587e-06
345    6.68768e-06
346    7.69126e-06
347    7.45145e-06
348    7.22833e-06
349    8.46919e-06
350    7.28914e-06
351    6.26861e-06
352    6.66947e-06
353    7.69974e-06
354    7.00602e-06
355    6.73028e-06
356    7.52113e-06
357    6.74196e-06
358    7.46024e-06
359    7.90227e-06
360     7.7164e-06
361    7.30126e-06
362    7.18423e-06
363    6.43611e-06
364    7.40508e-06
365    5.96524e-06
366    6.74874e-06
367     4.6595e-06
368    6.14309e-06
369    6.11152e-06
370    7.53044e-06
371    6.92386e-06
372    6.64134e-06
373    6.21625e-06
374    6.43986e-06
375    6.83072e-06
376    6.32714e-06
377    5.91826e-06
378    5.40045e-06
379    6.04094e-06
380    6.94919e-06
381     6.0901e-06
382    5.62407e-06
383    5.35688e-06
384    6.83191e-06
385     5.2739e-06
386    5.95459e-06
387    5.82741e-06
388    5.90033e-06
389    6.17603e-06
390      5.498e-06
391    5.69023e-06
392    5.89421e-06
393     5.5197e-06
394    6.01121e-06
395    4.63369e-06
396    6.10917e-06
397    5.46191e-06
398    6.66006e-06
399    4.75886e-06
400    5.73738e-06
401    4.33999e-06
402    6.05033e-06
403    5.78265e-06
404    6.38442e-06
405    6.06068e-06
406    6.05617e-06
407    5.17543e-06
408    5.24151e-06
409    5.45653e-06
410    5.64226e-06
411     5.0522e-06
412    4.98803e-06
413    4.44024e-06
414    4.82582e-06
415    4.42837e-06
416    4.93863e-06
417    5.03002e-06
418    4.78336e-06
419    4.99623e-06
420    5.06556e-06
421    4.16898e-06
422    4.25265e-06
423    4.99906e-06
424    4.88721e-06
425    4.42293e-06
426    5.13594e-06
427    4.42457e-06
428    4.82919e-06
429    4.69494e-06
430    4.48002e-06
431    4.91889e-06
432    4.12875e-06
433    4.45868e-06
434    4.10697e-06
435    5.68972e-06
436    5.78008e-06
437    5.33915e-06
438    4.85192e-06
439    4.28339e-06
440    4.09535e-06
441    4.58945e-06
442    4.17562e-06
443    4.77705e-06
444    3.82743e-06
445    3.87174e-06
446    4.40889e-06
447    4.59236e-06
448    4.89233e-06
449    5.30508e-06
450    3.73712e-06
451    4.14237e-06
452    4.55478e-06
453     4.0087e-06
454    4.70703e-06
455    4.75835e-06
456     4.4994e-06
457    4.97909e-06
458    4.64448e-06
459    4.59667e-06
460    4.61467e-06
461       3.97e-06
462    3.52501e-06
463      3.389e-06
464    2.74253e-06
465    3.79855e-06
466    4.40772e-06
467    4.25794e-06
468     4.1398e-06
469    4.87888e-06
470    4.30801e-06
471    4.02048e-06
472    3.52603e-06
473    4.03042e-06
474    3.98543e-06
475    3.92712e-06
476    4.63875e-06
477    3.57363e-06
478    3.71219e-06
479     3.6285e-06
480    4.39094e-06
481    4.57164e-06
482    4.45454e-06
483    4.29744e-06
484    4.45716e-06
485    3.79896e-06
486    3.85201e-06
487    3.82091e-06
488    3.88853e-06
489    3.85907e-06
490    3.93031e-06
491    4.38003e-06
492    4.83255e-06
493    3.97172e-06
494    4.04204e-06
495     4.6286e-06
496    4.95108e-06
497     4.6893e-06
498    4.39554e-06
499    4.28183e-06
500    3.53109e-06
501    3.69856e-06
502    3.51881e-06
503    4.47067e-06
504    3.95698e-06
505    3.49909e-06
506    3.47381e-06
507    3.30929e-06
508    3.72937e-06
509    2.89976e-06
510    3.59734e-06
511     3.7538e-06
512     3.9693e-06
