0        30.0797
1       0.523029
2        0.24856
3        0.16376
4      0.0148507
5      0.0157359
6     0.00836247
7      0.0055825
8     0.00613754
9     0.00238227
10     0.00183714
11      0.0012834
12      0.0020796
13     0.00151836
14     0.00210382
15      0.0015634
16     0.00089119
17     0.00134877
18     0.00151304
19     0.00174794
20     0.00102971
21    0.000521781
22    0.000765359
23    0.000510447
24    0.000443871
25    0.000320182
26    0.000707716
27     0.00058904
28    0.000636242
29    0.000292255
30     0.00063735
31    0.000328668
32    0.000505405
33    0.000236883
34    0.000359781
35    0.000266679
36    0.000450916
37    0.000501932
38    0.000582066
39    0.000670924
40    0.000382123
41    0.000340532
42    0.000356735
43    0.000354345
44    0.000293273
45    0.000261405
46    0.000345248
47    0.000355021
48    0.000193961
49    0.000251724
50    0.000261361
51    0.000270764
52    0.000243511
53    0.000348279
54    0.000209564
55    0.000219158
56    0.000258285
57    0.000201925
58    0.000186441
59    0.000173688
60    0.000126868
61    8.63547e-05
62    0.000117033
63    0.000105938
64    0.000105364
65     0.00012671
66    0.000115386
67    9.44186e-05
68    0.000138551
69     0.00016753
70    0.000158128
71    0.000139911
72    0.000118914
73    0.000153055
74    0.000121931
75     0.00014071
76    6.96818e-05
77    6.87436e-05
78    6.59631e-05
79    6.99856e-05
80    5.31709e-05
81    5.71503e-05
82    5.18142e-05
83    6.50125e-05
84    5.65601e-05
85    5.11875e-05
86    3.93198e-05
87    3.96764e-05
88    5.75991e-05
89    7.49212e-05
90    8.46252e-05
91    6.54627e-05
92    7.58375e-05
93    5.73512e-05
94    5.80931e-05
95     3.4069e-05
96     4.3572e-05
97    2.97497e-05
98     3.5028e-05
99    2.48169e-05
100    3.12328e-05
101    1.80178e-05
102    2.28994e-05
103    2.15565e-05
104    2.54004e-05
105      1.526e-05
106    1.82873e-05
107    2.34255e-05
108    2.65904e-05
109    2.52533e-05
110    2.39862e-05
111    2.24535e-05
112    2.09116e-05
113    1.13835e-05
114    1.58525e-05
115    8.36803e-06
116    1.28501e-05
117    1.16165e-05
118    1.11849e-05
119    1.02633e-05
120    1.57833e-05
121    1.03335e-05
122    7.04047e-06
123    6.63278e-06
124    9.95869e-06
125    8.97455e-06
126    1.44228e-05
127    8.92929e-06
128    8.59231e-06
129    8.49842e-06
130    6.55795e-06
131    7.49868e-06
132    8.30275e-06
133    6.79716e-06
134     9.3644e-06
135    9.08858e-06
136    9.51618e-06
137    6.42672e-06
138     7.0475e-06
139    6.43484e-06
140    4.10149e-06
141    8.50531e-06
142    7.07441e-06
143    5.99734e-06
144    7.26558e-06
145    6.91041e-06
146    7.30587e-06
147    6.40119e-06
148    6.43579e-06
149    3.93611e-06
150    5.74693e-06
151    3.28701e-06
152    5.66009e-06
153    4.10816e-06
154    3.89506e-06
155    2.93347e-06
156    1.46696e-08
157    5.26817e-06
158    3.47746e-07
159    5.32543e-06
160     2.6734e-06
161    3.69487e-06
162    5.43837e-06
163    4.20565e-06
164    1.80576e-06
165    4.89921e-06
166     1.7983e-06
167     4.3869e-06
168    4.41819e-06
169    6.36376e-06
170    4.02612e-06
171    3.38025e-06
172     1.9722e-08
173    6.34548e-06
174    3.55397e-06
175    4.85474e-06
176    4.01942e-06
177    5.26074e-06
178    5.17468e-06
179    1.52119e-06
180    3.44855e-06
181    4.73454e-06
182    5.41386e-06
183    7.07069e-06
184    4.62265e-06
185    4.71911e-06
186    5.00376e-06
187    5.54679e-06
188     5.3226e-06
189    4.57386e-06
190    3.72188e-06
191    5.48893e-06
192    2.14254e-06
193    3.83867e-06
194    4.95624e-06
195    3.18273e-06
196     5.6893e-06
197    4.58336e-06
198    5.80999e-06
199    6.13017e-06
200    2.81364e-06
201    4.91591e-06
202    7.28154e-06
203    6.33971e-06
204    3.92246e-06
205    4.40674e-06
206    5.91085e-06
207    9.02804e-06
208    3.73441e-06
209    5.10582e-06
210    4.12667e-06
211    3.18128e-06
212    4.87546e-06
213     5.6948e-06
214     5.4677e-06
215    4.60641e-06
216    4.08852e-06
217    3.12132e-06
218    4.76046e-06
219    6.99542e-06
220     3.6953e-06
221    5.82358e-06
222    5.00618e-06
223    4.06737e-06
224     6.2649e-06
225    4.08474e-06
226    3.74275e-06
227     4.3216e-06
228    4.18774e-06
229    3.08437e-06
230    4.76731e-06
231    3.41725e-06
232    1.88827e-06
233    4.25834e-06
234    3.63397e-06
235    4.13794e-06
236    5.01931e-06
237    1.55547e-06
238    4.08756e-06
239    4.59943e-06
240    3.55999e-06
241     2.1561e-06
242    2.59064e-06
243    3.04193e-06
244    3.01039e-06
245    3.23861e-06
246    3.37113e-06
247    2.46733e-06
248    1.84784e-06
249    2.41114e-06
250    4.27938e-06
251    2.66131e-06
252    3.67021e-06
253    2.97683e-06
254    1.42849e-06
255    1.36495e-06
256     2.0775e-06
257    8.92553e-07
258    2.17588e-06
259    1.82141e-06
260    1.80385e-06
261    2.46373e-06
262    6.32107e-07
263    2.71033e-06
264    7.15032e-07
265    2.15579e-06
266     1.7429e-06
267    2.22545e-06
268    1.94503e-06
269   -2.45441e-07
270    1.65797e-06
271    4.36123e-07
272    5.71986e-07
273    -1.1436e-07
274    1.34676e-06
275   -4.27881e-08
276    1.33505e-06
277    2.31608e-06
278    3.76815e-07
279    1.53154e-06
280    1.56983e-06
281    5.84283e-08
282    1.82987e-06
283    1.45756e-06
284    1.50024e-06
285    1.23935e-06
286    1.07679e-06
287   -4.41084e-08
288     6.6948e-07
289    9.32792e-07
290   -1.19498e-07
291    1.05251e-06
292    4.94335e-07
293    1.99726e-06
294    3.31666e-07
295    8.41939e-07
296    1.67722e-06
297    3.78371e-07
298    3.41781e-07
299    1.24867e-06
300    6.19065e-08
301    6.32942e-07
302    1.95612e-08
303    1.61114e-07
304    9.32295e-07
305    1.05451e-06
306    1.51922e-06
307    1.63204e-06
308    1.13395e-06
309    1.88853e-06
310    8.93217e-07
311    8.43401e-07
312    1.13082e-06
313    1.12206e-06
314    8.74605e-07
315    1.62953e-06
316    1.03793e-06
317    1.22089e-06
318    2.07362e-07
319    5.62893e-07
320    2.12236e-06
321    1.47299e-06
322    6.16168e-07
323    1.06824e-06
324    9.36921e-07
325    1.93043e-06
326    1.98605e-06
327    2.39787e-06
328    1.92403e-06
329    4.00309e-07
330    1.17298e-06
331    2.95543e-08
332    1.53277e-06
333    1.15373e-06
334    1.11045e-06
335    1.58029e-06
336    7.27388e-07
337    7.02749e-07
338    9.77259e-07
339   -1.74797e-07
340    1.59266e-06
341    1.13718e-06
342     1.7853e-06
343    1.80681e-06
344    3.02737e-07
345    1.38673e-06
346    1.19068e-06
347    1.18678e-06
348    1.72876e-06
349    1.98879e-06
350    8.28812e-07
351     1.8678e-06
352    7.89134e-07
353    1.18537e-06
354    1.88046e-06
355    6.67653e-07
356    1.05945e-06
357    1.26287e-06
358    1.84192e-06
359    1.34027e-06
360    8.52567e-07
361    1.28816e-06
362     1.0128e-06
363    1.76045e-06
364     7.8754e-07
365    8.00673e-07
366     1.4463e-06
367    4.48013e-07
368     1.1978e-06
369    1.03051e-06
370     9.4089e-07
371    7.54201e-07
372    1.22047e-06
373    7.57971e-07
374    1.03776e-06
375    1.55409e-06
376    7.75349e-07
377    1.23026e-06
378    1.70599e-06
379    7.44969e-07
380    1.19869e-06
381    5.63356e-07
382   -2.67249e-07
383   -3.14553e-07
384    8.33255e-07
385    4.66115e-07
386    1.85351e-06
387    2.92955e-07
388    1.22227e-06
389    1.08585e-06
390    1.39299e-06
391    1.26874e-06
392     6.2755e-07
393    6.74702e-07
394    6.02784e-07
395    -5.0001e-07
396    8.00786e-07
397     5.8028e-07
398    8.31124e-07
399    1.63139e-07
400    1.24893e-06
401     4.1061e-07
402     -2.206e-07
403    1.14378e-06
404    8.48971e-07
405    8.99536e-07
406    1.37445e-06
407     6.9092e-07
408    1.10514e-06
409    4.45473e-07
410    4.22863e-07
411    3.87632e-07
412    4.70695e-07
413    7.78352e-07
414    1.02331e-06
415    1.02881e-06
416    3.19951e-07
417    3.59689e-07
418   -3.77561e-07
419   -4.68171e-07
420    1.95051e-07
421    8.65155e-07
422    6.68125e-07
423    6.11003e-07
424    8.30509e-07
425    1.11845e-06
426    1.16285e-06
427    1.92322e-07
428    1.09829e-07
429    7.99328e-07
430    2.32983e-07
431    9.49169e-07
432    1.29455e-07
433     8.8184e-07
434    5.82727e-07
435    1.30777e-07
436    1.02246e-06
437      1.056e-07
438    -5.6463e-07
439   -3.07355e-07
440   -7.17424e-09
441    1.80718e-07
442   -2.13828e-07
443    4.23261e-07
444    3.19915e-07
445    7.39599e-07
446    8.87411e-08
447    1.89436e-07
448    1.03573e-07
449   -3.81865e-08
450    4.79669e-07
451    1.65727e-07
452   -2.76181e-07
453    2.96916e-07
454    7.43951e-07
455    5.66298e-07
456    1.20464e-06
457    4.59378e-07
458    7.34134e-07
459    7.64333e-07
460    4.35799e-07
461    7.84971e-07
462     3.2459e-07
463    4.81101e-07
464    4.19479e-07
465    6.15126e-07
466    3.63325e-07
467   -1.22501e-07
468    3.69981e-07
469    2.24596e-07
470     5.9776e-07
471   -4.33398e-07
472    3.87004e-07
473    2.45037e-07
474    1.61896e-07
475    3.37939e-07
476    7.36455e-07
477    3.49353e-07
478    3.38735e-07
479    1.21151e-07
480    7.89415e-07
481    8.00857e-08
482    3.48641e-07
483    1.50716e-07
484    7.33273e-07
485    4.86531e-07
486    6.93368e-07
487    5.51078e-07
488    7.37718e-07
489    7.84251e-07
490    2.59965e-07
491    4.29673e-07
492    1.17559e-06
493    5.65597e-07
494    5.16695e-07
495    7.10634e-07
496     6.1979e-07
497    7.77879e-07
498    1.10216e-06
499    3.40833e-07
500     4.6751e-07
501    4.97684e-07
502    8.92558e-08
503    4.66769e-07
504    1.27343e-06
505    5.17348e-07
506    1.02567e-06
507    4.57084e-07
508    7.44982e-07
509    1.12791e-06
510     3.9396e-07
511    2.36027e-07
512    7.43387e-07
