0        23.7197
1         1.0731
2       0.574781
3       0.355755
4      0.0410194
5      0.0315246
6      0.0153445
7      0.0121003
8      0.0120797
9     0.00596851
10     0.00364946
11     0.00224233
12     0.00369891
13     0.00205238
14     0.00348903
15     0.00226714
16      0.0018625
17      0.0020666
18     0.00214133
19     0.00252235
20     0.00181631
21     0.00137882
22     0.00150382
23    0.000929212
24    0.000557681
25    0.000657746
26     0.00102254
27     0.00086912
28    0.000741368
29    0.000700742
30    0.000836815
31    0.000515526
32    0.000684948
33    0.000452322
34    0.000743554
35    0.000409216
36    0.000735945
37    0.000646833
38    0.000751395
39    0.000801269
40    0.000646956
41    0.000598516
42    0.000646867
43    0.000546418
44    0.000589732
45    0.000508396
46    0.000461266
47     0.00046501
48    0.000362019
49    0.000356157
50    0.000447532
51    0.000348867
52    0.000430427
53     0.00041778
54    0.000371815
55    0.000412094
56    0.000353972
57    0.000316775
58    0.000302906
59    0.000337734
60    0.000288214
61    0.000237342
62    0.000172612
63    0.000208674
64    0.000204476
65    0.000193701
66    0.000236929
67    0.000165845
68     0.00023297
69    0.000228843
70    0.000224986
71    0.000205865
72    0.000185055
73    0.000199209
74    0.000177042
75    0.000174538
76    0.000132463
77    0.000130344
78    0.000112857
79    0.000111172
80     0.00010257
81    0.000104437
82    0.000133364
83    0.000104752
84    0.000111617
85    9.48972e-05
86    8.19877e-05
87     8.7432e-05
88    9.21824e-05
89    0.000109071
90    0.000113021
91    0.000108188
92    0.000110665
93    9.86822e-05
94    0.000102695
95    7.49804e-05
96     8.0855e-05
97    6.62045e-05
98    7.01006e-05
99    6.35893e-05
100    5.36368e-05
101    5.06935e-05
102    6.95228e-05
103    5.61205e-05
104     7.2945e-05
105    6.01551e-05
106    5.09528e-05
107    4.73926e-05
108    5.32022e-05
109     4.6535e-05
110    4.79826e-05
111    4.18863e-05
112    5.26075e-05
113    4.00906e-05
114    4.65242e-05
115    3.93687e-05
116    3.50556e-05
117    4.19187e-05
118    3.56492e-05
119    3.39274e-05
120    3.75617e-05
121    3.38105e-05
122    3.63253e-05
123    3.27833e-05
124    3.96772e-05
125    3.13094e-05
126    2.81154e-05
127    2.95479e-05
128    2.65082e-05
129    3.77223e-05
130    3.34098e-05
131    3.18246e-05
132    2.73086e-05
133    2.67778e-05
134    3.09752e-05
135    2.49579e-05
136    2.48142e-05
137    1.95493e-05
138    2.59626e-05
139    2.20298e-05
140       2.24e-05
141    2.59215e-05
142    2.10843e-05
143    2.40126e-05
144     2.2604e-05
145    2.33445e-05
146    1.88725e-05
147    2.37707e-05
148    1.93774e-05
149    1.65867e-05
150    1.52109e-05
151    1.91947e-05
152    2.04059e-05
153    1.84859e-05
154    1.57825e-05
155    1.80077e-05
156     1.8568e-05
157    1.63254e-05
158    1.82469e-05
159     1.7747e-05
160     2.0528e-05
161    1.93197e-05
162    1.93435e-05
163    2.14121e-05
164     2.3535e-05
165    1.47005e-05
166    1.70462e-05
167    1.75963e-05
168     1.8321e-05
169    1.54497e-05
170    1.58444e-05
171    1.52892e-05
172    1.17222e-05
173    1.47116e-05
174    1.35321e-05
175    1.75553e-05
176    1.61592e-05
177    1.48692e-05
178    1.69025e-05
179    1.32306e-05
180    2.08932e-05
181    1.92563e-05
182    2.00317e-05
183       1.87e-05
184      1.949e-05
185    1.56026e-05
186    1.81817e-05
187    1.59091e-05
188    1.75574e-05
189    1.31448e-05
190    1.51663e-05
191     1.7476e-05
192    1.49096e-05
193    1.57882e-05
194    1.76793e-05
195    1.66899e-05
196    1.58522e-05
197    1.40475e-05
198    1.34309e-05
199    1.48481e-05
200     1.3093e-05
201    1.70315e-05
202    1.77744e-05
203    1.60494e-05
204    1.30389e-05
205    1.51898e-05
206    1.52947e-05
207     1.8684e-05
208    1.58652e-05
209    1.55453e-05
210    1.45401e-05
211    1.53133e-05
212     1.4067e-05
213    1.48969e-05
214    1.63718e-05
215    1.54911e-05
216    1.56778e-05
217    1.33551e-05
218    1.75782e-05
219    1.46359e-05
220    1.31543e-05
221    1.31278e-05
222    1.47236e-05
223    1.35435e-05
224    1.37359e-05
225    1.29526e-05
226    1.40472e-05
227    1.12893e-05
228    1.41319e-05
229    1.14823e-05
230    1.36224e-05
231    1.10471e-05
232    1.23388e-05
233    1.01552e-05
234     1.0885e-05
235    1.27883e-05
236    1.23228e-05
237     8.7314e-06
238    1.05469e-05
239    1.14975e-05
240    1.25418e-05
241    1.03127e-05
242    1.14857e-05
243    1.05692e-05
244    1.28769e-05
245    1.00529e-05
246    9.17162e-06
247    9.07534e-06
248    1.11613e-05
249    1.05619e-05
250    1.05346e-05
251    9.64723e-06
252    1.03172e-05
253    9.89727e-06
254    8.41136e-06
255    8.51071e-06
256    9.32445e-06
257    7.72134e-06
258    1.03638e-05
259    9.53431e-06
260    7.93685e-06
261    7.73871e-06
262    9.14832e-06
263     7.6509e-06
264    7.52461e-06
265    8.58532e-06
266    7.90241e-06
267    6.99514e-06
268    7.22635e-06
269    7.17489e-06
270    6.46998e-06
271    7.39245e-06
272    7.56015e-06
273    7.35051e-06
274    6.91443e-06
275    7.08803e-06
276    6.65611e-06
277    6.60834e-06
278    7.87492e-06
279    7.25814e-06
280    7.71505e-06
281    7.66658e-06
282    7.82685e-06
283    8.19782e-06
284    6.15327e-06
285    7.43443e-06
286    6.28002e-06
287    6.46839e-06
288    5.88374e-06
289     6.2719e-06
290    6.07083e-06
291    4.82133e-06
292     5.8144e-06
293    4.77433e-06
294    5.64132e-06
295    7.04171e-06
296    8.16123e-06
297    7.03422e-06
298    6.64016e-06
299     5.6968e-06
300    7.60347e-06
301    7.27085e-06
302    6.81335e-06
303    6.46591e-06
304    7.36449e-06
305    6.57177e-06
306    6.65901e-06
307    6.96548e-06
308    6.78065e-06
309    7.39477e-06
310    6.08118e-06
311    6.46869e-06
312    6.38886e-06
313    6.90208e-06
314    7.30333e-06
315    6.61084e-06
316    6.90203e-06
317    6.98708e-06
318    5.92696e-06
319    5.37681e-06
320    5.49574e-06
321    6.80232e-06
322    6.13264e-06
323    6.45345e-06
324    6.82034e-06
325    5.57454e-06
326     6.2078e-06
327    6.36335e-06
328    6.22767e-06
329     7.0327e-06
330    6.68102e-06
331    6.22717e-06
332    7.47048e-06
333    6.84962e-06
334    6.51825e-06
335    5.30922e-06
336    6.19606e-06
337    6.15434e-06
338    6.58747e-06
339    5.02711e-06
340    5.65046e-06
341    5.14015e-06
342    4.99183e-06
343     5.6031e-06
344    5.78292e-06
345    5.54873e-06
346    6.84785e-06
347    5.82011e-06
348     6.4583e-06
349     5.9804e-06
350    5.76221e-06
351    6.51475e-06
352    6.73808e-06
353    6.37029e-06
354    5.30536e-06
355    6.32306e-06
356    5.28684e-06
357    5.19961e-06
358    5.23738e-06
359    5.43843e-06
360    5.61852e-06
361    4.55859e-06
362    4.77737e-06
363    5.23091e-06
364    5.41493e-06
365    5.32547e-06
366    6.19214e-06
367    5.16071e-06
368    5.40606e-06
369    4.93112e-06
370    5.25068e-06
371    6.12198e-06
372    4.88875e-06
373    5.80055e-06
374    5.29305e-06
375    5.36372e-06
376     5.7849e-06
377    5.83265e-06
378    5.98127e-06
379    5.06424e-06
380    4.57597e-06
381    4.57058e-06
382    5.10898e-06
383    4.58027e-06
384    5.22276e-06
385    5.73463e-06
386    6.18583e-06
387    5.52414e-06
388    5.12533e-06
389    4.75713e-06
390    5.42281e-06
391    4.85287e-06
392    4.56449e-06
393    4.41704e-06
394    4.95535e-06
395    5.85369e-06
396    5.32154e-06
397    4.64925e-06
398    5.18342e-06
399    4.27831e-06
400    4.06889e-06
401    3.52732e-06
402    4.63463e-06
403       4.63e-06
404    5.20288e-06
405    4.42068e-06
406    4.30904e-06
407    4.65134e-06
408    4.89217e-06
409    4.68643e-06
410    4.19131e-06
411     3.6998e-06
412    3.94228e-06
413    3.67369e-06
414    4.08686e-06
415    3.24248e-06
416    4.76634e-06
417    4.86129e-06
418    3.90976e-06
419    4.21964e-06
420    4.03301e-06
421    3.03759e-06
422    3.92623e-06
423    4.00126e-06
424    3.33216e-06
425    3.57183e-06
426    4.29603e-06
427    4.12748e-06
428    4.55681e-06
429    4.39123e-06
430    4.37471e-06
431     3.8602e-06
432    4.10571e-06
433    3.82286e-06
434    3.99508e-06
435    3.91168e-06
436     4.9535e-06
437    3.77654e-06
438    4.57904e-06
439    4.39308e-06
440     3.6861e-06
441    4.11752e-06
442    3.79065e-06
443    4.59766e-06
444    3.62437e-06
445    3.04586e-06
446    3.16428e-06
447    3.39343e-06
448    3.79921e-06
449    3.35899e-06
450    3.70783e-06
451    3.48998e-06
452    3.62484e-06
453    3.52417e-06
454    3.22965e-06
455    3.04686e-06
456    2.60912e-06
457    3.48273e-06
458    3.53515e-06
459    3.54302e-06
460    4.31663e-06
461    3.96607e-06
462    3.17283e-06
463    3.25481e-06
464    3.69081e-06
465    3.35384e-06
466    4.18138e-06
467    4.03762e-06
468    3.97774e-06
469    3.90348e-06
470    4.53961e-06
471    3.81556e-06
472    3.73659e-06
473     4.0632e-06
474    3.93754e-06
475    3.57504e-06
476    3.93486e-06
477    3.81766e-06
478    3.90287e-06
479    3.49779e-06
480    3.70672e-06
481    3.64323e-06
482    3.93005e-06
483    4.12719e-06
484    4.07332e-06
485    3.63346e-06
486    4.32219e-06
487    3.61755e-06
488    3.61709e-06
489    2.95938e-06
490    3.92366e-06
491    4.05035e-06
492    3.45145e-06
493     4.0571e-06
494    4.14757e-06
495    4.07305e-06
496    3.83627e-06
497     3.9472e-06
498    2.85376e-06
499    3.90349e-06
500    3.32889e-06
501     3.1569e-06
502    4.48483e-06
503    3.65638e-06
504     3.6645e-06
505    3.87484e-06
506    3.38542e-06
507    3.42351e-06
508    3.59397e-06
509    3.13659e-06
510    3.39575e-06
511    3.14243e-06
512    2.97289e-06
