0         24.493
1       0.993802
2       0.539583
3       0.333818
4      0.0371531
5      0.0280829
6      0.0140313
7      0.0104401
8      0.0110253
9     0.00498652
10     0.00264397
11     0.00144339
12       0.003892
13     0.00197448
14     0.00295909
15     0.00214448
16     0.00139532
17     0.00162469
18     0.00176715
19         0.0019
20     0.00139497
21     0.00111135
22     0.00111136
23    0.000743539
24    0.000499498
25    0.000448303
26    0.000862355
27    0.000694579
28    0.000608513
29    0.000534047
30     0.00065296
31    0.000396614
32    0.000646716
33    0.000355295
34    0.000563277
35    0.000332481
36    0.000507252
37    0.000509754
38    0.000648924
39    0.000704606
40     0.00053193
41    0.000492421
42    0.000527764
43    0.000372591
44    0.000459553
45    0.000389801
46     0.00040568
47    0.000357958
48    0.000318017
49    0.000313951
50    0.000356007
51    0.000277035
52    0.000350604
53    0.000338423
54    0.000274998
55    0.000275854
56    0.000266486
57    0.000244181
58     0.00023636
59    0.000223988
60    0.000209061
61    0.000164462
62    0.000126891
63    0.000158249
64    0.000137622
65    0.000149896
66    0.000175398
67    0.000118106
68    0.000178535
69    0.000170659
70     0.00018382
71    0.000156057
72    0.000138203
73     0.00014063
74    0.000135439
75    0.000132697
76    0.000111999
77    0.000114482
78    0.000104275
79    7.96658e-05
80    7.80794e-05
81    7.22701e-05
82    0.000100838
83    7.97755e-05
84    7.01537e-05
85    6.35139e-05
86    5.97201e-05
87    5.74097e-05
88    6.96727e-05
89    7.01497e-05
90    9.08301e-05
91    6.27384e-05
92    7.48821e-05
93    6.65845e-05
94    6.92377e-05
95    4.50629e-05
96    5.70226e-05
97    4.85477e-05
98    4.11453e-05
99    4.19621e-05
100    3.37127e-05
101    3.12086e-05
102    3.32182e-05
103    2.83134e-05
104    3.67041e-05
105    2.59176e-05
106     2.7518e-05
107    2.09396e-05
108    3.45549e-05
109    2.06269e-05
110    2.56652e-05
111    1.87534e-05
112    2.46195e-05
113    1.80509e-05
114    1.99315e-05
115    1.82064e-05
116    1.52598e-05
117    1.46059e-05
118    1.69516e-05
119     1.7069e-05
120    1.70563e-05
121    1.88104e-05
122    1.57832e-05
123    1.34803e-05
124    1.90019e-05
125    1.15865e-05
126    1.22607e-05
127    7.68683e-06
128    9.06718e-06
129    9.82272e-06
130    1.14285e-05
131    1.35316e-05
132    1.23286e-05
133    1.37812e-05
134    1.35463e-05
135    1.17304e-05
136     1.1788e-05
137    1.03572e-05
138    1.28803e-05
139    9.47972e-06
140     1.0819e-05
141    1.41604e-05
142    1.04591e-05
143    1.15723e-05
144    8.16564e-06
145    1.10848e-05
146    1.27008e-05
147    1.04684e-05
148    1.20347e-05
149    4.31218e-06
150    8.98989e-06
151    6.78307e-06
152    3.92092e-06
153    1.08179e-06
154     4.9435e-06
155     5.9823e-06
156    6.86151e-06
157    7.60079e-06
158    5.74382e-06
159    7.73463e-06
160    7.29347e-06
161    5.51723e-06
162    5.76494e-06
163    4.73077e-06
164    7.92475e-06
165    6.08643e-06
166    3.60238e-06
167    4.60801e-06
168    6.26715e-06
169    3.79142e-06
170    5.09582e-06
171    5.15182e-06
172    1.59828e-06
173    7.14059e-06
174    4.44855e-06
175    5.99904e-06
176     6.4399e-06
177    5.62779e-06
178    4.93822e-06
179     1.8638e-06
180     5.8489e-06
181    7.66085e-06
182    7.50651e-06
183    7.08196e-06
184    7.75155e-06
185       8.13e-06
186     7.5152e-06
187    8.42227e-06
188    9.05393e-06
189    7.04481e-06
190    6.67785e-06
191    3.80578e-06
192    4.19036e-06
193    5.03472e-06
194    6.11275e-06
195    5.64437e-06
196    7.42353e-06
197    4.12278e-06
198    6.21615e-06
199    6.56393e-06
200    7.45702e-06
201     7.9313e-06
202    7.92731e-06
203     8.0044e-06
204    4.86681e-06
205    7.30118e-06
206    9.80438e-06
207    6.93868e-06
208    6.85624e-06
209    7.86523e-06
210    7.24427e-06
211    4.48475e-06
212    4.70428e-06
213    6.26995e-06
214    6.01744e-06
215    4.90922e-06
216    6.67687e-06
217    4.30398e-06
218    7.98721e-06
219    5.48751e-06
220    5.01556e-06
221    5.91435e-06
222    4.94912e-06
223    8.22035e-06
224     5.7068e-06
225     4.1756e-06
226    4.51622e-06
227    3.93154e-06
228    4.03429e-06
229     2.0346e-06
230    5.11073e-06
231    4.22384e-06
232    4.21243e-06
233    3.97326e-06
234    3.80272e-06
235    3.49168e-06
236    4.15809e-06
237    2.80575e-06
238    5.07397e-06
239    4.39893e-06
240     3.9098e-06
241    2.94086e-06
242    4.24433e-06
243    3.27938e-06
244    4.65358e-06
245    4.22029e-06
246    4.45695e-06
247    2.11077e-06
248    4.51795e-06
249    3.81586e-06
250    1.98002e-06
251    8.75183e-07
252    2.47671e-06
253    2.18771e-06
254    3.22965e-06
255    2.55101e-06
256    2.48769e-06
257    3.20846e-06
258    2.83052e-06
259     3.5745e-06
260    4.10465e-06
261    1.56119e-06
262    2.72568e-06
263    1.75474e-06
264    1.55516e-06
265     5.4847e-07
266    9.56933e-07
267   -3.67182e-07
268    1.95443e-06
269    3.39844e-07
270     1.0116e-06
271    9.03851e-07
272   -1.88118e-07
273   -4.64073e-07
274    9.63841e-07
275   -5.76289e-07
276    1.15901e-06
277    1.57923e-06
278    2.21186e-06
279    8.57973e-07
280    1.88159e-06
281    1.67913e-06
282    7.36549e-07
283    1.91164e-06
284    1.38729e-06
285    8.65048e-07
286    1.31313e-06
287    7.77274e-07
288    5.49583e-07
289    1.18442e-06
290    9.69769e-07
291    5.06934e-07
292    1.75176e-06
293    1.22127e-06
294    1.86367e-06
295    2.79906e-06
296    2.61186e-06
297    1.89985e-06
298    1.71794e-06
299    2.65643e-06
300    3.09248e-06
301     1.9589e-06
302     1.9783e-06
303    1.02107e-06
304    1.46821e-06
305    7.42603e-07
306    1.08539e-06
307    1.78819e-06
308    1.99888e-06
309    1.55415e-06
310    1.44025e-06
311    1.40219e-06
312    2.23259e-06
313    3.07849e-07
314    3.60615e-07
315    7.00142e-07
316    1.34563e-06
317    2.15922e-06
318    1.72001e-06
319    1.73771e-06
320    1.87941e-06
321    1.99121e-06
322    2.42695e-06
323    1.89819e-06
324     1.7503e-06
325    2.03305e-06
326    2.87069e-06
327    2.84026e-06
328     3.0774e-06
329    2.48115e-06
330    1.95285e-06
331    8.79594e-07
332    1.43012e-06
333    1.05176e-06
334    2.51747e-06
335    1.69353e-06
336     1.8991e-06
337    2.24542e-06
338    2.80856e-06
339    1.18494e-06
340    2.57332e-06
341    1.85946e-06
342    2.35494e-06
343    1.95834e-06
344    1.37785e-06
345    2.08969e-06
346    2.96755e-06
347    1.68704e-06
348    2.56209e-06
349     1.2982e-06
350    3.11118e-06
351    2.41918e-06
352    1.57843e-06
353    3.07446e-06
354    1.63633e-06
355    1.98185e-06
356    9.17059e-07
357    1.57395e-06
358    8.95599e-07
359    1.13407e-06
360    1.79885e-06
361    1.01884e-06
362    1.48851e-06
363    1.58998e-06
364    1.89475e-07
365    7.02089e-07
366    1.99226e-06
367     1.5158e-06
368    1.39651e-06
369    1.59483e-06
370    1.23319e-06
371     2.5155e-06
372    1.61914e-06
373    8.89586e-07
374    1.02975e-06
375    1.38585e-06
376    1.01011e-06
377    6.04876e-08
378    1.35717e-06
379    1.29461e-06
380    1.58199e-06
381    1.25323e-06
382    1.25775e-06
383    1.06534e-06
384    2.36498e-06
385    1.40259e-06
386    1.76763e-06
387    1.36344e-06
388    1.58083e-06
389    1.28291e-06
390    1.03609e-06
391    8.67062e-07
392    1.45444e-06
393    1.62816e-06
394    9.82724e-07
395    8.69621e-07
396    1.00932e-06
397     4.9091e-07
398     8.5962e-07
399    1.12324e-06
400    8.42515e-07
401    8.48592e-07
402    1.60043e-06
403    1.29336e-06
404    1.43456e-06
405    1.96547e-06
406    1.34568e-06
407    1.50072e-06
408    6.52712e-07
409    1.31167e-06
410    6.28055e-07
411    6.36207e-07
412    4.43811e-07
413    8.32504e-07
414    1.38521e-06
415    7.15315e-07
416    9.54167e-07
417     1.2983e-06
418    6.21883e-07
419    8.32776e-07
420    9.52321e-07
421    1.65369e-07
422    4.48979e-07
423    6.41861e-07
424    1.49855e-06
425    1.14691e-06
426   -3.21282e-08
427    7.85712e-07
428    6.57442e-07
429    4.43121e-07
430    7.77447e-07
431    9.56321e-07
432    3.53119e-07
433    8.33315e-07
434    2.85609e-07
435    5.83002e-07
436    1.33703e-06
437    1.17774e-06
438    8.50558e-07
439    3.26903e-07
440     4.3472e-07
441    9.09522e-07
442    6.08432e-07
443     5.9671e-07
444    3.09989e-07
445    3.99222e-07
446    2.95766e-07
447    6.96408e-07
448    5.01206e-07
449    4.99731e-08
450    4.64069e-07
451    6.74327e-07
452     4.4724e-08
453    5.02153e-07
454    4.31348e-07
455    1.43004e-07
456      9.296e-07
457    5.52248e-07
458    1.79449e-07
459    7.16972e-07
460   -1.60382e-07
461    8.57509e-07
462    3.73795e-07
463    1.71485e-06
464    9.50912e-07
465    5.98576e-07
466    8.54332e-07
467    1.21981e-06
468    9.22914e-07
469    7.83727e-07
470    6.98362e-07
471    6.20516e-07
472    7.93189e-07
473    1.04463e-06
474    7.89371e-07
475    7.02803e-07
476    7.74573e-07
477    1.52793e-06
478    4.17735e-07
479     1.0353e-06
480    1.10239e-06
481    1.06646e-06
482    9.42335e-07
483    5.48461e-07
484    1.13215e-06
485    4.22718e-07
486    1.19483e-06
487    8.57493e-07
488    9.97274e-07
489    5.39434e-07
490    1.58693e-06
491     4.4327e-07
492    6.19659e-07
493    1.08768e-06
494    8.66921e-07
495    1.15006e-06
496    6.62018e-07
497    4.85781e-07
498    3.38078e-07
499     1.0293e-06
500    7.43214e-07
501    8.94156e-07
502    7.27805e-07
503    6.76597e-07
504     4.0758e-07
505    1.53951e-06
506    5.66299e-07
507    3.66515e-07
508    5.50838e-07
509    3.40041e-07
510    1.35859e-06
511    2.05079e-07
512    6.06431e-07
