0         28.447
1       0.588504
2       0.298438
3       0.197869
4      0.0219275
5      0.0198545
6     0.00923568
7     0.00671768
8     0.00666216
9     0.00272725
10     0.00184497
11     0.00126289
12     0.00226019
13     0.00140488
14     0.00223371
15     0.00164487
16     0.00103986
17     0.00130639
18     0.00134022
19     0.00157985
20     0.00109971
21     0.00070849
22    0.000796931
23    0.000556464
24    0.000475355
25    0.000355641
26    0.000691075
27    0.000551146
28    0.000593466
29    0.000393435
30    0.000589247
31    0.000309772
32    0.000488445
33    0.000301192
34    0.000407803
35    0.000261631
36    0.000436866
37    0.000427229
38    0.000536855
39     0.00060533
40    0.000402061
41    0.000405499
42    0.000404512
43    0.000332336
44    0.000324915
45    0.000277849
46    0.000322576
47    0.000319086
48    0.000238429
49    0.000251555
50    0.000253168
51    0.000259822
52    0.000249054
53    0.000317172
54    0.000218863
55    0.000230572
56    0.000224866
57     0.00019417
58    0.000178556
59    0.000175167
60    0.000148663
61    0.000126053
62    0.000109589
63    0.000106902
64    0.000115886
65    0.000116276
66    0.000135742
67    9.45142e-05
68    0.000139852
69    0.000148015
70    0.000157484
71    0.000139965
72    0.000130283
73    0.000125076
74     0.00011129
75    0.000126937
76    7.76013e-05
77    9.25222e-05
78    6.86749e-05
79    7.40014e-05
80    5.96672e-05
81    5.63434e-05
82    6.52458e-05
83    6.01822e-05
84     5.9429e-05
85    5.62952e-05
86     4.0881e-05
87    4.08417e-05
88    5.92638e-05
89     6.4927e-05
90    7.42699e-05
91    6.01683e-05
92    6.34374e-05
93    6.12401e-05
94    6.15793e-05
95    3.26305e-05
96    4.79677e-05
97    3.33974e-05
98    3.49669e-05
99    3.10155e-05
100    2.83035e-05
101    2.57678e-05
102    2.56614e-05
103    1.97424e-05
104     3.2576e-05
105    1.33682e-05
106    2.05436e-05
107    2.05572e-05
108    2.77791e-05
109    2.27202e-05
110    1.87687e-05
111    1.61901e-05
112    1.95934e-05
113    1.51206e-05
114    1.81328e-05
115    8.20221e-06
116    1.40717e-05
117    1.12954e-05
118    7.84213e-06
119    1.15678e-05
120    1.24604e-05
121    9.83649e-06
122    1.10949e-05
123    8.37364e-06
124    1.65507e-05
125    1.02465e-05
126    1.21536e-05
127    9.23559e-06
128    1.00102e-05
129    8.22432e-06
130    7.76859e-06
131    1.00531e-05
132    1.18694e-05
133    7.57239e-06
134    1.00751e-05
135    8.89637e-06
136      9.714e-06
137     8.1596e-06
138     7.4862e-06
139    7.91532e-06
140    2.89929e-06
141    9.59618e-06
142     6.1425e-06
143    6.50177e-06
144    8.52251e-06
145    1.09182e-05
146    6.83692e-06
147    1.11675e-05
148    7.45083e-06
149    1.93639e-06
150    6.40092e-06
151    4.32526e-06
152    2.87928e-06
153    5.45039e-06
154     3.9983e-06
155    2.37779e-06
156    2.11109e-06
157    2.66952e-06
158    2.39627e-06
159    4.47285e-06
160    4.80151e-06
161    5.66047e-06
162    3.31467e-06
163    5.35049e-06
164    4.15323e-06
165    3.15844e-06
166    2.14704e-06
167    4.17262e-06
168    2.35954e-06
169    3.94993e-06
170    4.66809e-06
171    3.53758e-06
172    2.05934e-06
173    6.20715e-06
174    2.74962e-06
175    3.43798e-06
176    1.93674e-06
177    3.39606e-06
178    2.52238e-06
179    1.41548e-06
180    2.07144e-06
181    3.90253e-06
182    3.90315e-06
183    5.59349e-06
184    5.24225e-06
185    4.86627e-06
186    6.34441e-06
187    6.63763e-06
188    5.43632e-06
189    5.38301e-06
190    3.25039e-06
191    5.89284e-06
192     3.9649e-06
193    1.45907e-06
194     6.1888e-06
195    4.58192e-06
196    6.62518e-06
197    6.79825e-06
198    6.70001e-06
199    8.68094e-06
200    3.40248e-06
201    5.71254e-06
202    5.54784e-06
203    6.00425e-06
204    3.32071e-06
205    4.09874e-06
206    6.09911e-06
207    7.22145e-06
208    4.16899e-06
209    5.88802e-06
210    4.22674e-06
211    3.76319e-06
212      4.912e-06
213    5.91516e-06
214    5.69769e-06
215    5.25545e-06
216    6.87866e-06
217    4.90626e-06
218    4.73991e-06
219    6.37526e-06
220    4.49328e-06
221    4.34712e-06
222    3.17866e-06
223    5.00359e-06
224    5.28092e-06
225    4.38719e-06
226    4.44873e-06
227    5.19743e-06
228    3.59972e-06
229    2.26735e-06
230     5.7568e-06
231    2.61683e-06
232    3.28979e-06
233    3.33519e-06
234    4.45014e-06
235    3.99922e-06
236    3.31594e-06
237    1.26782e-06
238    2.52043e-06
239    1.92386e-06
240    3.28758e-06
241    2.25288e-06
242    2.98926e-06
243    3.09094e-06
244    3.94878e-06
245     3.2248e-06
246    3.09526e-06
247    1.85651e-06
248    1.98686e-06
249    2.73672e-06
250    3.66467e-06
251    1.71065e-06
252    2.70443e-06
253    3.51421e-06
254    2.79863e-06
255     2.6484e-06
256     3.9491e-06
257    1.77055e-06
258    2.25935e-06
259    2.10162e-06
260    1.51925e-06
261    1.14047e-06
262    7.70816e-07
263    9.11878e-07
264    1.02195e-06
265    9.87673e-07
266    2.05789e-06
267    1.85728e-06
268    2.43578e-06
269    1.55664e-06
270    2.29882e-06
271    7.79863e-07
272    7.95051e-07
273     6.5808e-07
274    1.84972e-06
275     1.1141e-06
276   -5.03671e-08
277    1.75518e-06
278    1.97927e-06
279    6.00381e-07
280    1.87595e-06
281    4.43159e-07
282    8.82559e-07
283    1.24405e-06
284    1.51805e-06
285    1.33047e-06
286    9.28675e-07
287    7.29702e-07
288    2.47762e-07
289    1.47594e-06
290   -5.29616e-07
291    9.90575e-07
292    1.02578e-06
293    1.30427e-06
294    1.56533e-06
295    1.69425e-06
296    1.19154e-06
297    9.32384e-07
298    6.51156e-07
299    4.87349e-07
300     9.5464e-08
301   -9.24744e-08
302    3.43069e-07
303   -4.97489e-08
304   -2.81257e-07
305    1.90554e-07
306    1.50318e-06
307    8.49968e-07
308    7.37792e-07
309    1.60626e-06
310    1.45574e-06
311    1.00709e-06
312    1.53808e-06
313    8.26921e-07
314    1.31211e-06
315    1.07163e-06
316    1.32079e-06
317     1.9878e-06
318    8.77344e-07
319    7.82328e-07
320    1.24044e-06
321     6.3384e-07
322    2.28569e-07
323    3.39404e-07
324    7.01302e-07
325    1.08319e-06
326    1.34835e-06
327    1.27934e-06
328    2.06981e-06
329    1.19916e-06
330    1.62629e-06
331    7.33556e-07
332    1.81935e-06
333    8.89094e-07
334    1.83849e-06
335    1.51047e-06
336    4.47882e-07
337    2.44736e-06
338    1.04742e-06
339   -1.18044e-07
340    1.50736e-06
341    1.06665e-06
342    1.67765e-06
343     2.0096e-06
344    6.60349e-07
345    1.71308e-06
346    6.24781e-07
347    9.55773e-07
348    1.75572e-06
349    1.12136e-06
350    1.69294e-06
351    1.07892e-06
352    1.07787e-06
353    9.22815e-07
354    1.74736e-06
355    7.25229e-07
356    1.02928e-06
357    1.49935e-06
358     1.3702e-06
359    8.47903e-07
360     1.3536e-06
361    4.40871e-07
362     5.7906e-07
363    1.77047e-06
364    1.50825e-06
365    2.49098e-07
366      2.104e-06
367    7.58808e-07
368    4.10883e-07
369    1.02864e-06
370    1.19757e-06
371    7.46067e-07
372    8.54391e-07
373     8.0065e-07
374   -1.78699e-07
375    1.29135e-06
376    1.47199e-06
377    1.32774e-06
378    1.85119e-06
379    9.21222e-07
380    4.23209e-07
381    1.79366e-07
382    7.49059e-07
383    5.50065e-07
384    2.04285e-06
385    1.46024e-06
386    1.01379e-06
387    1.30604e-06
388    1.60675e-06
389    1.40825e-06
390    3.52947e-07
391    4.35868e-07
392    6.32759e-07
393    6.63458e-07
394    5.27369e-07
395    5.04283e-07
396    4.19852e-07
397   -2.59866e-07
398    5.04892e-07
399    3.97225e-07
400    4.86752e-07
401   -3.28117e-07
402    1.46579e-07
403    4.73461e-07
404    5.13827e-07
405    7.36549e-07
406    6.91002e-07
407    4.42766e-07
408    5.85329e-07
409    8.76627e-07
410    4.02168e-07
411      3.924e-07
412    7.45824e-07
413     5.3203e-07
414    1.50491e-06
415    9.51693e-08
416    8.90936e-07
417    4.52794e-07
418    7.26879e-07
419    5.31567e-07
420     1.2514e-07
421    1.06327e-06
422    6.21246e-07
423     3.6573e-07
424    6.99675e-07
425    4.40041e-07
426    5.70918e-07
427    5.60921e-07
428    3.02858e-07
429    8.33912e-07
430    2.07546e-07
431    8.67119e-07
432    3.58154e-07
433    8.39328e-07
434    4.69901e-07
435    2.63042e-07
436     5.1695e-07
437    4.91738e-07
438     2.2365e-07
439    1.67281e-07
440    6.07773e-07
441    5.97459e-07
442   -3.38827e-07
443    1.35485e-07
444    1.22695e-07
445   -4.29938e-08
446   -1.44929e-07
447    3.53048e-07
448    5.19607e-07
449   -1.19704e-07
450    5.56774e-07
451   -1.75546e-07
452    1.53676e-07
453   -2.05313e-07
454    1.61102e-07
455    6.92074e-08
456    1.86743e-07
457    6.91956e-09
458    3.92731e-07
459   -2.28684e-07
460    9.57075e-07
461    8.35121e-07
462    3.78159e-07
463    2.82887e-07
464     4.7799e-07
465     7.6688e-07
466    8.43648e-07
467    1.84269e-07
468    1.06488e-06
469    2.60617e-09
470    8.43008e-07
471     9.2769e-07
472    1.04811e-06
473    1.12539e-06
474    4.47584e-07
475    6.27171e-07
476    2.16192e-07
477    1.00526e-06
478     4.6022e-07
479    1.34953e-07
480    1.15898e-07
481    6.61778e-07
482    8.86164e-07
483    4.08056e-07
484    1.23668e-06
485    7.46538e-07
486    3.80511e-07
487    5.43342e-07
488    7.04861e-07
489    8.59001e-07
490    1.48462e-07
491    6.64176e-07
492    8.15581e-07
493     5.9171e-07
494    7.41195e-07
495    2.07774e-07
496    6.55825e-07
497    1.49604e-07
498    2.92859e-07
499     7.4023e-07
500    3.52882e-07
501    2.73839e-07
502      1.659e-07
503   -9.85641e-08
504    9.82797e-07
505    2.82649e-07
506    3.80576e-07
507    4.48763e-07
508   -1.22578e-07
509    4.93744e-07
510     6.6146e-07
511    2.46451e-07
512    5.65471e-07
