RMS:    Average: 
0.910609   -2.80968
0         23.762
1        1.06674
2       0.582782
3       0.366581
4      0.0390612
5      0.0338619
6      0.0143763
7      0.0109009
8       0.010664
9     0.00650627
10     0.00316863
11     0.00219648
12     0.00339774
13      0.0024832
14     0.00273536
15     0.00224755
16     0.00174729
17     0.00180075
18     0.00197878
19     0.00196288
20     0.00185186
21     0.00148993
22     0.00133112
23    0.000797657
24     0.00059455
25    0.000555608
26       0.001006
27    0.000762741
28    0.000688404
29    0.000706561
30    0.000811443
31    0.000517487
32    0.000772749
33    0.000506554
34    0.000787018
35    0.000389173
36     0.00059057
37    0.000591361
38    0.000773822
39    0.000806179
40     0.00067476
41    0.000572683
42    0.000590672
43    0.000485381
44    0.000567908
45    0.000550072
46    0.000550892
47    0.000461498
48    0.000399697
49    0.000329257
50    0.000429885
51    0.000354226
52    0.000443909
53    0.000438025
54    0.000363322
55    0.000358821
56    0.000327899
57    0.000299736
58    0.000307123
59    0.000303245
60    0.000285368
61    0.000263415
62    0.000175538
63    0.000235586
64    0.000215933
65    0.000186096
66    0.000224143
67     0.00016577
68    0.000234351
69    0.000191983
70    0.000215372
71    0.000195803
72    0.000193944
73    0.000196091
74    0.000175003
75    0.000184295
76    0.000160768
77    0.000137959
78    0.000152059
79    0.000119475
80    0.000120423
81    0.000116961
82    0.000142883
83    0.000125492
84    0.000118832
85    0.000101603
86    9.43974e-05
87    8.24508e-05
88    9.06816e-05
89     8.8455e-05
90    0.000101456
91    8.91323e-05
92    9.77666e-05
93    9.74759e-05
94    9.04886e-05
95    8.47779e-05
96    8.75585e-05
97     7.3086e-05
98    8.49321e-05
99    6.03634e-05
100    5.87644e-05
101    5.21236e-05
102    6.69557e-05
103    5.93759e-05
104    5.93744e-05
105    5.99907e-05
106    5.35504e-05
107    4.31317e-05
108    4.73619e-05
109    4.21983e-05
110    5.08648e-05
111    4.64022e-05
112    4.47683e-05
113    4.33075e-05
114    4.62768e-05
115    3.65547e-05
116    3.44024e-05
117    3.66749e-05
118    3.46959e-05
119    3.42884e-05
120    3.22626e-05
121     3.6021e-05
122    3.03584e-05
123    3.27491e-05
124    3.51841e-05
125    3.18081e-05
126    2.75978e-05
127    2.65522e-05
128    2.47946e-05
129    3.02453e-05
130    2.85286e-05
131    3.36993e-05
132    2.34707e-05
133    2.77751e-05
134    2.89463e-05
135    2.76123e-05
136    2.39412e-05
137    2.21872e-05
138    2.60995e-05
139    1.95371e-05
140     2.3593e-05
141    2.58107e-05
142    2.47332e-05
143      2.363e-05
144    2.44522e-05
145    2.32378e-05
146    1.84934e-05
147    1.87693e-05
148    2.11978e-05
149    1.73197e-05
150    1.76044e-05
151    1.86038e-05
152    2.24283e-05
153    1.92852e-05
154    1.59786e-05
155     1.6966e-05
156    1.71293e-05
157    1.68485e-05
158    1.74135e-05
159    1.62844e-05
160    1.72801e-05
161    1.77264e-05
162    1.56615e-05
163    1.80951e-05
164    1.89852e-05
165    1.57669e-05
166     1.6708e-05
167    1.90008e-05
168    2.04171e-05
169    1.62352e-05
170     1.8004e-05
171    1.90143e-05
172    1.48682e-05
173    1.56764e-05
174     1.5735e-05
175     1.6227e-05
176    1.65247e-05
177    1.55592e-05
178    1.25275e-05
179     1.4118e-05
180    1.69356e-05
181    1.82101e-05
182    1.77424e-05
183    1.91836e-05
184     1.5717e-05
185    1.46396e-05
186    1.59424e-05
187    1.44711e-05
188    1.60813e-05
189    1.35608e-05
190    1.48801e-05
191    1.70437e-05
192    1.46828e-05
193    1.60738e-05
194    1.55162e-05
195    1.73454e-05
196    1.60081e-05
197    1.41486e-05
198    1.44065e-05
199    1.41556e-05
200    1.34567e-05
201    1.60156e-05
202    1.48553e-05
203    1.48903e-05
204    1.37809e-05
205    1.44407e-05
206    1.20959e-05
207    1.43383e-05
208    1.46373e-05
209    1.45537e-05
210     1.4517e-05
211    1.27017e-05
212    1.51606e-05
213    1.44239e-05
214    1.63856e-05
215    1.24859e-05
216    1.37727e-05
217    1.29695e-05
218    1.78183e-05
219    1.34917e-05
220    1.50415e-05
221    1.33392e-05
222     1.3676e-05
223    1.26905e-05
224     1.3609e-05
225    1.33163e-05
226    1.22558e-05
227    1.11849e-05
228     1.1398e-05
229    8.43771e-06
230    1.00667e-05
231     9.6348e-06
232    1.04588e-05
233    9.78631e-06
234    1.06854e-05
235    1.03103e-05
236    1.12939e-05
237    1.04032e-05
238    1.00868e-05
239    1.10961e-05
240    1.25306e-05
241    9.11493e-06
242    1.07321e-05
243    1.11665e-05
244    1.31171e-05
245    1.04366e-05
246    8.66896e-06
247     7.2059e-06
248    1.08993e-05
249     8.4285e-06
250    1.02163e-05
251    1.04049e-05
252    9.51585e-06
253    7.81625e-06
254    8.71673e-06
255    7.72505e-06
256    8.89054e-06
257    8.79892e-06
258    9.88364e-06
259    9.12073e-06
260     8.3301e-06
261    7.76069e-06
262    7.80445e-06
263     6.6577e-06
264    6.69307e-06
265    7.56191e-06
266    8.31818e-06
267    7.45332e-06
268    8.14632e-06
269    7.19338e-06
270    6.34486e-06
271    7.18654e-06
272    5.20217e-06
273    6.61458e-06
274    6.79951e-06
275    6.28411e-06
276    6.90939e-06
277    6.15893e-06
278    8.10451e-06
279    7.17597e-06
280    6.29169e-06
281     5.9587e-06
282    6.90298e-06
283    6.75394e-06
284    6.03029e-06
285    6.59143e-06
286    5.53863e-06
287    6.50017e-06
288    5.53413e-06
289    7.35011e-06
290    7.26654e-06
291    6.09656e-06
292    6.40519e-06
293    6.60797e-06
294    6.43942e-06
295    6.86122e-06
296    6.95342e-06
297    6.04842e-06
298    6.50575e-06
299    6.97973e-06
300     6.3249e-06
301    6.23677e-06
302    6.09022e-06
303    5.17936e-06
304    6.17978e-06
305    4.99184e-06
306    5.39364e-06
307    5.94557e-06
308    6.69413e-06
309    5.15075e-06
310    5.71366e-06
311    6.01912e-06
312    5.54616e-06
313     5.2515e-06
314    5.87586e-06
315    5.87082e-06
316    6.18906e-06
317    6.75093e-06
318    6.71635e-06
319    5.49263e-06
320    6.38568e-06
321    5.55629e-06
322    6.35915e-06
323    6.13241e-06
324    6.15969e-06
325    5.62782e-06
326    5.83523e-06
327    5.47153e-06
328    6.60965e-06
329    6.36174e-06
330    7.24705e-06
331    6.58586e-06
332    6.15549e-06
333    5.90479e-06
334    5.34869e-06
335    5.68642e-06
336     5.3258e-06
337    5.46063e-06
338    6.66176e-06
339    5.83598e-06
340    5.70828e-06
341    5.29623e-06
342    5.86353e-06
343    5.76791e-06
344    5.81012e-06
345    5.64921e-06
346    5.43064e-06
347    4.49752e-06
348    5.61468e-06
349    5.69434e-06
350    5.63813e-06
351    4.71977e-06
352    4.51114e-06
353    4.31203e-06
354     4.3172e-06
355    4.64684e-06
356    4.75097e-06
357    4.22081e-06
358    3.67184e-06
359    4.52102e-06
360    4.72649e-06
361    5.01465e-06
362    4.50214e-06
363    5.12512e-06
364     4.6852e-06
365    4.79254e-06
366    5.31942e-06
367    4.55594e-06
368    4.69157e-06
369    5.30715e-06
370    4.31349e-06
371    4.94554e-06
372    4.95089e-06
373    5.36974e-06
374    5.63961e-06
375     5.3652e-06
376     6.6439e-06
377    5.53103e-06
378    5.10863e-06
379    4.71609e-06
380    4.10547e-06
381    3.93054e-06
382    4.99186e-06
383    4.02952e-06
384    5.46653e-06
385    5.15019e-06
386    5.89253e-06
387    4.88081e-06
388    4.22981e-06
389    4.17092e-06
390    4.06618e-06
391    4.13159e-06
392    4.38009e-06
393    4.61433e-06
394    5.15862e-06
395    4.61422e-06
396    4.65917e-06
397    4.17566e-06
398    4.48165e-06
399    4.27084e-06
400    4.01425e-06
401    3.37823e-06
402    4.28451e-06
403    4.11377e-06
404    3.78557e-06
405    4.27314e-06
406    3.70161e-06
407    3.99151e-06
408    3.28973e-06
409    4.30259e-06
410    3.65812e-06
411     3.1043e-06
412    3.74971e-06
413    3.62519e-06
414     4.4298e-06
415    3.25125e-06
416    3.92213e-06
417    4.35546e-06
418    4.07584e-06
419    3.54566e-06
420    3.47709e-06
421    3.76936e-06
422    3.65988e-06
423    3.55683e-06
424    3.23896e-06
425      3.897e-06
426    3.57196e-06
427    4.00275e-06
428    4.16152e-06
429    3.12969e-06
430    3.36947e-06
431    3.36882e-06
432    3.05338e-06
433    3.37797e-06
434    3.21864e-06
435    3.91366e-06
436    3.98956e-06
437    3.70281e-06
438    4.16706e-06
439    3.60982e-06
440    3.85258e-06
441    3.29699e-06
442    3.56886e-06
443    4.25854e-06
444    3.68704e-06
445    3.90852e-06
446    3.60839e-06
447    2.96194e-06
448    3.55729e-06
449    3.70372e-06
450    3.01097e-06
451    3.66525e-06
452    3.14845e-06
453    3.59029e-06
454    3.57843e-06
455    3.52817e-06
456    4.33667e-06
457     2.8392e-06
458    3.54331e-06
459    3.23014e-06
460    2.97474e-06
461     3.3429e-06
462     2.4928e-06
463    3.00629e-06
464    3.28281e-06
465    3.16033e-06
466    2.74989e-06
467    3.42338e-06
468     3.1486e-06
469    3.08385e-06
470     3.4464e-06
471    3.19811e-06
472    3.21741e-06
473    2.87458e-06
474    3.36556e-06
475    3.56655e-06
476    3.38748e-06
477    3.35922e-06
478    3.39313e-06
479    3.26278e-06
480    2.96811e-06
481    3.68482e-06
482     3.3633e-06
483    3.21696e-06
484    3.30329e-06
485    3.32939e-06
486    3.88537e-06
487    3.24237e-06
488    3.47731e-06
489    3.06549e-06
490    2.93402e-06
491    3.37729e-06
492    3.51464e-06
493    3.11345e-06
494    3.16311e-06
495    2.99653e-06
496    3.32654e-06
497    3.11852e-06
498    3.25986e-06
499    3.33334e-06
500     3.3253e-06
501    2.71435e-06
502    3.20353e-06
503    3.07736e-06
504    3.08671e-06
505    3.00717e-06
506    2.97866e-06
507    2.88001e-06
508    3.32707e-06
509    3.50784e-06
510    3.25554e-06
511    2.80132e-06
512    2.61274e-06
