0        25.1756
1       0.900576
2         0.4976
3       0.313851
4      0.0336049
5      0.0294336
6      0.0129094
7     0.00920655
8     0.00935074
9     0.00512476
10     0.00264444
11      0.0016228
12     0.00311755
13     0.00207681
14     0.00246845
15     0.00214983
16      0.0014141
17     0.00150559
18      0.0016357
19     0.00176928
20     0.00159035
21     0.00116432
22     0.00096999
23    0.000621778
24    0.000514418
25    0.000381952
26    0.000793575
27    0.000691892
28     0.00056841
29    0.000616962
30    0.000666358
31     0.00043072
32    0.000615208
33    0.000394705
34    0.000565216
35    0.000327679
36    0.000510282
37     0.00048445
38    0.000639398
39    0.000668537
40    0.000525705
41    0.000491341
42    0.000501906
43    0.000372779
44    0.000487504
45    0.000415265
46    0.000444405
47    0.000395081
48    0.000316628
49    0.000267672
50    0.000312894
51    0.000291508
52    0.000325365
53    0.000397527
54    0.000275552
55    0.000300558
56    0.000289423
57     0.00025345
58    0.000260783
59    0.000238461
60    0.000195312
61    0.000191976
62     0.00013396
63    0.000160748
64    0.000153726
65    0.000145889
66    0.000171797
67    0.000106829
68    0.000183188
69    0.000147808
70    0.000175148
71    0.000156767
72    0.000159325
73    0.000148516
74    0.000134591
75    0.000146456
76    0.000107182
77     0.00012426
78    0.000103643
79    8.17813e-05
80    7.96195e-05
81    8.86887e-05
82    9.90452e-05
83    8.32243e-05
84    7.49954e-05
85    7.06285e-05
86    6.13507e-05
87    5.35697e-05
88    6.93825e-05
89    7.48419e-05
90    7.66794e-05
91    6.83801e-05
92    6.41424e-05
93    7.32268e-05
94    7.08724e-05
95    5.14963e-05
96    6.44221e-05
97    5.35596e-05
98    5.12495e-05
99    2.98182e-05
100     3.8235e-05
101    3.36296e-05
102    3.35244e-05
103    3.14889e-05
104    4.30298e-05
105    2.34428e-05
106    2.80726e-05
107     2.6279e-05
108    3.42387e-05
109    2.22034e-05
110    2.14351e-05
111    2.08121e-05
112    2.06271e-05
113    1.78205e-05
114    2.15411e-05
115    1.53189e-05
116    1.89519e-05
117    2.08148e-05
118    1.39732e-05
119    1.92381e-05
120    1.56603e-05
121    1.88235e-05
122    1.49208e-05
123    1.73962e-05
124    1.75776e-05
125    1.68234e-05
126    1.21612e-05
127    1.07412e-05
128    8.12337e-06
129    1.41126e-05
130    1.12067e-05
131     1.2463e-05
132    1.34885e-05
133    9.74017e-06
134    1.49634e-05
135    1.08134e-05
136    7.82255e-06
137     9.0137e-06
138    8.86407e-06
139    7.73134e-06
140    6.14044e-06
141    9.61416e-06
142    9.90853e-06
143    8.07634e-06
144    1.01935e-05
145    5.46759e-06
146    1.00725e-05
147    1.04326e-05
148    1.06264e-05
149    3.75208e-06
150    5.40848e-06
151    6.40748e-06
152    7.13386e-06
153    6.52979e-06
154    5.70587e-06
155    8.59084e-06
156    6.35254e-06
157    7.62517e-06
158    9.32438e-06
159    6.56651e-06
160    7.38306e-06
161    3.93992e-06
162    6.88336e-06
163    5.05307e-06
164    6.51774e-06
165    3.22569e-06
166    3.41976e-06
167     4.5641e-06
168    6.22193e-06
169    6.49163e-06
170    8.07744e-06
171    8.95884e-06
172    5.34685e-06
173    6.17604e-06
174    3.04515e-06
175    6.47084e-06
176    4.01699e-06
177    5.80324e-06
178    4.41378e-06
179    5.65164e-06
180    4.36378e-06
181    7.97753e-06
182    6.92644e-06
183    7.28779e-06
184    9.08252e-06
185    5.97476e-06
186    6.45527e-06
187    5.96227e-06
188    9.21038e-06
189    5.56398e-06
190    5.58291e-06
191    6.53886e-06
192    4.65228e-06
193    3.83992e-06
194    5.46593e-06
195    6.19439e-06
196     6.2249e-06
197    5.37238e-06
198    7.89177e-06
199    6.23595e-06
200    5.12726e-06
201    6.79854e-06
202    7.47009e-06
203    7.47126e-06
204    4.95612e-06
205    7.34078e-06
206    5.24662e-06
207    7.75507e-06
208    6.98417e-06
209    6.25612e-06
210    7.62198e-06
211    5.65262e-06
212    7.86021e-06
213    7.55015e-06
214    7.09045e-06
215    4.54592e-06
216    7.39149e-06
217    4.78748e-06
218     7.4461e-06
219    5.39677e-06
220    4.05161e-06
221    5.90718e-06
222    5.48313e-06
223    5.24747e-06
224    5.95669e-06
225    5.68673e-06
226     5.3005e-06
227    6.50399e-06
228    5.11356e-06
229    3.06461e-06
230    4.77391e-06
231    4.85566e-06
232    4.32046e-06
233    3.20441e-06
234    5.80805e-06
235    3.56771e-06
236    4.47598e-06
237    3.97904e-06
238    3.99839e-06
239    4.45159e-06
240    4.66075e-06
241    2.42317e-06
242    3.18957e-06
243    2.84333e-06
244    4.00337e-06
245    3.37155e-06
246    3.60755e-06
247    4.08542e-06
248    3.58745e-06
249    3.09918e-06
250    3.73916e-06
251     2.7714e-06
252    3.59732e-06
253    2.23645e-06
254    1.92486e-06
255     2.2869e-06
256    2.93214e-06
257    2.95567e-06
258    2.63709e-06
259    2.30868e-06
260    3.65499e-06
261    2.43699e-06
262    2.69415e-06
263    1.95201e-06
264    9.21359e-07
265    2.32602e-06
266    3.05159e-06
267     1.6778e-06
268    2.25868e-06
269    1.43253e-06
270    5.31648e-07
271    6.14054e-07
272    6.21257e-07
273    5.92972e-07
274    1.32238e-06
275    8.90688e-07
276    2.10113e-06
277    5.93023e-07
278    1.56345e-06
279    1.60453e-06
280    8.26553e-07
281    1.38533e-06
282    2.34442e-06
283    1.49535e-06
284    2.45807e-06
285    1.75982e-06
286    2.21993e-06
287    1.88162e-06
288    1.06667e-06
289    1.81777e-06
290    2.05817e-06
291    6.29202e-07
292    1.38369e-06
293     8.4122e-07
294    2.02905e-06
295    3.01972e-06
296    1.48045e-06
297    1.96119e-06
298    1.77583e-06
299    1.83187e-06
300     1.0776e-06
301    7.94255e-07
302    1.52633e-06
303    7.77997e-07
304    1.77498e-06
305    8.65915e-07
306    7.07958e-07
307    4.31783e-07
308    1.25774e-06
309     1.3091e-06
310    1.55721e-06
311    1.79673e-06
312    5.60636e-07
313    1.46319e-06
314    1.77519e-06
315    2.16067e-06
316    2.20221e-06
317    2.88647e-06
318    2.28896e-06
319    1.84459e-06
320    1.56661e-06
321    1.88605e-06
322    2.12211e-06
323    1.94184e-06
324    2.69678e-06
325    1.95428e-06
326    1.37385e-06
327    2.85033e-06
328    2.43644e-06
329    2.97982e-06
330    2.50808e-06
331    1.00162e-06
332    1.47783e-06
333    1.24841e-06
334    2.30668e-07
335    1.51169e-06
336    2.02474e-06
337    1.95283e-06
338    2.09112e-06
339    1.52922e-06
340     2.0835e-06
341    1.90109e-06
342    1.10942e-06
343    2.24194e-06
344    1.83518e-06
345    1.19534e-06
346     2.2504e-06
347    1.48058e-06
348    1.36745e-06
349    7.23088e-07
350    1.63604e-06
351    1.40256e-06
352    1.47818e-06
353    1.67093e-06
354    2.70414e-06
355    2.09423e-06
356    1.88163e-06
357    1.53834e-06
358    2.11459e-06
359    1.66071e-06
360    2.33855e-06
361    2.03041e-06
362    1.15456e-06
363    9.83107e-07
364    8.23308e-07
365    9.48837e-07
366    1.32068e-06
367    1.05421e-06
368    1.51655e-06
369    1.74935e-06
370    1.70799e-06
371    2.24793e-06
372    2.24001e-06
373    2.39067e-06
374    1.86304e-06
375    2.06124e-06
376     8.4905e-07
377    1.56555e-06
378    1.56134e-06
379    1.29188e-06
380    1.49368e-06
381    8.15954e-07
382    2.22482e-06
383    1.52401e-06
384    2.62146e-06
385    1.13165e-06
386    1.72163e-06
387    1.67764e-06
388    1.77347e-06
389    1.38299e-06
390    7.13414e-07
391    7.88596e-07
392     1.2272e-06
393    1.15009e-06
394    7.68942e-07
395     7.4749e-07
396    1.24134e-06
397    1.12339e-06
398    1.00567e-06
399    7.90321e-07
400    1.06188e-06
401    1.26281e-06
402    1.39204e-06
403    8.96246e-07
404    6.26005e-07
405    6.21521e-07
406    3.90848e-07
407    7.54492e-07
408    1.14751e-06
409    1.36396e-06
410    6.84998e-07
411     8.0458e-07
412    1.04752e-06
413    1.11743e-06
414    1.00155e-06
415    8.09459e-07
416    8.06358e-07
417    2.80743e-07
418    1.83935e-07
419     8.1131e-07
420    4.29491e-07
421    4.68713e-07
422    1.76625e-07
423    4.47516e-07
424   -1.45344e-07
425   -1.25677e-07
426    3.30614e-07
427    1.03308e-06
428    9.32299e-07
429    1.02942e-07
430    4.00456e-07
431     9.7623e-07
432   -3.29177e-07
433    6.83107e-07
434   -1.59967e-07
435    5.94851e-07
436    4.37808e-07
437     2.9777e-07
438    5.75583e-07
439    6.39234e-07
440    4.83063e-07
441    1.37044e-06
442    1.04765e-06
443    2.06367e-07
444    4.18474e-07
445    5.21875e-07
446    1.43272e-06
447    7.48736e-07
448    1.26196e-06
449    8.10281e-07
450    6.11348e-07
451    1.43271e-06
452    8.69397e-08
453    3.73534e-08
454    7.90818e-07
455    4.51679e-07
456    7.12181e-07
457    8.26595e-07
458    1.04324e-06
459    9.45665e-07
460    4.58473e-07
461    1.00053e-06
462    5.76433e-07
463    1.06667e-06
464    1.13567e-06
465    7.93049e-07
466    1.16576e-06
467    9.59571e-07
468    1.46724e-06
469     7.2121e-07
470    1.09171e-06
471    5.27813e-07
472    5.14741e-07
473    9.79291e-07
474    6.52564e-07
475    3.29169e-07
476    1.20784e-06
477    8.68339e-07
478    6.59215e-07
479    4.23629e-07
480    5.68666e-07
481    4.73211e-07
482    7.76206e-07
483     9.8784e-07
484    9.84967e-07
485    9.93933e-07
486    1.40108e-06
487    9.23757e-07
488      1.316e-06
489    1.21191e-06
490    1.20905e-06
491    1.20772e-06
492    1.10734e-06
493    7.52937e-07
494        3.8e-07
495    5.60792e-07
496    9.57549e-07
497    1.70337e-06
498     9.1654e-07
499    7.69534e-07
500     1.1562e-06
501    1.00666e-06
502    1.55397e-06
503    9.72253e-07
504    1.15339e-06
505    4.15689e-07
506    5.43178e-07
507    5.05381e-07
508    9.24629e-07
509    6.27405e-07
510    7.43513e-07
511    6.45051e-07
512    9.66861e-07
