RMS:    Average: 
0.911663   -2.8375
0        28.4977
1       0.590118
2       0.301628
3       0.204048
4      0.0216679
5      0.0211023
6     0.00889064
7      0.0060919
8     0.00550406
9      0.0032939
10     0.00190412
11     0.00134487
12     0.00221847
13     0.00170405
14     0.00187735
15     0.00150327
16     0.00101244
17      0.0013007
18     0.00134164
19     0.00135726
20     0.00132528
21    0.000977161
22    0.000673235
23    0.000498974
24    0.000460275
25    0.000289347
26    0.000645082
27    0.000543385
28    0.000474243
29    0.000429077
30    0.000613623
31    0.000310495
32    0.000493035
33    0.000373451
34     0.00042869
35    0.000287588
36    0.000411294
37    0.000398345
38    0.000531761
39    0.000604072
40    0.000461262
41    0.000402746
42    0.000382886
43    0.000321567
44    0.000344509
45    0.000321508
46    0.000349656
47    0.000311275
48     0.00025063
49    0.000227403
50    0.000245925
51    0.000271079
52    0.000263644
53    0.000352672
54    0.000221156
55    0.000251108
56    0.000231183
57     0.00020847
58     0.00019109
59    0.000173724
60    0.000146907
61    0.000141273
62    9.17481e-05
63    0.000127445
64    0.000115068
65    0.000109719
66    0.000138391
67    8.47507e-05
68    0.000143791
69    0.000128038
70    0.000149684
71    0.000136996
72    0.000133086
73    0.000131039
74     0.00011225
75    0.000128204
76    9.53089e-05
77    0.000106133
78    8.02212e-05
79    6.83089e-05
80    6.51469e-05
81    6.46467e-05
82    6.82624e-05
83    7.81013e-05
84    6.26175e-05
85    5.68178e-05
86     5.1189e-05
87     3.7696e-05
88    5.65231e-05
89    5.71596e-05
90    6.43053e-05
91    5.40862e-05
92    5.93667e-05
93     5.7613e-05
94    5.81525e-05
95     4.3259e-05
96    5.71815e-05
97    4.15394e-05
98    4.55461e-05
99    2.21613e-05
100    2.63993e-05
101     2.5596e-05
102    2.89342e-05
103     2.4631e-05
104    2.86516e-05
105    2.06271e-05
106    2.15228e-05
107    2.10838e-05
108    2.63145e-05
109    2.25066e-05
110      2.223e-05
111    1.99245e-05
112    1.85961e-05
113    1.91028e-05
114    2.23344e-05
115    1.29266e-05
116    2.09527e-05
117    1.53297e-05
118    1.09132e-05
119    1.68422e-05
120    1.20123e-05
121    1.43266e-05
122     1.8845e-05
123    1.16275e-05
124    1.20032e-05
125    1.17415e-05
126    1.31933e-05
127      1.112e-05
128    8.22654e-06
129    1.10369e-05
130    9.21073e-06
131    1.01443e-05
132    8.77493e-06
133    8.16904e-06
134    1.30863e-05
135    8.80778e-06
136    5.39602e-06
137    8.84004e-06
138    1.02507e-05
139    4.37038e-06
140    6.10487e-06
141     7.3753e-06
142     6.4673e-06
143    5.44192e-06
144    6.86953e-06
145    7.37944e-06
146    4.60814e-06
147    6.57204e-06
148    7.96879e-06
149    1.54401e-06
150     5.8762e-06
151    4.05483e-06
152    6.28806e-06
153     5.0306e-06
154    6.46406e-06
155    2.95525e-06
156      4.528e-06
157    3.27138e-06
158    4.45527e-06
159    5.01952e-06
160    3.51425e-06
161    5.71819e-06
162    5.36111e-06
163    4.02539e-06
164    5.11097e-06
165    3.67948e-06
166    4.70067e-06
167    5.96077e-06
168    2.12238e-06
169    4.37077e-06
170    6.67964e-06
171    5.13909e-06
172     4.3672e-06
173    2.70346e-06
174    2.80499e-06
175    5.86506e-06
176    3.50646e-06
177     5.2572e-06
178    3.62449e-06
179    6.25174e-06
180      6.868e-06
181    5.48833e-06
182     8.4395e-06
183    7.19382e-06
184    7.06025e-06
185    7.31991e-06
186    5.59746e-06
187    5.33687e-06
188    5.63268e-06
189    4.68351e-06
190    4.57967e-06
191    5.43303e-06
192    2.91712e-06
193    3.43889e-06
194    4.83533e-06
195    4.95065e-06
196    6.51403e-06
197    7.23515e-06
198    5.13765e-06
199    5.84057e-06
200    4.41308e-06
201    5.44434e-06
202    5.22153e-06
203    5.67094e-06
204    5.35931e-06
205    5.77516e-06
206    6.42754e-06
207    8.08413e-06
208    6.11242e-06
209    5.76908e-06
210    5.55809e-06
211    4.92845e-06
212    5.16531e-06
213    4.89179e-06
214     5.4477e-06
215    5.15685e-06
216    5.24402e-06
217    4.68129e-06
218     5.4539e-06
219    5.94004e-06
220    5.10436e-06
221     4.6036e-06
222    5.15037e-06
223    4.76606e-06
224    5.14933e-06
225    5.94727e-06
226    4.73271e-06
227    4.72062e-06
228    4.88352e-06
229    2.89656e-06
230     4.9572e-06
231     3.2878e-06
232    5.09127e-06
233     4.5562e-06
234    4.16841e-06
235    2.99579e-06
236    3.49022e-06
237    2.72885e-06
238    2.88474e-06
239      3.609e-06
240    4.49924e-06
241    1.84675e-06
242    2.45839e-06
243    1.83814e-06
244    4.14225e-06
245    4.55101e-06
246    3.34728e-06
247    3.02015e-06
248    2.76313e-06
249    3.23841e-06
250    2.72952e-06
251    2.99576e-06
252     2.4055e-06
253    2.47286e-06
254    2.95798e-06
255    1.57007e-06
256    2.78792e-06
257    2.76937e-06
258     2.2426e-06
259    1.90322e-06
260    1.83727e-06
261    8.67007e-07
262    6.19669e-07
263    6.90994e-07
264    7.23862e-07
265    1.63036e-06
266     8.0529e-07
267    8.99858e-07
268    1.67468e-06
269    5.75918e-07
270    1.18494e-06
271    1.29051e-06
272    9.68373e-07
273    8.24146e-07
274    1.33058e-06
275    1.45168e-06
276    1.81024e-06
277    1.95901e-06
278    1.57233e-06
279    1.83467e-06
280    2.08284e-06
281    1.04044e-06
282    1.43887e-06
283    1.33933e-06
284    1.42462e-06
285    2.04812e-06
286    2.03641e-06
287    8.18984e-07
288    1.97334e-06
289    1.52993e-06
290    1.15376e-06
291    1.36348e-06
292     1.8177e-06
293     8.0751e-07
294    1.67397e-06
295    6.33736e-07
296    4.01844e-07
297    1.14859e-06
298    2.01556e-06
299    1.48626e-06
300     1.7822e-06
301    2.56466e-06
302    1.01432e-06
303    7.52698e-07
304    1.09343e-06
305    1.74219e-07
306    1.33594e-06
307    1.20242e-06
308    7.53265e-07
309    1.80654e-06
310    1.74428e-06
311    1.88056e-06
312    1.91721e-06
313    1.85226e-06
314    7.47126e-07
315    1.31973e-06
316    1.61108e-06
317    4.08844e-07
318     1.0795e-06
319    1.53433e-06
320    1.97061e-06
321    1.26036e-06
322    1.30344e-06
323    8.20359e-07
324    1.65677e-06
325    1.23996e-06
326    1.58901e-06
327    1.48574e-06
328    2.17617e-06
329    8.81104e-07
330    1.05274e-06
331    9.70433e-07
332    6.82283e-07
333    1.88896e-06
334    1.89743e-06
335    2.08252e-06
336    1.40287e-06
337    1.18588e-06
338    9.57183e-07
339    3.39956e-07
340    9.59635e-07
341    3.87816e-07
342    9.57189e-07
343    1.53493e-06
344    1.65906e-06
345    1.46901e-06
346     5.7849e-07
347    1.40235e-06
348    1.08638e-06
349    1.10427e-06
350    7.59158e-07
351    1.71949e-06
352    1.84961e-06
353    1.03506e-06
354    2.15228e-06
355    1.89258e-06
356     2.2884e-06
357    8.95734e-07
358    1.89292e-06
359    1.27498e-06
360    1.86118e-06
361     2.0399e-06
362    1.12189e-06
363    1.81551e-06
364    2.04864e-06
365    6.87952e-07
366    1.74188e-06
367    1.19377e-06
368    7.34037e-07
369    7.69994e-07
370    1.58086e-06
371    1.22145e-06
372    1.46377e-06
373    1.40304e-06
374    1.43684e-06
375    8.40383e-07
376    1.58943e-06
377    9.65319e-07
378    1.29325e-06
379    8.51781e-07
380    1.38244e-06
381    9.03831e-07
382    1.93611e-06
383    7.68535e-07
384    1.47991e-06
385    9.19837e-07
386    1.78158e-06
387    8.54091e-07
388    1.54846e-06
389    4.17205e-07
390    3.78128e-07
391     1.4736e-06
392    6.71405e-07
393    1.48826e-06
394     9.6222e-07
395    5.43593e-07
396    2.87523e-09
397     1.7598e-06
398    1.26849e-06
399    1.27918e-06
400    1.19027e-06
401    9.01502e-07
402    7.82918e-07
403    7.63684e-07
404    7.09919e-07
405    3.18997e-07
406    8.26084e-07
407    6.29308e-07
408    8.28955e-07
409     5.4672e-07
410    1.35916e-08
411     2.8641e-07
412     8.2861e-07
413    5.30111e-07
414    8.43043e-07
415    1.43996e-07
416    6.64386e-07
417    1.14071e-06
418    4.81195e-07
419    6.63111e-07
420    1.12181e-06
421    1.32205e-06
422    8.46957e-07
423    8.70836e-07
424    1.38513e-07
425    1.18618e-06
426    8.99886e-07
427    7.63941e-07
428    5.81399e-07
429    4.36249e-07
430     4.8713e-07
431    6.69557e-07
432    8.57755e-07
433    7.19052e-07
434    1.06105e-06
435    6.55319e-07
436    1.05156e-06
437    6.68743e-07
438    6.85507e-07
439    1.15974e-06
440    5.60557e-07
441    8.24411e-07
442    3.35459e-07
443    3.01619e-07
444    3.85377e-07
445    3.47303e-07
446    9.08361e-07
447    6.11033e-07
448    6.88593e-07
449    1.55829e-09
450    4.53524e-07
451    5.22165e-07
452    1.42668e-07
453    3.79192e-07
454    3.88625e-07
455   -6.51204e-08
456     3.9992e-07
457    8.32286e-08
458    1.00926e-06
459    7.00314e-07
460    5.67855e-07
461    7.72794e-07
462    4.11265e-08
463    1.05466e-06
464    9.27119e-07
465    7.96602e-07
466    6.70211e-07
467      2.261e-07
468    2.98236e-07
469    9.30049e-07
470    7.78869e-07
471    9.40401e-07
472     8.1318e-07
473    1.25217e-06
474    3.45099e-07
475    3.30496e-07
476    1.11553e-06
477    6.26845e-07
478    1.17001e-06
479    1.20082e-07
480    9.94644e-07
481    9.96714e-07
482    6.76042e-07
483    3.64971e-07
484     6.5275e-07
485    5.99357e-07
486    9.16042e-07
487    1.04779e-06
488    1.26354e-06
489    7.10316e-07
490    4.59061e-07
491    8.61495e-07
492    1.01769e-06
493     1.0722e-06
494    1.27944e-06
495    1.35951e-07
496    6.65024e-07
497    2.91998e-07
498    9.19305e-07
499    6.52552e-07
500    8.48382e-07
501    5.97595e-07
502    9.79567e-08
503    8.21475e-07
504    1.10714e-06
505    4.92226e-07
506     5.9658e-07
507    1.34885e-06
508    1.51888e-06
509    1.28223e-06
510    1.71495e-06
511    1.00902e-06
512    6.04778e-07
