0        64.2946
1        7.62283
2        5.27376
3         2.4639
4        1.64879
5       0.579027
6       0.491174
7       0.363199
8       0.240625
9      0.0945465
10       0.110434
11      0.0824052
12       0.138688
13      0.0883656
14       0.185045
15      0.0742665
16       0.107326
17      0.0982481
18       0.107986
19       0.128658
20       0.107765
21      0.0548644
22      0.0647421
23      0.0488048
24      0.0390457
25      0.0429483
26      0.0413632
27      0.0381629
28       0.041784
29      0.0263944
30      0.0372707
31      0.0295635
32      0.0321646
33        0.02374
34      0.0387146
35      0.0236128
36      0.0408777
37      0.0281984
38      0.0317138
39      0.0350647
40      0.0289608
41      0.0257931
42      0.0295478
43      0.0237402
44      0.0242032
45      0.0212651
46       0.019164
47      0.0237366
48      0.0164718
49      0.0186623
50      0.0199231
51      0.0179359
52      0.0181462
53      0.0176217
54      0.0182796
55      0.0204712
56      0.0146972
57      0.0136737
58      0.0133944
59      0.0148275
60      0.0116709
61      0.0118674
62     0.00863343
63     0.00978677
64     0.00853802
65      0.0114431
66      0.0108412
67     0.00934684
68      0.0100062
69      0.0109576
70       0.010438
71       0.011024
72     0.00854384
73     0.00939946
74     0.00843213
75     0.00943565
76     0.00672474
77     0.00776003
78     0.00563425
79     0.00553943
80     0.00507881
81     0.00553694
82     0.00527669
83     0.00523849
84     0.00575573
85     0.00554198
86      0.0049768
87     0.00484184
88     0.00526622
89     0.00643826
90     0.00588652
91     0.00553663
92     0.00608561
93     0.00569636
94     0.00487996
95     0.00415919
96      0.0043472
97     0.00390372
98     0.00351303
99     0.00384356
100     0.00333713
101     0.00311269
102     0.00364457
103     0.00318296
104     0.00414954
105     0.00341805
106     0.00338457
107     0.00329385
108     0.00339914
109     0.00314378
110     0.00274707
111     0.00299774
112     0.00338691
113     0.00242856
114       0.003048
115     0.00275652
116     0.00278291
117     0.00296007
118     0.00282224
119     0.00269958
120     0.00327496
121     0.00243604
122      0.0028727
123     0.00246409
124     0.00277108
125       0.002566
126     0.00200458
127     0.00210864
128     0.00203532
129     0.00238073
130     0.00245454
131     0.00237652
132     0.00233211
133     0.00198555
134     0.00212862
135      0.0021661
136     0.00221392
137     0.00203529
138     0.00221433
139     0.00218982
140     0.00216359
141     0.00235716
142     0.00192507
143     0.00224566
144     0.00211466
145     0.00224153
146     0.00197312
147     0.00232357
148     0.00191119
149     0.00195722
150     0.00181457
151     0.00182977
152     0.00198192
153     0.00174118
154        0.00175
155     0.00180302
156     0.00171543
157     0.00164379
158     0.00168802
159     0.00146675
160      0.0016861
161     0.00134367
162      0.0016065
163     0.00165242
164     0.00181739
165     0.00134304
166     0.00149551
167     0.00148931
168     0.00141668
169     0.00137098
170     0.00145029
171     0.00139556
172     0.00145537
173     0.00148177
174     0.00136205
175     0.00145044
176     0.00150104
177      0.0015075
178     0.00156215
179      0.0013839
180     0.00173848
181     0.00165554
182     0.00148875
183     0.00151779
184     0.00143953
185     0.00139404
186     0.00161364
187     0.00145535
188      0.0014455
189     0.00115789
190     0.00143228
191     0.00140615
192     0.00139417
193      0.0012279
194      0.0015585
195     0.00145586
196     0.00146014
197     0.00126203
198     0.00131351
199     0.00143022
200     0.00122491
201     0.00147935
202     0.00130555
203     0.00127252
204     0.00121845
205     0.00140227
206     0.00145859
207     0.00158893
208     0.00138558
209     0.00139833
210     0.00121032
211     0.00126272
212     0.00114134
213     0.00114175
214     0.00134885
215     0.00115239
216     0.00130581
217     0.00111815
218     0.00118119
219      0.0012361
220     0.00103273
221     0.00103052
222     0.00121332
223     0.00108137
224     0.00124701
225     0.00121962
226     0.00130662
227     0.00116661
228     0.00106821
229     0.00105547
230     0.00105683
231    0.000990946
232     0.00107482
233     0.00101765
234     0.00113995
235     0.00113534
236     0.00102288
237    0.000963685
238    0.000953552
239     0.00110062
240     0.00107226
241    0.000988565
242     0.00108347
243     0.00103006
244      0.0010218
245    0.000942725
246    0.000851404
247    0.000985684
248    0.000957263
249     0.00109441
250    0.000981542
251    0.000929354
252      0.0011384
253     0.00104468
254    0.000919257
255    0.000929805
256    0.000954859
257    0.000867722
258    0.000995131
259    0.000947264
260    0.000911106
261    0.000846955
262    0.000886377
263      0.0008921
264    0.000847439
265    0.000903375
266     0.00082857
267    0.000816144
268    0.000870642
269    0.000810365
270    0.000842845
271    0.000867835
272     0.00089539
273    0.000881519
274    0.000845047
275    0.000820825
276     0.00080298
277    0.000840403
278    0.000815545
279    0.000797566
280    0.000808592
281    0.000751329
282    0.000822587
283    0.000771559
284    0.000741454
285     0.00084312
286    0.000768917
287    0.000892188
288      0.0008713
289     0.00079848
290    0.000794823
291    0.000734456
292    0.000839768
293    0.000699279
294    0.000762993
295    0.000772942
296    0.000840196
297    0.000755677
298    0.000772218
299    0.000785618
300    0.000791432
301    0.000887463
302    0.000777642
303    0.000703104
304    0.000785678
305    0.000723327
306    0.000817387
307    0.000766926
308    0.000738278
309    0.000730215
310    0.000736207
311    0.000796622
312    0.000777347
313    0.000819776
314    0.000846777
315    0.000728796
316    0.000775807
317    0.000779168
318    0.000689377
319    0.000729651
320    0.000749441
321    0.000682983
322    0.000736591
323    0.000739993
324    0.000783993
325    0.000762637
326     0.00074736
327     0.00072946
328    0.000675132
329    0.000740756
330    0.000743414
331    0.000698012
332    0.000762984
333    0.000733549
334    0.000802043
335    0.000677912
336    0.000720526
337     0.00072216
338    0.000744219
339    0.000665558
340    0.000667737
341    0.000626282
342    0.000626411
343    0.000679471
344    0.000692376
345    0.000675097
346    0.000707086
347     0.00065014
348     0.00071551
349    0.000662346
350    0.000653088
351    0.000633322
352    0.000658521
353    0.000678188
354    0.000676959
355     0.00068383
356    0.000657786
357    0.000638742
358    0.000669515
359    0.000676697
360    0.000646133
361    0.000637724
362    0.000646427
363    0.000612432
364    0.000617049
365    0.000609268
366    0.000624695
367    0.000551356
368    0.000639994
369    0.000609939
370    0.000644022
371     0.00069133
372    0.000601728
373    0.000640274
374    0.000624961
375    0.000593043
376    0.000608891
377    0.000596219
378    0.000565925
379    0.000632058
380    0.000650864
381    0.000607811
382    0.000608935
383     0.00061188
384    0.000659148
385    0.000623902
386    0.000630776
387    0.000643304
388    0.000664337
389    0.000621133
390    0.000646118
391    0.000624613
392    0.000607718
393    0.000625083
394    0.000639964
395    0.000615858
396    0.000635654
397    0.000574529
398    0.000610931
399    0.000540236
400    0.000536901
401    0.000547735
402    0.000583688
403    0.000578839
404    0.000595976
405    0.000588422
406     0.00058252
407    0.000548038
408       0.000594
409    0.000626851
410    0.000576074
411    0.000585239
412    0.000521068
413    0.000515788
414    0.000559558
415    0.000537713
416    0.000576487
417    0.000589765
418    0.000556303
419    0.000537627
420    0.000511221
421    0.000513303
422     0.00052388
423    0.000550439
424    0.000545629
425    0.000540717
426    0.000549311
427    0.000540472
428    0.000595607
429    0.000591773
430    0.000574003
431    0.000545385
432    0.000535197
433     0.00053535
434     0.00050865
435    0.000554771
436    0.000574807
437    0.000551007
438    0.000545667
439    0.000514045
440     0.00048186
441    0.000502095
442    0.000511041
443    0.000569324
444    0.000508894
445     0.00051073
446    0.000529236
447     0.00051431
448    0.000544343
449    0.000530384
450    0.000517573
451     0.00051875
452     0.00052216
453    0.000514129
454    0.000531701
455    0.000526899
456    0.000498738
457    0.000521445
458    0.000530676
459    0.000536061
460     0.00053608
461    0.000497797
462    0.000525152
463    0.000492845
464    0.000505161
465    0.000496286
466    0.000529508
467    0.000509019
468    0.000475677
469    0.000496829
470    0.000520149
471     0.00049704
472    0.000488414
473    0.000541259
474    0.000504482
475    0.000503506
476    0.000518563
477    0.000509052
478    0.000519729
479    0.000486418
480    0.000491431
481    0.000504717
482    0.000519842
483    0.000485149
484    0.000482577
485    0.000444507
486    0.000498311
487    0.000468464
488    0.000459924
489    0.000470672
490    0.000477563
491    0.000533374
492    0.000542079
493    0.000534742
494    0.000524455
495    0.000497718
496    0.000558239
497    0.000534871
498     0.00050946
499    0.000525495
500    0.000488427
501    0.000479839
502    0.000528676
503    0.000493768
504    0.000468288
505    0.000503211
506    0.000481598
507     0.00047208
508    0.000476018
509    0.000485046
510    0.000456734
511    0.000489796
512    0.000489794
