0        78.9098
1        10.0399
2        6.45341
3        3.22475
4        1.87098
5       0.721957
6       0.623333
7       0.350889
8       0.229319
9       0.162315
10       0.113393
11      0.0987564
12       0.137032
13       0.111032
14       0.171748
15      0.0819073
16      0.0996808
17      0.0969955
18       0.108766
19       0.133171
20       0.129329
21      0.0797811
22      0.0645068
23      0.0604804
24      0.0432466
25      0.0455391
26      0.0523202
27      0.0406942
28      0.0434024
29      0.0365066
30       0.042025
31       0.033079
32      0.0423052
33      0.0255044
34      0.0397797
35       0.018506
36      0.0425506
37      0.0324977
38      0.0359979
39      0.0403788
40      0.0295453
41      0.0274288
42      0.0304597
43      0.0262464
44      0.0260189
45      0.0258875
46      0.0258082
47      0.0274054
48      0.0185366
49      0.0182764
50      0.0197654
51      0.0192757
52      0.0228485
53      0.0205095
54      0.0196391
55      0.0220313
56      0.0143408
57      0.0159022
58      0.0155091
59      0.0175897
60      0.0134516
61      0.0152704
62      0.0100112
63      0.0131116
64      0.0101126
65      0.0109743
66      0.0120021
67      0.0102851
68      0.0126135
69      0.0112391
70      0.0125425
71      0.0119591
72      0.0100038
73      0.0104946
74     0.00984733
75      0.0118981
76     0.00852121
77     0.00885545
78     0.00863229
79     0.00756838
80     0.00637636
81     0.00737206
82     0.00667224
83     0.00655744
84     0.00647202
85     0.00648847
86     0.00545261
87     0.00508996
88     0.00548485
89     0.00661395
90     0.00613343
91     0.00587418
92     0.00639828
93     0.00614371
94     0.00537815
95     0.00524617
96     0.00497881
97     0.00480617
98     0.00509098
99     0.00443895
100     0.00440188
101     0.00427173
102     0.00450721
103     0.00421435
104     0.00441435
105     0.00434702
106     0.00361702
107     0.00368865
108     0.00330655
109     0.00306508
110     0.00349924
111     0.00369993
112     0.00328807
113     0.00326938
114     0.00331207
115     0.00267965
116     0.00287792
117     0.00295464
118     0.00297817
119     0.00324443
120     0.00280145
121     0.00289931
122     0.00266139
123     0.00244418
124     0.00278236
125     0.00250671
126     0.00225191
127     0.00240187
128     0.00215097
129     0.00238634
130     0.00261163
131     0.00266487
132     0.00201704
133     0.00242443
134     0.00215692
135     0.00226845
136     0.00196835
137     0.00197913
138     0.00236753
139     0.00213418
140     0.00186879
141     0.00206349
142     0.00206058
143     0.00252408
144     0.00240019
145     0.00228755
146     0.00204735
147     0.00224575
148     0.00207395
149     0.00197588
150     0.00171171
151     0.00185805
152     0.00211337
153     0.00190205
154     0.00166658
155     0.00184256
156     0.00190073
157     0.00199979
158     0.00177206
159     0.00152472
160     0.00160467
161     0.00160802
162     0.00170074
163     0.00180628
164     0.00175557
165     0.00158722
166      0.0016124
167     0.00166977
168     0.00165691
169      0.0015809
170     0.00142283
171     0.00166202
172     0.00135551
173     0.00139466
174     0.00134954
175     0.00141577
176     0.00151136
177     0.00137402
178     0.00134153
179     0.00130256
180     0.00156228
181     0.00160526
182     0.00160837
183      0.0014941
184     0.00143354
185     0.00136562
186     0.00148228
187     0.00144431
188     0.00147266
189     0.00103621
190      0.0013605
191     0.00144248
192     0.00137769
193     0.00147252
194     0.00140138
195     0.00142257
196     0.00129556
197     0.00128797
198      0.0012649
199     0.00119268
200     0.00123868
201     0.00130813
202      0.0014301
203     0.00125429
204     0.00109199
205     0.00129221
206     0.00123126
207     0.00139751
208     0.00136729
209      0.0014053
210     0.00134383
211      0.0013479
212     0.00128402
213     0.00113105
214     0.00131831
215      0.0011841
216     0.00119836
217     0.00113154
218     0.00145964
219     0.00118915
220     0.00113734
221     0.00121657
222     0.00122638
223     0.00115272
224     0.00134779
225     0.00118572
226     0.00107719
227     0.00110476
228     0.00113781
229    0.000959818
230    0.000994473
231    0.000983999
232    0.000982246
233    0.000948882
234    0.000933964
235    0.000936003
236      0.0009773
237    0.000898866
238       0.001035
239     0.00102799
240     0.00116127
241    0.000987507
242     0.00104256
243     0.00104477
244     0.00113053
245     0.00101135
246    0.000946135
247    0.000888511
248     0.00096246
249    0.000941344
250    0.000930954
251    0.000931324
252    0.000954574
253    0.000849827
254    0.000972081
255    0.000911137
256    0.000864655
257    0.000816518
258    0.000935291
259    0.000930906
260    0.000885328
261    0.000770345
262    0.000854826
263    0.000837033
264    0.000797929
265    0.000845151
266    0.000916867
267      0.0008022
268    0.000904595
269    0.000842342
270    0.000809446
271    0.000868225
272    0.000684497
273    0.000789673
274    0.000812427
275    0.000809289
276    0.000914637
277    0.000893025
278     0.00089054
279     0.00086241
280    0.000813417
281    0.000736113
282    0.000806297
283    0.000789657
284    0.000721459
285     0.00082805
286    0.000800012
287    0.000798532
288    0.000802529
289    0.000832244
290    0.000798453
291    0.000783228
292    0.000799188
293    0.000696564
294    0.000717985
295    0.000734782
296    0.000759648
297    0.000736696
298    0.000656765
299    0.000737384
300    0.000840707
301    0.000784663
302    0.000775897
303    0.000800895
304    0.000770143
305    0.000732353
306    0.000748166
307    0.000814691
308    0.000757021
309    0.000738449
310    0.000676447
311    0.000730671
312     0.00069545
313    0.000694424
314    0.000760736
315    0.000722121
316    0.000741634
317    0.000784316
318    0.000674812
319    0.000712191
320    0.000719107
321    0.000727447
322    0.000706593
323      0.0007549
324    0.000788031
325    0.000727707
326     0.00066184
327    0.000716619
328    0.000657676
329    0.000717039
330    0.000686686
331    0.000687234
332    0.000723544
333    0.000718489
334    0.000705486
335    0.000684716
336    0.000642318
337    0.000641627
338    0.000640815
339    0.000649341
340    0.000643173
341    0.000628626
342    0.000674168
343    0.000648884
344    0.000638422
345    0.000651953
346    0.000659342
347     0.00066973
348    0.000690337
349     0.00066807
350     0.00065691
351    0.000597498
352    0.000703259
353    0.000666487
354    0.000657316
355    0.000741338
356    0.000672441
357    0.000655767
358    0.000609456
359     0.00064432
360    0.000675198
361    0.000677672
362    0.000618837
363    0.000650825
364    0.000640187
365    0.000721378
366    0.000713753
367     0.00060019
368    0.000663942
369    0.000600083
370    0.000567168
371    0.000656311
372    0.000602286
373     0.00067152
374     0.00061811
375    0.000619514
376    0.000669146
377    0.000667025
378    0.000663223
379    0.000616393
380    0.000597623
381    0.000602422
382     0.00068076
383    0.000616826
384    0.000588251
385    0.000608041
386     0.00067785
387    0.000612158
388    0.000608188
389    0.000576545
390    0.000614549
391    0.000558096
392     0.00058162
393    0.000559519
394    0.000580608
395    0.000604482
396    0.000565869
397    0.000562944
398     0.00055943
399    0.000569827
400    0.000521008
401    0.000540049
402     0.00057841
403    0.000550427
404     0.00059791
405    0.000569054
406    0.000545198
407    0.000542441
408    0.000572382
409    0.000595932
410      0.0005856
411    0.000512091
412    0.000546457
413    0.000526374
414    0.000568666
415    0.000505418
416    0.000561207
417    0.000604947
418    0.000596259
419    0.000579962
420    0.000598481
421    0.000619069
422    0.000555634
423    0.000570703
424    0.000516657
425    0.000532583
426    0.000557575
427    0.000548338
428    0.000606408
429    0.000575012
430    0.000535805
431    0.000557761
432    0.000536263
433    0.000518365
434    0.000546537
435    0.000578113
436    0.000584111
437    0.000519723
438    0.000534808
439    0.000521325
440    0.000529183
441    0.000532066
442    0.000522662
443    0.000590859
444    0.000528479
445    0.000522939
446    0.000499537
447    0.000511325
448     0.00051929
449    0.000524752
450    0.000502281
451    0.000541347
452    0.000544301
453    0.000547627
454    0.000544565
455    0.000504308
456    0.000506948
457    0.000522706
458    0.000555415
459     0.00053459
460    0.000523397
461    0.000516784
462    0.000491054
463     0.00045488
464    0.000526558
465    0.000494379
466    0.000532628
467    0.000535092
468    0.000545324
469    0.000527568
470    0.000524836
471    0.000469369
472    0.000559601
473    0.000478803
474    0.000523715
475    0.000535548
476    0.000513912
477     0.00051554
478    0.000520436
479     0.00050236
480    0.000506689
481    0.000530505
482    0.000486274
483    0.000515484
484    0.000525947
485     0.00047793
486    0.000547001
487    0.000491509
488    0.000523611
489    0.000478574
490    0.000508648
491    0.000525608
492    0.000513273
493    0.000514746
494    0.000524297
495    0.000475642
496    0.000519613
497    0.000512935
498    0.000505821
499    0.000527781
500    0.000489059
501    0.000493348
502     0.00053446
503    0.000498419
504    0.000525397
505    0.000467979
506     0.00048009
507    0.000498729
508    0.000536799
509    0.000549353
510     0.00053805
511    0.000500334
512    0.000517329
