RMS:    Average: 
2.21018   6.2011
0   -2.57679e-06
1        12.7232
2        6.56708
3       0.990395
4        1.61238
5        0.54441
6       0.349019
7       0.114926
8      0.0570804
9      0.0534731
10      0.0527418
11      0.0663968
12        0.10235
13      0.0728656
14       0.109243
15      0.0397829
16      0.0771052
17      0.0465462
18      0.0637336
19      0.0745707
20      0.0741316
21      0.0357044
22      0.0333073
23      0.0416766
24       0.030551
25       0.031308
26      0.0274063
27      0.0188923
28      0.0287227
29      0.0149784
30      0.0243389
31      0.0200367
32      0.0197264
33      0.0126512
34      0.0190786
35      0.0103419
36      0.0232225
37      0.0185525
38      0.0173193
39      0.0215202
40      0.0125028
41      0.0124677
42      0.0122207
43      0.0104333
44      0.0092911
45      0.0119327
46      0.0116311
47      0.0146711
48     0.00977935
49       0.012824
50     0.00943568
51      0.0107222
52     0.00975256
53      0.0126668
54     0.00941148
55      0.0118052
56     0.00914602
57     0.00853918
58     0.00826369
59      0.0083963
60     0.00653928
61     0.00829686
62     0.00647227
63     0.00810739
64     0.00435684
65     0.00726364
66     0.00534948
67     0.00515744
68     0.00496914
69     0.00520974
70     0.00520471
71     0.00514807
72     0.00379293
73     0.00512841
74     0.00445453
75     0.00576929
76     0.00350331
77     0.00428808
78     0.00348572
79     0.00391693
80     0.00227535
81     0.00363892
82     0.00322475
83     0.00322865
84      0.0029676
85     0.00333429
86     0.00293407
87     0.00227533
88     0.00246384
89     0.00367724
90     0.00325545
91     0.00272145
92     0.00323727
93     0.00312165
94      0.0023745
95     0.00170756
96     0.00208856
97     0.00250836
98     0.00201924
99     0.00228246
100     0.00221745
101     0.00205198
102     0.00201529
103     0.00187985
104     0.00169495
105     0.00204862
106     0.00146539
107     0.00213515
108     0.00156722
109     0.00169935
110     0.00153374
111     0.00156994
112     0.00106132
113     0.00119336
114     0.00101673
115     0.00113752
116    0.000979795
117    0.000892992
118     0.00113207
119     0.00115944
120     0.00110691
121     0.00120727
122      0.0010877
123     0.00100348
124    0.000753954
125     0.00105592
126    0.000854229
127    0.000914607
128    0.000744681
129     0.00108662
130     0.00080242
131     0.00101907
132    0.000844577
133    0.000865279
134    0.000659692
135    0.000792352
136    0.000700935
137    0.000589045
138    0.000760976
139    0.000834293
140    0.000697652
141     0.00106891
142     0.00104679
143     0.00133994
144     0.00112769
145    0.000934334
146     0.00099647
147    0.000775068
148     0.00088777
149    0.000714549
150    0.000689332
151    0.000682471
152    0.000678234
153    0.000630535
154    0.000645676
155     0.00075612
156    0.000595506
157     0.00059322
158    0.000430246
159    0.000438692
160    0.000542032
161    0.000476997
162    0.000617827
163    0.000585401
164    0.000556663
165    0.000555845
166    0.000462259
167    0.000575438
168     0.00057828
169    0.000553754
170    0.000557683
171    0.000613473
172    0.000565299
173    0.000585012
174    0.000524452
175    0.000497527
176    0.000563534
177     0.00051749
178     0.00063166
179    0.000405048
180    0.000496387
181    0.000474691
182    0.000437751
183    0.000360735
184    0.000393888
185    0.000510207
186    0.000530817
187    0.000529131
188    0.000487938
189    0.000362726
190    0.000445607
191    0.000336009
192    0.000330625
193    0.000353589
194    0.000446963
195    0.000345529
196    0.000396546
197    0.000376236
198    0.000315695
199    0.000428059
200    0.000472085
201    0.000489057
202    0.000431239
203    0.000434085
204    0.000378704
205    0.000435509
206    0.000482071
207    0.000427977
208    0.000327357
209     0.00046323
210    0.000346641
211    0.000393252
212    0.000356102
213    0.000314813
214    0.000300652
215    0.000339178
216    0.000401167
217    0.000393098
218    0.000390401
219    0.000391687
220    0.000333538
221    0.000352265
222    0.000392961
223    0.000350012
224     0.00032194
225    0.000289186
226    0.000270149
227    0.000273788
228    0.000314161
229    0.000273462
230    0.000214936
231    0.000244769
232    0.000265945
233    0.000289177
234    0.000250493
235    0.000260531
236    0.000193177
237    0.000303658
238    0.000284759
239     0.00028059
240    0.000267674
241    0.000265292
242     0.00024407
243     0.00026666
244    0.000246082
245    0.000254194
246    0.000237601
247     0.00019521
248    0.000218453
249    0.000260117
250    0.000230785
251     0.00025837
252    0.000233688
253    0.000224254
254    0.000216627
255    0.000215776
256    0.000232367
257    0.000236476
258    0.000199746
259    0.000208302
260    0.000243339
261    0.000216106
262    0.000225883
263     0.00019925
264    0.000234968
265    0.000193719
266    0.000205006
267    0.000136818
268    0.000211868
269      0.0001936
270    0.000187614
271    0.000212905
272    0.000170504
273    0.000155328
274    0.000165544
275    0.000160243
276    0.000182319
277    0.000204413
278    0.000165967
279    0.000166844
280    0.000204072
281    0.000170621
282    0.000226615
283    0.000201127
284    0.000160807
285    0.000225767
286    0.000206695
287    0.000205018
288    0.000203201
289    0.000203197
290    0.000180471
291    0.000162718
292    0.000176638
293    0.000135799
294    0.000144294
295    0.000190967
296    0.000204408
297    0.000165586
298    0.000168016
299    0.000191152
300    0.000174674
301    0.000195427
302    0.000147293
303    0.000139729
304    0.000178836
305    0.000151846
306    0.000143776
307    0.000161295
308    0.000128251
309     0.00014869
310    0.000135315
311    0.000153384
312     0.00014833
313     0.00014862
314    0.000137878
315    0.000120236
316    0.000160234
317    0.000162788
318    0.000156802
319     0.00020089
320    0.000169908
321    0.000162921
322    0.000172198
323     0.00015425
324    0.000171001
325    0.000181681
326    0.000185664
327     0.00015086
328    0.000148896
329    0.000142112
330    0.000141567
331    0.000141676
332    0.000155546
333    0.000142878
334    0.000181061
335    0.000128235
336    0.000166724
337    0.000161995
338    0.000154209
339    0.000159122
340    0.000150564
341    0.000151397
342    0.000170211
343    0.000123981
344    0.000118744
345    0.000139589
346    0.000152762
347    0.000136777
348     0.00013599
349    0.000142254
350     0.00016308
351    0.000135066
352    0.000165293
353     0.00019091
354    0.000151792
355    0.000161809
356    0.000141095
357    0.000127815
358    0.000136429
359    0.000146241
360    0.000166315
361    0.000141193
362    0.000171937
363    0.000163741
364    0.000140341
365     0.00016541
366    0.000171385
367    0.000132414
368    0.000123375
369    0.000115513
370    0.000113132
371    0.000148233
372    0.000131039
373      0.0001469
374     0.00013253
375    0.000139346
376     0.00014786
377     0.00015233
378    0.000133803
379    0.000129902
380    0.000128474
381    0.000112941
382    0.000136219
383    0.000123325
384    0.000160079
385    0.000137517
386    0.000147317
387    0.000131625
388    0.000158654
389    0.000123834
390    0.000134571
391    0.000102821
392    0.000130321
393    0.000141269
394    0.000108144
395    0.000132288
396    0.000139069
397    7.98736e-05
398    0.000110265
399    8.70839e-05
400    9.83519e-05
401    0.000111974
402    0.000121732
403    0.000118278
404    0.000119472
405    0.000108054
406    0.000132307
407    0.000112032
408    0.000124761
409      0.0001296
410    0.000132947
411    0.000129553
412    0.000116318
413    0.000115004
414     0.00012979
415    0.000129277
416    0.000110708
417    0.000107334
418    9.11278e-05
419    0.000122721
420    0.000119107
421    0.000112314
422    0.000130821
423    0.000130413
424    0.000123689
425    0.000131715
426    0.000102667
427    0.000124679
428    0.000134517
429    0.000124263
430     0.00011928
431    0.000122507
432     0.00010233
433    0.000115411
434    0.000109005
435    9.66083e-05
436    0.000107836
437    0.000103176
438    0.000101343
439      8.411e-05
440    0.000103423
441    0.000104725
442     0.00010514
443    0.000102427
444    9.28343e-05
445    0.000110475
446    0.000108658
447    0.000108393
448    0.000105607
449    0.000111546
450    0.000107063
451     0.00014046
452    8.47174e-05
453    9.77368e-05
454    9.77725e-05
455    8.23706e-05
456      9.328e-05
457    9.90578e-05
458    0.000115344
459    0.000103593
460    0.000127371
461    0.000107325
462    0.000109798
463    9.17073e-05
464    9.60334e-05
465    8.92777e-05
466    8.00028e-05
467    8.33013e-05
468      0.0001069
469    9.88554e-05
470    9.77678e-05
471    9.62586e-05
472    0.000123205
473    0.000116607
474    0.000116052
475    0.000116024
476    0.000115368
477    0.000109748
478    0.000104044
479    8.64636e-05
480     0.00010669
481    9.96349e-05
482    8.96306e-05
483    0.000104302
484    9.57295e-05
485    9.88793e-05
486    0.000100517
487    0.000111106
488    9.67468e-05
489    9.38802e-05
490    0.000108745
491    8.70641e-05
492    9.82732e-05
493    0.000113476
494    0.000100955
495    0.000101935
496    0.000107694
497    0.000106509
498    0.000124331
499    0.000102632
500    0.000109977
501    0.000102367
502    0.000105554
503    0.000105459
504    0.000111043
505    0.000102564
506    0.000108404
507    9.13791e-05
508    0.000101785
509    0.000105716
510    0.000110113
511    0.000112054
512    0.000118277
