RMS:    Average: 
3.81086   12.161
0   -1.31393e-06
1        39.8081
2        19.5535
3         2.9501
4        5.25572
5        1.78728
6         1.3255
7       0.520201
8       0.281996
9       0.239273
10          0.134
11       0.256899
12       0.337817
13       0.197351
14       0.344292
15        0.12756
16       0.253676
17       0.153359
18        0.18707
19       0.228126
20       0.255277
21       0.145315
22       0.115688
23       0.144441
24       0.115177
25      0.0994908
26      0.0943106
27      0.0761349
28      0.0965123
29      0.0713747
30      0.0688807
31      0.0753205
32      0.0793139
33      0.0480284
34      0.0657577
35      0.0311732
36      0.0836864
37      0.0638653
38       0.060185
39      0.0721139
40      0.0467007
41      0.0488685
42      0.0475349
43       0.043833
44      0.0360344
45      0.0429354
46      0.0411103
47      0.0507117
48      0.0325898
49      0.0359214
50      0.0309641
51      0.0357768
52      0.0364452
53      0.0362384
54      0.0336474
55      0.0406179
56      0.0248319
57      0.0310522
58      0.0269499
59      0.0319753
60      0.0249129
61      0.0328917
62      0.0215447
63      0.0279527
64      0.0175521
65      0.0243171
66      0.0200334
67       0.021345
68       0.021588
69      0.0204626
70      0.0217645
71      0.0215097
72      0.0153822
73      0.0169588
74      0.0171907
75      0.0219394
76      0.0141448
77      0.0180706
78      0.0158355
79      0.0146519
80      0.0112801
81      0.0145873
82      0.0122456
83      0.0120813
84      0.0116878
85      0.0129417
86      0.0107976
87     0.00953629
88      0.0101487
89      0.0129201
90      0.0108023
91      0.0101104
92      0.0114724
93      0.0111667
94     0.00943707
95     0.00890708
96     0.00881382
97     0.00957155
98     0.00863622
99     0.00894502
100     0.00868781
101     0.00947049
102     0.00875818
103     0.00849999
104     0.00728361
105     0.00875334
106     0.00664844
107     0.00778703
108      0.0061961
109     0.00626394
110     0.00587216
111     0.00712505
112     0.00494865
113     0.00544939
114     0.00519536
115     0.00482688
116     0.00490498
117     0.00504019
118      0.0055094
119     0.00590937
120     0.00518472
121      0.0051586
122     0.00477489
123     0.00450683
124     0.00453876
125     0.00485174
126     0.00428815
127     0.00487909
128     0.00407247
129      0.0042439
130     0.00448021
131     0.00494361
132     0.00416056
133     0.00428948
134     0.00354211
135     0.00376585
136     0.00371123
137     0.00373269
138     0.00403754
139     0.00382749
140     0.00340406
141     0.00454238
142     0.00460684
143     0.00595718
144     0.00584479
145      0.0048354
146     0.00457943
147     0.00451172
148      0.0046062
149     0.00372357
150     0.00362321
151     0.00341781
152      0.0037644
153     0.00346668
154     0.00333619
155     0.00359882
156     0.00337832
157     0.00337108
158     0.00306533
159     0.00247958
160     0.00297797
161     0.00265208
162     0.00310746
163      0.0031202
164      0.0030661
165     0.00260426
166     0.00257471
167      0.0028673
168     0.00287203
169     0.00262194
170     0.00248805
171      0.0029099
172     0.00256925
173     0.00249391
174     0.00243438
175     0.00231182
176     0.00279234
177     0.00240937
178     0.00257573
179     0.00217858
180     0.00262997
181     0.00250506
182     0.00242024
183     0.00244703
184     0.00237805
185     0.00238597
186     0.00247249
187     0.00238957
188     0.00242603
189     0.00161368
190     0.00213488
191     0.00205531
192     0.00206603
193     0.00210623
194     0.00207824
195     0.00194831
196     0.00194986
197     0.00199654
198     0.00192185
199     0.00200455
200     0.00206945
201     0.00210222
202     0.00218587
203     0.00205959
204     0.00169288
205     0.00206673
206     0.00207342
207     0.00221693
208      0.0021189
209     0.00237519
210      0.0021545
211     0.00213406
212     0.00194582
213     0.00172557
214      0.0019789
215     0.00186593
216     0.00188163
217     0.00177215
218     0.00210827
219     0.00191967
220     0.00173475
221     0.00197514
222     0.00190058
223     0.00169851
224     0.00194012
225     0.00182383
226      0.0016374
227     0.00180782
228     0.00183143
229     0.00150711
230     0.00150893
231     0.00151148
232     0.00150406
233     0.00144869
234     0.00142511
235     0.00141888
236     0.00136477
237     0.00141436
238     0.00163585
239     0.00160425
240     0.00170762
241     0.00154185
242     0.00150893
243     0.00162264
244     0.00164011
245     0.00156549
246     0.00148333
247      0.0014181
248     0.00143074
249     0.00151205
250     0.00145666
251     0.00148902
252     0.00147926
253     0.00129977
254     0.00144759
255     0.00146626
256     0.00127174
257     0.00125631
258     0.00137823
259     0.00133871
260      0.0013427
261     0.00118665
262     0.00130855
263     0.00130171
264     0.00131782
265     0.00129509
266     0.00138378
267     0.00117027
268     0.00139709
269     0.00130845
270     0.00120421
271     0.00133074
272     0.00106848
273     0.00118311
274     0.00121916
275     0.00125611
276      0.0014116
277     0.00139577
278     0.00127858
279     0.00129583
280     0.00124153
281     0.00106471
282     0.00124377
283     0.00117615
284     0.00111576
285     0.00137032
286     0.00125752
287     0.00129422
288     0.00131934
289     0.00133058
290     0.00125151
291     0.00126009
292     0.00126469
293     0.00106183
294     0.00112029
295      0.0010701
296     0.00111211
297     0.00107652
298    0.000977664
299     0.00109373
300     0.00126827
301     0.00118881
302       0.001127
303     0.00116988
304     0.00116011
305     0.00111227
306     0.00113355
307     0.00123766
308     0.00114237
309     0.00111264
310     0.00101639
311     0.00109378
312     0.00103401
313      0.0010519
314     0.00109204
315     0.00102671
316     0.00108228
317     0.00119592
318    0.000996982
319     0.00115484
320      0.0010412
321     0.00106851
322     0.00103061
323     0.00111287
324     0.00114491
325     0.00112922
326    0.000978417
327     0.00104932
328    0.000941796
329     0.00103771
330    0.000987296
331    0.000999279
332     0.00107327
333     0.00106258
334     0.00109393
335     0.00102001
336    0.000956862
337    0.000928137
338    0.000935713
339    0.000974014
340    0.000907322
341    0.000943286
342    0.000991509
343    0.000925145
344    0.000933824
345    0.000964253
346    0.000942483
347    0.000985906
348    0.000967885
349    0.000913223
350    0.000933119
351    0.000831014
352     0.00101612
353    0.000980332
354    0.000995939
355     0.00109571
356    0.000992468
357    0.000981126
358    0.000927099
359    0.000961834
360     0.00100367
361    0.000993336
362     0.00094643
363    0.000972982
364    0.000934861
365     0.00109452
366     0.00107323
367    0.000899172
368    0.000969215
369    0.000882984
370    0.000867158
371    0.000978578
372    0.000916648
373    0.000984795
374    0.000898863
375     0.00088062
376    0.000943394
377    0.000930374
378    0.000923673
379    0.000883224
380    0.000861265
381    0.000884283
382    0.000974658
383    0.000908348
384    0.000878955
385    0.000856187
386    0.000955274
387    0.000888247
388    0.000916953
389     0.00080696
390    0.000887811
391    0.000798818
392    0.000880858
393    0.000800692
394    0.000856328
395     0.00089863
396    0.000837779
397    0.000834078
398    0.000771293
399    0.000793552
400     0.00072125
401    0.000785979
402    0.000812353
403    0.000791119
404    0.000843774
405    0.000791691
406    0.000769091
407    0.000762045
408    0.000862567
409    0.000874432
410    0.000870903
411    0.000780612
412    0.000797902
413    0.000770941
414    0.000813131
415    0.000792782
416    0.000812508
417    0.000905329
418    0.000875612
419    0.000889074
420      0.0008759
421    0.000954084
422    0.000839693
423    0.000895884
424    0.000793123
425    0.000806208
426    0.000795882
427    0.000778769
428    0.000880528
429    0.000840682
430    0.000798755
431    0.000841184
432    0.000792611
433    0.000762189
434    0.000786252
435    0.000837752
436    0.000858313
437    0.000751443
438    0.000754969
439    0.000725748
440    0.000774529
441    0.000771665
442    0.000760579
443    0.000854522
444    0.000758691
445    0.000760498
446    0.000713509
447    0.000745271
448    0.000754079
449    0.000769311
450    0.000716179
451    0.000821177
452    0.000772468
453     0.00077355
454    0.000766224
455    0.000750248
456    0.000732342
457    0.000760617
458    0.000798644
459    0.000757433
460    0.000760171
461    0.000748947
462    0.000735894
463    0.000663779
464    0.000756394
465    0.000729497
466    0.000771833
467    0.000775314
468     0.00080015
469    0.000779595
470    0.000764288
471    0.000666846
472    0.000811213
473    0.000695426
474    0.000770207
475     0.00078263
476    0.000764532
477    0.000742082
478    0.000784246
479    0.000739065
480    0.000735604
481    0.000790174
482    0.000681385
483    0.000742488
484    0.000775361
485    0.000694379
486    0.000776026
487    0.000741734
488    0.000735559
489    0.000712497
490    0.000742732
491    0.000752675
492    0.000742675
493    0.000774869
494    0.000761604
495    0.000717321
496    0.000767656
497    0.000747025
498    0.000760367
499    0.000786533
500    0.000702806
501    0.000727561
502    0.000762709
503     0.00072726
504     0.00079074
505    0.000713812
506    0.000720117
507      0.0007581
508    0.000817739
509    0.000822305
510    0.000823537
511    0.000780419
512    0.000813244
