RMS:    Average: 
3.21074   10.1593
0   -1.57283e-06
1        8.24472
2        4.07016
3       0.549525
4        1.07909
5       0.303943
6       0.202985
7      0.0712349
8      0.0421227
9      0.0412011
10      0.0269717
11      0.0504225
12      0.0634268
13      0.0400442
14      0.0533671
15      0.0237558
16      0.0385898
17      0.0253208
18      0.0335931
19      0.0370927
20       0.042711
21      0.0246952
22      0.0180928
23      0.0237328
24      0.0194959
25       0.015951
26      0.0153106
27      0.0132253
28       0.017968
29      0.0114255
30      0.0142061
31      0.0130866
32      0.0127723
33     0.00837161
34      0.0108326
35     0.00619898
36      0.0128529
37      0.0123339
38      0.0104025
39       0.013446
40      0.0079094
41     0.00918463
42      0.0082396
43      0.0072992
44     0.00584938
45     0.00752374
46     0.00704028
47     0.00883046
48     0.00579024
49     0.00682606
50     0.00541436
51      0.0075255
52     0.00602744
53     0.00808995
54     0.00570074
55     0.00795913
56     0.00542581
57     0.00571215
58     0.00455219
59     0.00516714
60     0.00393923
61     0.00537835
62     0.00342081
63     0.00485282
64     0.00292876
65     0.00422108
66     0.00303824
67     0.00306681
68     0.00321682
69     0.00303035
70     0.00318419
71     0.00315482
72     0.00256311
73     0.00302518
74     0.00277234
75     0.00362837
76     0.00218252
77     0.00282456
78     0.00216204
79     0.00212528
80     0.00151747
81     0.00215742
82     0.00201613
83     0.00179698
84     0.00186087
85     0.00197542
86     0.00159853
87     0.00129639
88     0.00144242
89     0.00184734
90     0.00176089
91     0.00159276
92       0.001805
93     0.00185799
94     0.00149508
95     0.00116667
96     0.00154317
97     0.00162579
98     0.00143166
99     0.00121492
100     0.00137859
101     0.00138711
102     0.00121269
103     0.00120638
104     0.00092434
105     0.00119272
106    0.000898929
107     0.00115396
108     0.00091265
109     0.00103543
110     0.00080274
111    0.000958238
112    0.000568439
113     0.00070061
114    0.000660485
115    0.000566407
116    0.000620469
117    0.000593761
118    0.000658804
119    0.000767272
120    0.000499494
121    0.000563126
122    0.000612672
123    0.000605632
124    0.000424328
125    0.000649879
126    0.000647975
127    0.000637371
128    0.000459687
129     0.00053028
130    0.000448699
131    0.000644295
132    0.000536067
133    0.000518398
134     0.00044501
135    0.000420562
136    0.000380105
137    0.000375088
138    0.000443067
139    0.000378736
140     0.00038339
141    0.000503598
142    0.000510231
143    0.000633926
144    0.000631913
145    0.000480465
146    0.000460809
147    0.000454791
148    0.000426288
149    0.000313024
150    0.000410005
151    0.000378614
152    0.000413661
153    0.000371983
154    0.000374797
155    0.000363476
156    0.000358232
157    0.000314941
158    0.000266434
159    0.000267765
160    0.000298942
161    0.000310395
162    0.000329099
163    0.000322812
164    0.000328315
165    0.000263766
166    0.000263448
167    0.000315784
168    0.000246422
169    0.000286062
170    0.000281886
171    0.000305755
172    0.000329532
173    0.000244198
174    0.000253866
175     0.00024107
176    0.000267343
177    0.000259407
178    0.000286658
179    0.000314835
180    0.000277959
181     0.00022908
182    0.000250762
183    0.000275738
184    0.000283018
185    0.000288939
186    0.000293799
187    0.000212579
188     0.00024571
189    0.000160186
190    0.000224101
191    0.000175545
192    0.000206635
193    0.000180462
194    0.000218518
195    0.000202031
196    0.000209587
197    0.000226493
198    0.000196679
199    0.000236256
200    0.000241534
201    0.000235074
202     0.00021613
203    0.000238334
204    0.000206346
205    0.000201707
206     0.00025076
207    0.000238978
208    0.000215671
209    0.000259619
210    0.000224995
211    0.000225718
212    0.000213248
213     0.00016629
214    0.000210569
215    0.000197571
216    0.000189021
217      0.0002151
218    0.000201789
219    0.000219622
220    0.000184043
221    0.000197159
222    0.000186759
223    0.000186446
224    0.000169988
225    0.000184047
226    0.000172491
227    0.000176389
228    0.000195916
229     0.00015782
230    0.000161908
231    0.000140816
232    0.000178264
233    0.000168964
234    0.000139735
235    0.000153116
236    0.000111348
237    0.000151066
238    0.000163175
239    0.000157043
240    0.000159277
241    0.000130416
242    0.000109237
243    0.000128547
244    0.000155909
245    0.000163514
246    0.000147206
247    0.000137894
248    0.000124915
249    0.000158238
250    0.000141984
251     0.00016321
252    0.000136019
253    0.000125038
254    0.000128789
255    0.000131673
256    0.000124223
257    0.000129018
258    0.000108948
259     0.00011916
260    0.000129296
261    0.000108358
262     0.00010157
263    0.000102525
264    0.000100159
265    9.77713e-05
266    8.85218e-05
267    8.77343e-05
268    0.000103829
269    9.30054e-05
270    9.74992e-05
271    0.000105235
272    9.64013e-05
273    8.57082e-05
274    9.58489e-05
275    0.000108021
276    0.000106381
277    0.000140385
278    0.000102712
279     9.3112e-05
280    0.000101117
281    7.24087e-05
282    0.000109776
283    0.000102184
284    0.000114879
285    0.000138591
286    0.000128484
287    0.000107704
288    0.000125832
289    0.000124139
290    0.000123029
291    0.000118652
292    0.000124049
293    9.14085e-05
294    9.48044e-05
295    8.13497e-05
296    7.73242e-05
297    9.37927e-05
298    8.94505e-05
299    8.79353e-05
300    0.000101425
301    9.94867e-05
302     9.5296e-05
303    7.38313e-05
304    9.22805e-05
305    7.58066e-05
306    7.61311e-05
307    8.97885e-05
308     7.8173e-05
309    9.05158e-05
310    9.64733e-05
311     0.00010377
312    7.96021e-05
313    8.73061e-05
314    7.31851e-05
315     7.4105e-05
316    8.55842e-05
317     7.6633e-05
318    9.15107e-05
319    0.000103312
320     9.2106e-05
321    8.95604e-05
322     7.7053e-05
323    7.33731e-05
324    9.43525e-05
325    9.07398e-05
326    8.27817e-05
327    8.86268e-05
328     8.5758e-05
329    8.75948e-05
330    8.54255e-05
331    8.19172e-05
332    8.21903e-05
333    9.10987e-05
334    9.71451e-05
335    8.83043e-05
336    8.13597e-05
337    8.04097e-05
338     6.8575e-05
339    6.17742e-05
340    7.30128e-05
341    7.63807e-05
342    6.82804e-05
343    7.34721e-05
344    6.94417e-05
345     8.3287e-05
346    6.80782e-05
347    7.42405e-05
348    7.24908e-05
349    7.03932e-05
350    7.31566e-05
351    7.83438e-05
352    9.38268e-05
353    8.79998e-05
354     9.7465e-05
355    9.84064e-05
356    8.88131e-05
357    6.52404e-05
358    9.32629e-05
359    7.39507e-05
360    8.56255e-05
361    8.89373e-05
362    6.96321e-05
363    8.20245e-05
364     8.9859e-05
365    7.76304e-05
366     9.2529e-05
367       7.73e-05
368     7.4355e-05
369    7.04289e-05
370    7.55189e-05
371     8.2344e-05
372    7.85718e-05
373    8.96822e-05
374    7.83038e-05
375    7.28262e-05
376    8.58504e-05
377    7.90583e-05
378    7.44819e-05
379     7.0916e-05
380    7.28009e-05
381    6.17893e-05
382    8.39924e-05
383    6.08019e-05
384    7.99688e-05
385    8.07125e-05
386     8.2295e-05
387     6.1891e-05
388    8.49316e-05
389     6.1979e-05
390    6.14539e-05
391    7.23108e-05
392    6.56072e-05
393    7.01331e-05
394    6.24254e-05
395    6.43591e-05
396    5.98889e-05
397    7.93686e-05
398    5.70508e-05
399    6.91825e-05
400    6.19928e-05
401    6.74577e-05
402    5.87221e-05
403    6.37014e-05
404    6.00433e-05
405    5.11433e-05
406    5.93721e-05
407    5.65659e-05
408    7.32497e-05
409    5.90374e-05
410    5.34075e-05
411    6.63332e-05
412     6.9558e-05
413    6.01498e-05
414    7.16306e-05
415    6.96447e-05
416    5.69498e-05
417    6.67093e-05
418    5.86172e-05
419    6.26443e-05
420    6.88792e-05
421    8.19423e-05
422    7.04313e-05
423    7.19416e-05
424    5.97568e-05
425    7.85515e-05
426    6.69251e-05
427    6.94433e-05
428    7.10185e-05
429     6.8078e-05
430    6.03325e-05
431    6.59802e-05
432    6.18418e-05
433    6.24022e-05
434    6.63175e-05
435    6.44944e-05
436    6.95843e-05
437    5.53529e-05
438    5.69694e-05
439    5.91085e-05
440    6.04974e-05
441    5.67428e-05
442    5.05396e-05
443    5.22444e-05
444     4.5015e-05
445    5.54363e-05
446    5.18849e-05
447    5.11446e-05
448    5.48255e-05
449    3.80015e-05
450     5.3235e-05
451    7.37227e-05
452    4.99589e-05
453    6.02839e-05
454    5.23431e-05
455    4.17399e-05
456    4.70589e-05
457    4.36417e-05
458    6.92509e-05
459    5.48205e-05
460     5.4504e-05
461    5.96503e-05
462     5.2889e-05
463    5.63419e-05
464    5.98381e-05
465    5.35407e-05
466    4.78892e-05
467    4.07283e-05
468    4.87432e-05
469    6.07588e-05
470    5.54924e-05
471    5.08809e-05
472    6.09554e-05
473    5.31713e-05
474    5.57767e-05
475    4.80335e-05
476    5.83066e-05
477    6.67284e-05
478    6.35109e-05
479    5.29553e-05
480    5.91891e-05
481    6.29963e-05
482    4.89524e-05
483    5.07104e-05
484    5.74092e-05
485    4.99033e-05
486    5.93499e-05
487    7.09138e-05
488     5.5267e-05
489    5.53854e-05
490    4.96253e-05
491      5.149e-05
492    5.29459e-05
493    6.32491e-05
494    6.23191e-05
495    4.63007e-05
496    5.35369e-05
497    5.08696e-05
498    6.25142e-05
499    6.00775e-05
500    4.73832e-05
501    5.21704e-05
502    4.74195e-05
503    5.42015e-05
504    6.32452e-05
505    5.72998e-05
506     6.2006e-05
507    7.63357e-05
508    7.28142e-05
509    7.06021e-05
510    7.86882e-05
511    6.69664e-05
512    6.45891e-05
