0        40.4381
1        1.36075
2       0.805981
3       0.462004
4      0.0477716
5      0.0382291
6      0.0242166
7      0.0185916
8      0.0194107
9     0.00762149
10     0.00524973
11     0.00351598
12     0.00663745
13     0.00307484
14     0.00643797
15     0.00364618
16     0.00267891
17     0.00356117
18     0.00350325
19     0.00417115
20     0.00270854
21     0.00194781
22     0.00220195
23     0.00139188
24    0.000946715
25     0.00109873
26     0.00153357
27     0.00156801
28     0.00145947
29    0.000874728
30     0.00134403
31    0.000898911
32     0.00118496
33    0.000709722
34      0.0011974
35    0.000834875
36     0.00126102
37     0.00111224
38     0.00127201
39     0.00131071
40      0.0010061
41    0.000882017
42     0.00104989
43      0.0009112
44    0.000866608
45    0.000749851
46    0.000694671
47    0.000783629
48    0.000531223
49    0.000581494
50    0.000742001
51    0.000542288
52    0.000584945
53    0.000620074
54    0.000558219
55    0.000605294
56    0.000646743
57    0.000519616
58    0.000463349
59    0.000472234
60    0.000354713
61    0.000285453
62    0.000282481
63    0.000290461
64    0.000292635
65    0.000334618
66    0.000320189
67    0.000253066
68     0.00029096
69    0.000343847
70    0.000337554
71    0.000330413
72    0.000268642
73    0.000330928
74    0.000293196
75    0.000276536
76    0.000209792
77    0.000216571
78    0.000170373
79    0.000178775
80    0.000173554
81     0.00017233
82    0.000187704
83    0.000160235
84    0.000182358
85    0.000150649
86    0.000140083
87    0.000131759
88    0.000144241
89    0.000164591
90    0.000193514
91    0.000164536
92    0.000196563
93    0.000175952
94    0.000171267
95    9.81444e-05
96    0.000135548
97     0.00010373
98    9.53166e-05
99    9.55999e-05
100    9.07218e-05
101    6.48852e-05
102    0.000107597
103    7.79512e-05
104    0.000106716
105    8.04502e-05
106    9.17308e-05
107    7.93661e-05
108    9.91303e-05
109    7.93512e-05
110    7.13743e-05
111    6.78211e-05
112    7.88985e-05
113    6.45807e-05
114    7.18344e-05
115    6.42716e-05
116    5.69831e-05
117    6.44533e-05
118    6.83758e-05
119    5.04325e-05
120    7.01779e-05
121    5.39444e-05
122    5.81309e-05
123     5.4503e-05
124    6.22944e-05
125    5.61619e-05
126     5.9824e-05
127    5.74908e-05
128    5.40215e-05
129    5.52189e-05
130    5.78885e-05
131    5.23239e-05
132    6.26028e-05
133    3.94033e-05
134    4.63209e-05
135    4.57775e-05
136    5.07905e-05
137    4.78935e-05
138    5.49378e-05
139    4.75505e-05
140    5.11927e-05
141    4.85026e-05
142     3.5194e-05
143    3.94969e-05
144    3.78267e-05
145    4.98979e-05
146    3.69436e-05
147    3.80843e-05
148    3.43689e-05
149    3.24536e-05
150    3.14646e-05
151    3.16914e-05
152    3.64822e-05
153    3.18905e-05
154    3.35696e-05
155    2.93349e-05
156    3.73845e-05
157    3.22373e-05
158    2.63813e-05
159    2.50281e-05
160    3.52009e-05
161    2.49088e-05
162    2.94097e-05
163    3.37346e-05
164    3.09656e-05
165     2.6295e-05
166    2.71071e-05
167    2.39965e-05
168    2.64753e-05
169    2.91031e-05
170    2.80776e-05
171     3.0652e-05
172    2.76779e-05
173    3.55615e-05
174      2.937e-05
175    3.44416e-05
176    2.75239e-05
177    3.44715e-05
178    2.97405e-05
179    2.82645e-05
180    3.19309e-05
181    3.12412e-05
182     3.0217e-05
183    2.92977e-05
184    2.94482e-05
185    2.65696e-05
186    3.27873e-05
187    3.08341e-05
188    3.02825e-05
189    2.84274e-05
190    2.93054e-05
191    3.05579e-05
192    2.65683e-05
193     2.3454e-05
194    3.38571e-05
195    2.99171e-05
196     3.4401e-05
197    2.90489e-05
198    3.06079e-05
199    3.33689e-05
200     2.9835e-05
201      3.214e-05
202    3.26095e-05
203    2.95906e-05
204    2.68598e-05
205    3.00907e-05
206    3.34366e-05
207    3.36727e-05
208    2.66041e-05
209    2.73478e-05
210     2.6147e-05
211    2.37361e-05
212    2.18928e-05
213    2.43101e-05
214    2.77165e-05
215     2.1688e-05
216    2.74663e-05
217    2.22719e-05
218    2.58241e-05
219    3.03059e-05
220    2.60451e-05
221    2.32898e-05
222    2.51896e-05
223    2.25951e-05
224    2.66098e-05
225    2.28254e-05
226    2.74048e-05
227    2.52277e-05
228    2.28729e-05
229    2.16813e-05
230     2.3621e-05
231    2.06232e-05
232    2.00263e-05
233    2.36164e-05
234    2.35596e-05
235    2.29165e-05
236    2.34837e-05
237    2.00505e-05
238    1.94091e-05
239    2.40016e-05
240    2.12578e-05
241    1.90343e-05
242    2.03859e-05
243    1.95557e-05
244    1.96591e-05
245    1.81602e-05
246    1.62099e-05
247    1.90762e-05
248     2.0072e-05
249    2.30543e-05
250    1.93122e-05
251    1.82588e-05
252    2.01971e-05
253    2.17287e-05
254    1.56452e-05
255    1.65543e-05
256    1.95671e-05
257    1.63611e-05
258    1.94195e-05
259    1.74976e-05
260    1.62204e-05
261    1.63631e-05
262    1.80137e-05
263    1.62498e-05
264    1.52981e-05
265      1.814e-05
266    1.18827e-05
267    1.27696e-05
268    1.43901e-05
269    1.23661e-05
270    1.33892e-05
271    1.27058e-05
272    1.77764e-05
273    1.54177e-05
274    1.71897e-05
275    1.18443e-05
276    1.18013e-05
277    1.38171e-05
278     1.4601e-05
279    1.24646e-05
280    1.35313e-05
281     1.3371e-05
282    1.33603e-05
283    1.23202e-05
284    1.13396e-05
285    1.28266e-05
286    1.20651e-05
287    1.25073e-05
288    1.40384e-05
289    1.45736e-05
290    1.50326e-05
291    1.25409e-05
292    1.40505e-05
293    1.26731e-05
294    1.22485e-05
295    1.20919e-05
296    1.37451e-05
297    1.26332e-05
298    1.24099e-05
299    1.45612e-05
300      1.329e-05
301    1.18586e-05
302    1.17535e-05
303    9.61584e-06
304    1.20445e-05
305    1.09626e-05
306    1.42475e-05
307    1.04595e-05
308    1.20102e-05
309    1.39829e-05
310    1.19491e-05
311    1.16821e-05
312    1.27794e-05
313     1.3175e-05
314    1.15784e-05
315    1.28793e-05
316    1.23027e-05
317    1.33093e-05
318    1.13346e-05
319    1.20602e-05
320    1.33203e-05
321    1.31779e-05
322    1.19109e-05
323    1.34171e-05
324    1.33502e-05
325    1.35458e-05
326    1.35967e-05
327    1.32347e-05
328    1.22082e-05
329    1.32166e-05
330    1.33398e-05
331    1.18508e-05
332    1.17583e-05
333    1.41577e-05
334    1.27148e-05
335    1.12352e-05
336     1.3442e-05
337    9.58209e-06
338    1.35267e-05
339    1.10981e-05
340     1.0541e-05
341    1.24921e-05
342    1.12742e-05
343    1.20021e-05
344    1.21263e-05
345     1.0735e-05
346     1.2513e-05
347    1.10544e-05
348    1.11841e-05
349    1.27635e-05
350    1.13374e-05
351    1.02987e-05
352    9.90839e-06
353    1.24716e-05
354    1.04439e-05
355    1.06589e-05
356    1.12788e-05
357    1.04301e-05
358    1.13104e-05
359    1.15961e-05
360    1.18592e-05
361    1.13116e-05
362    1.11944e-05
363    1.02603e-05
364    1.09263e-05
365    8.66955e-06
366    1.03833e-05
367    7.41585e-06
368    9.44794e-06
369     9.8166e-06
370    1.13521e-05
371    1.07147e-05
372    9.55188e-06
373    9.72262e-06
374     1.0352e-05
375    1.08167e-05
376    9.88106e-06
377    9.02161e-06
378     8.8373e-06
379    9.09012e-06
380     9.9616e-06
381    9.10905e-06
382    8.75052e-06
383    8.47668e-06
384    9.84517e-06
385    8.58997e-06
386    1.00105e-05
387    9.11506e-06
388    9.20912e-06
389    9.93972e-06
390    8.59337e-06
391    8.46834e-06
392    8.22961e-06
393    7.18845e-06
394    8.61113e-06
395    6.68887e-06
396    8.97603e-06
397    8.33839e-06
398    1.02542e-05
399    7.76141e-06
400    8.63248e-06
401    6.56394e-06
402    9.13876e-06
403     8.6837e-06
404    9.17534e-06
405    8.86368e-06
406    9.77226e-06
407    7.74018e-06
408    7.97148e-06
409    8.34068e-06
410    8.73645e-06
411    7.53696e-06
412    7.58121e-06
413    6.78856e-06
414    7.16687e-06
415    6.79379e-06
416    7.58042e-06
417    7.37279e-06
418    7.19914e-06
419     6.6828e-06
420    8.20236e-06
421    6.55385e-06
422    5.68149e-06
423    7.77841e-06
424     7.0234e-06
425    6.17227e-06
426    7.52691e-06
427    6.77589e-06
428    7.61655e-06
429    7.44345e-06
430     7.2423e-06
431    6.89413e-06
432    6.53898e-06
433    7.23457e-06
434    6.15943e-06
435     8.1345e-06
436    8.61055e-06
437    7.77645e-06
438     7.4192e-06
439    7.32804e-06
440    6.56371e-06
441    6.91892e-06
442    6.24649e-06
443    8.16965e-06
444    6.06949e-06
445    6.07333e-06
446    6.89879e-06
447    6.96931e-06
448    7.58288e-06
449    8.88603e-06
450      5.586e-06
451    6.76448e-06
452     7.4014e-06
453    5.98446e-06
454    6.89351e-06
455    7.20317e-06
456    6.91874e-06
457    7.59923e-06
458    7.62339e-06
459    6.67985e-06
460     6.7872e-06
461    5.91799e-06
462    5.81741e-06
463    5.45139e-06
464    4.92931e-06
465    5.91887e-06
466    6.38279e-06
467    5.93458e-06
468     6.8924e-06
469    7.49357e-06
470    6.76424e-06
471    6.51808e-06
472    5.03848e-06
473    6.44036e-06
474    6.35307e-06
475    5.54742e-06
476    7.20568e-06
477    4.87149e-06
478    6.03869e-06
479    5.20183e-06
480    6.59779e-06
481    6.72676e-06
482    6.57718e-06
483      6.672e-06
484    6.71189e-06
485    5.98067e-06
486    5.92133e-06
487    5.91213e-06
488    5.78909e-06
489     5.7887e-06
490    5.77258e-06
491    7.18122e-06
492    7.74859e-06
493    6.52362e-06
494    6.11969e-06
495     6.1951e-06
496    7.09628e-06
497    7.14656e-06
498    6.53645e-06
499    6.75699e-06
500    5.40816e-06
501    5.98891e-06
502    5.75251e-06
503    6.81673e-06
504    6.02713e-06
505    5.78241e-06
506     5.2055e-06
507    4.87332e-06
508    5.47352e-06
509    4.65385e-06
510      5.627e-06
511    5.90852e-06
512    5.53183e-06
