0          41.27
1        1.27402
2       0.746008
3       0.441027
4      0.0395381
5      0.0374916
6      0.0200598
7      0.0140691
8      0.0158316
9     0.00697523
10     0.00408119
11     0.00243722
12     0.00558656
13     0.00349622
14     0.00471985
15     0.00352032
16      0.0019613
17     0.00278077
18     0.00318399
19     0.00333162
20     0.00212859
21     0.00137596
22     0.00158168
23     0.00108649
24    0.000785024
25    0.000737567
26     0.00138183
27     0.00118268
28     0.00123636
29    0.000633038
30     0.00118122
31    0.000633585
32    0.000961882
33    0.000485527
34    0.000871067
35    0.000514303
36    0.000855358
37    0.000975136
38     0.00108855
39     0.00126619
40    0.000816485
41    0.000687758
42    0.000811313
43    0.000630597
44    0.000651893
45    0.000604198
46    0.000690895
47    0.000662938
48    0.000414852
49     0.00046273
50    0.000560554
51    0.000450856
52    0.000516898
53    0.000610999
54    0.000424703
55    0.000424155
56    0.000521265
57    0.000411899
58     0.00039506
59    0.000355447
60    0.000270349
61     0.00020103
62    0.000218963
63    0.000264222
64    0.000199999
65     0.00025484
66    0.000261208
67    0.000179539
68    0.000272037
69    0.000275979
70    0.000325979
71    0.000252277
72    0.000231424
73    0.000278184
74    0.000242634
75    0.000245655
76    0.000184503
77      0.0001567
78    0.000154344
79    0.000123378
80    0.000111554
81     0.00012702
82    0.000129087
83    0.000135285
84    0.000116174
85    9.76836e-05
86     9.9695e-05
87    8.78097e-05
88    0.000107593
89    0.000139816
90    0.000168707
91    0.000110512
92    0.000141898
93     0.00011275
94    0.000117168
95    7.02014e-05
96    8.81723e-05
97    7.93516e-05
98      7.049e-05
99    5.30536e-05
100    5.61135e-05
101    3.68293e-05
102    4.68748e-05
103    4.02102e-05
104     4.5765e-05
105    3.62854e-05
106    5.22573e-05
107    3.85727e-05
108    5.75688e-05
109    3.58515e-05
110    4.88738e-05
111    3.62053e-05
112    4.28143e-05
113    3.56977e-05
114    3.11876e-05
115    2.79123e-05
116    2.80886e-05
117     1.7335e-05
118    2.12443e-05
119    1.98677e-05
120    2.43813e-05
121    2.66052e-05
122    1.77754e-05
123    1.71686e-05
124    2.83125e-05
125    2.04411e-05
126    2.56668e-05
127    1.69264e-05
128    1.13149e-05
129    2.05796e-05
130    1.39184e-05
131    1.63418e-05
132    1.58284e-05
133    1.13578e-05
134    1.49813e-05
135    1.20024e-05
136    1.62088e-05
137    1.58556e-05
138    1.63968e-05
139    1.59849e-05
140    1.86901e-05
141    2.07531e-05
142     1.2459e-05
143    1.49144e-05
144    1.20597e-05
145    2.34242e-05
146    1.82567e-05
147    1.58455e-05
148    2.05053e-05
149    7.65905e-06
150     1.3466e-05
151    1.19253e-05
152    1.02088e-05
153    1.20166e-06
154    6.57365e-06
155    6.89668e-06
156    4.93762e-06
157    1.28068e-05
158    4.12756e-06
159    7.29679e-06
160    3.86534e-06
161    2.94301e-06
162    1.06077e-05
163    8.11349e-06
164    5.51306e-06
165    1.04776e-05
166    6.33549e-06
167    8.38795e-06
168    1.10193e-05
169    1.06779e-05
170    1.00786e-05
171    7.06352e-06
172    5.08553e-06
173    8.08195e-06
174     3.4159e-06
175    9.18414e-06
176    4.46951e-06
177    9.69096e-06
178     6.0712e-06
179    2.80228e-06
180    5.60327e-06
181    9.96786e-06
182    1.20246e-05
183    8.03993e-06
184    9.80181e-06
185    8.69882e-06
186    9.28068e-06
187    1.60969e-05
188    1.11021e-05
189     1.3628e-05
190    1.28715e-05
191    5.82276e-06
192     4.5012e-06
193    1.04796e-05
194    1.37524e-05
195    1.12529e-05
196    1.58141e-05
197     1.0421e-05
198     9.0004e-06
199    1.15351e-05
200    1.16187e-05
201    1.46716e-05
202     1.5901e-05
203     1.3912e-05
204    1.07436e-05
205    1.63497e-05
206    1.50849e-05
207    1.67889e-05
208    1.12267e-05
209    1.25555e-05
210    9.36908e-06
211      8.602e-06
212    8.39026e-06
213    9.76353e-06
214    1.00899e-05
215    1.01257e-05
216    1.01385e-05
217    8.73855e-06
218    8.53443e-06
219    8.57087e-06
220    7.20632e-06
221    7.97656e-06
222    9.81744e-06
223    9.86174e-06
224    8.65853e-06
225    4.04405e-06
226    8.11776e-06
227    7.40822e-06
228    7.86499e-06
229     6.4283e-06
230    7.58249e-06
231    4.00523e-06
232    8.49668e-06
233    7.75283e-06
234    3.92365e-06
235    7.34687e-06
236    5.08683e-06
237    6.44124e-06
238    9.41675e-06
239    7.45945e-06
240      6.983e-06
241     6.6488e-06
242    4.76098e-06
243    5.50257e-06
244    6.21081e-06
245    6.32956e-06
246    4.44004e-06
247    3.79862e-06
248    7.84007e-06
249     5.3052e-06
250     4.0678e-06
251    3.67409e-06
252     2.7144e-06
253    5.18204e-06
254    9.56895e-07
255    7.78205e-07
256    2.95734e-06
257    4.74464e-06
258    3.64568e-06
259    3.21582e-06
260    4.85482e-06
261      3.729e-06
262    3.94386e-06
263    2.85797e-06
264    3.81616e-06
265    2.36379e-06
266    3.19786e-06
267    6.42984e-07
268    2.85898e-06
269    1.88282e-06
270    2.42187e-06
271    1.73683e-06
272     2.4392e-06
273    5.69275e-08
274    1.02288e-06
275   -1.35308e-06
276    5.26792e-07
277    1.80073e-06
278    1.10245e-06
279    1.62567e-06
280    1.83924e-06
281    3.29719e-06
282     3.8474e-06
283    3.87378e-06
284     3.1335e-06
285    2.88369e-06
286    1.82642e-06
287    1.47931e-06
288    1.60464e-06
289    2.28172e-06
290    8.46629e-07
291    9.21113e-07
292    1.33349e-06
293    1.53398e-07
294    1.41672e-07
295    3.15807e-06
296    2.84569e-06
297    2.27666e-06
298    1.50008e-06
299    4.18215e-06
300    1.38482e-06
301    2.20128e-06
302    6.48399e-07
303     1.2322e-06
304    3.16531e-06
305    2.32614e-06
306    5.12872e-07
307     4.0706e-06
308    2.92159e-06
309    2.52581e-06
310    1.90873e-07
311    1.89234e-06
312    1.75703e-06
313    1.57114e-06
314    7.28292e-07
315    1.60484e-06
316    2.23741e-06
317    2.67694e-06
318    2.76204e-06
319    3.10761e-06
320    4.26375e-06
321    3.70152e-06
322    3.75037e-06
323    2.17188e-06
324    3.39799e-06
325    3.18629e-06
326    3.51917e-06
327      2.197e-06
328    3.25305e-06
329    2.45879e-06
330    3.22717e-06
331    1.26702e-06
332    2.62837e-06
333    2.36445e-06
334    3.31507e-06
335      1.633e-06
336    1.87347e-06
337    2.64398e-06
338    1.41958e-06
339    2.07002e-06
340    2.92098e-06
341    2.74681e-06
342    3.36861e-06
343     2.3634e-06
344    2.32781e-06
345    2.11668e-06
346     2.8868e-06
347    2.58498e-06
348    1.82604e-06
349     2.5489e-06
350    3.81294e-06
351    3.56296e-06
352    3.87227e-06
353    4.25579e-06
354    4.51703e-06
355    2.46497e-06
356    2.79105e-06
357    2.47755e-06
358    1.71858e-06
359    1.62683e-06
360    3.48377e-06
361    2.42728e-06
362    3.46408e-06
363    2.10206e-06
364    1.83763e-06
365    2.14678e-06
366    2.52382e-06
367     1.8431e-06
368    1.65256e-06
369    1.67692e-06
370    1.95516e-06
371    3.54297e-06
372    2.33512e-06
373    1.20769e-06
374    1.28484e-06
375    1.26534e-06
376    2.55554e-06
377    1.76178e-06
378    2.37162e-06
379    1.11549e-06
380    1.57076e-06
381    1.18088e-06
382    8.98781e-07
383    6.45949e-07
384    2.06896e-06
385    1.45377e-06
386    1.73147e-06
387    1.50883e-06
388    2.02452e-06
389    1.51497e-06
390    1.59287e-06
391    6.71359e-07
392    7.17172e-07
393    2.30266e-06
394    9.54147e-07
395    2.57509e-08
396    1.55595e-06
397    2.22803e-07
398    1.41757e-06
399    5.23201e-07
400    1.20891e-06
401    8.72143e-07
402     1.2985e-06
403    8.55353e-07
404    1.46046e-06
405    1.44844e-06
406    2.05869e-06
407    1.00589e-06
408      3.939e-07
409      1.424e-06
410    1.21955e-06
411    2.13455e-06
412    1.03598e-06
413    9.24444e-07
414    1.17989e-06
415    1.21424e-06
416    5.05485e-07
417    4.52568e-07
418   -7.18973e-07
419    4.12173e-07
420    8.70321e-07
421    -1.1833e-07
422    1.42676e-06
423    6.37384e-07
424    1.99755e-06
425    1.39726e-06
426   -3.04038e-07
427    1.31854e-06
428    1.36418e-06
429    1.27158e-06
430    1.08717e-06
431    7.54141e-07
432   -9.81539e-07
433    -1.9139e-07
434    3.62934e-07
435     5.4972e-07
436    1.07201e-06
437    2.20365e-06
438    1.04926e-06
439    2.19177e-07
440    2.72005e-07
441    4.93054e-07
442     2.8746e-07
443    9.33392e-07
444   -2.10559e-08
445    6.87508e-07
446    5.37453e-07
447    5.92732e-07
448    7.87613e-07
449    5.98387e-07
450    1.35323e-06
451    1.04595e-06
452    3.75769e-07
453    7.74745e-07
454    9.41746e-07
455    6.74758e-07
456     1.8223e-06
457    1.30589e-06
458    1.54757e-06
459    6.80007e-07
460     5.9468e-07
461    1.43366e-06
462    5.08478e-07
463    1.23503e-06
464    1.28735e-06
465    8.75649e-07
466    5.02719e-07
467   -4.19813e-07
468    1.80465e-06
469    1.69944e-06
470    1.60276e-06
471    1.34036e-06
472    1.46898e-06
473    2.42836e-06
474    1.25259e-06
475     9.7368e-07
476    1.69476e-06
477    6.18945e-07
478    9.15488e-07
479    1.23239e-06
480    1.51025e-06
481     1.4307e-06
482    5.88995e-07
483    1.43762e-06
484   -1.36917e-07
485    9.95947e-08
486     1.6697e-06
487    1.20844e-06
488    1.45101e-06
489     4.2729e-07
490    1.78868e-06
491    8.14597e-07
492    2.04465e-06
493    2.00895e-06
494    9.54453e-07
495    1.17174e-06
496     7.5766e-07
497     1.6407e-06
498    1.77464e-06
499    8.79089e-07
500    2.46688e-06
501    1.30427e-06
502    2.14207e-06
503    1.74864e-06
504    7.13611e-07
505    1.32835e-06
506    5.31498e-07
507   -1.23997e-07
508    5.15032e-07
509    6.47195e-07
510    1.20636e-06
511    3.51853e-07
512    9.03708e-07
