0        37.9795
1        1.54715
2       0.951412
3       0.577905
4      0.0595682
5      0.0531918
6      0.0235511
7      0.0174841
8      0.0171174
9      0.0105271
10      0.0049333
11     0.00356618
12     0.00541569
13     0.00390908
14     0.00446547
15     0.00371096
16     0.00282684
17     0.00300627
18     0.00325671
19     0.00325869
20     0.00302918
21     0.00237057
22     0.00209631
23     0.00122677
24    0.000962662
25    0.000904822
26     0.00164905
27     0.00125601
28     0.00117174
29     0.00113269
30     0.00132378
31    0.000839619
32     0.00124058
33    0.000809823
34     0.00126834
35    0.000627727
36    0.000966394
37    0.000993627
38     0.00125328
39     0.00133884
40     0.00111232
41    0.000929581
42    0.000947805
43     0.00078247
44    0.000905357
45    0.000895875
46     0.00086532
47    0.000745009
48    0.000645055
49    0.000537847
50     0.00069055
51    0.000566629
52    0.000716569
53     0.00073368
54    0.000578165
55    0.000589543
56    0.000541184
57    0.000508329
58    0.000481858
59    0.000482696
60     0.00045888
61    0.000427046
62    0.000281345
63    0.000373763
64    0.000347519
65    0.000297604
66    0.000364699
67    0.000264596
68    0.000383048
69    0.000305034
70    0.000353781
71     0.00032889
72    0.000313685
73    0.000316874
74    0.000284925
75    0.000308821
76    0.000262748
77    0.000231901
78    0.000240032
79    0.000195805
80     0.00019273
81    0.000188216
82    0.000227532
83    0.000209849
84    0.000195976
85    0.000166607
86    0.000153785
87    0.000134771
88    0.000147461
89    0.000143816
90    0.000163452
91     0.00014602
92    0.000161315
93    0.000162183
94    0.000151876
95    0.000135276
96    0.000142331
97    0.000116007
98    0.000142151
99    0.000100555
100    9.79563e-05
101    8.44088e-05
102    0.000106894
103    9.62057e-05
104    9.86306e-05
105    9.57758e-05
106    8.53189e-05
107    7.00728e-05
108    7.36919e-05
109    6.89017e-05
110    8.38906e-05
111    7.30882e-05
112    7.34731e-05
113    7.05402e-05
114    7.80728e-05
115    6.05329e-05
116    5.69275e-05
117    6.03304e-05
118    5.87974e-05
119    5.57165e-05
120    5.30102e-05
121    5.59769e-05
122    4.91531e-05
123    5.07027e-05
124     5.6183e-05
125     4.8554e-05
126    4.39575e-05
127    4.20727e-05
128    3.85709e-05
129    4.75431e-05
130    4.50481e-05
131    5.17734e-05
132    3.90464e-05
133    4.64915e-05
134    4.62734e-05
135    4.52555e-05
136    3.76168e-05
137    3.69375e-05
138    4.34448e-05
139    3.32002e-05
140    3.76051e-05
141    4.19444e-05
142    3.93126e-05
143    3.97875e-05
144    4.09709e-05
145    3.77083e-05
146    3.08816e-05
147    3.02679e-05
148      3.234e-05
149    2.73729e-05
150    2.77452e-05
151    2.95746e-05
152    3.41246e-05
153    3.01074e-05
154    2.52724e-05
155    2.81103e-05
156    2.93166e-05
157    2.73946e-05
158    2.89153e-05
159     2.6814e-05
160     2.8719e-05
161    2.96714e-05
162    2.57194e-05
163    3.05441e-05
164    3.04283e-05
165    2.72365e-05
166    2.81132e-05
167    3.05098e-05
168    3.21341e-05
169    2.72742e-05
170    2.94137e-05
171     3.1253e-05
172    2.21482e-05
173    2.45201e-05
174    2.45065e-05
175    2.68596e-05
176    2.58856e-05
177    2.59843e-05
178    2.03382e-05
179     2.3923e-05
180    2.74472e-05
181    2.90796e-05
182    2.88956e-05
183    2.93436e-05
184    2.67837e-05
185    2.38983e-05
186    2.60348e-05
187    2.33029e-05
188    2.74659e-05
189    2.20547e-05
190    2.42054e-05
191    2.97185e-05
192    2.21967e-05
193    2.69903e-05
194    2.45484e-05
195    2.76655e-05
196    2.58188e-05
197    2.33572e-05
198    2.41858e-05
199    2.38135e-05
200    2.22312e-05
201    2.57237e-05
202    2.31261e-05
203     2.3894e-05
204    2.22032e-05
205    2.30435e-05
206    2.03731e-05
207    2.37682e-05
208     2.3546e-05
209    2.36628e-05
210     2.3518e-05
211    2.11583e-05
212    2.41261e-05
213    2.32297e-05
214    2.59951e-05
215    2.10054e-05
216    2.30352e-05
217    2.11599e-05
218     2.8125e-05
219    2.13123e-05
220    2.47355e-05
221    2.19542e-05
222     2.2884e-05
223    2.06019e-05
224    2.09284e-05
225    2.05524e-05
226    2.00538e-05
227    1.74138e-05
228    1.82195e-05
229    1.39791e-05
230    1.71386e-05
231    1.63317e-05
232    1.74061e-05
233    1.65577e-05
234    1.77434e-05
235    1.66148e-05
236    1.77496e-05
237    1.65248e-05
238    1.58573e-05
239    1.82056e-05
240    2.11112e-05
241     1.4736e-05
242    1.83123e-05
243    1.80845e-05
244    2.15551e-05
245    1.64741e-05
246     1.3851e-05
247    1.21531e-05
248    1.80867e-05
249     1.4228e-05
250    1.62837e-05
251    1.67466e-05
252    1.46514e-05
253    1.20614e-05
254    1.45636e-05
255    1.26424e-05
256     1.4934e-05
257    1.40251e-05
258    1.52613e-05
259    1.48544e-05
260    1.38974e-05
261    1.25967e-05
262     1.2472e-05
263    1.17597e-05
264    1.06313e-05
265    1.21764e-05
266    1.37173e-05
267    1.06389e-05
268    1.24721e-05
269    1.18394e-05
270    1.01141e-05
271    1.22579e-05
272    8.74573e-06
273    1.09928e-05
274    1.15605e-05
275    1.03061e-05
276    1.22407e-05
277    1.09277e-05
278    1.32579e-05
279    1.13194e-05
280    1.04214e-05
281    9.15508e-06
282    1.18212e-05
283    1.15352e-05
284    9.72827e-06
285    1.05175e-05
286    9.45371e-06
287    1.06832e-05
288    9.22771e-06
289    1.14901e-05
290    1.12891e-05
291     1.0409e-05
292    1.12798e-05
293    1.05698e-05
294    1.06501e-05
295    1.16084e-05
296      1.182e-05
297    1.03987e-05
298    1.06844e-05
299     1.1933e-05
300    1.08984e-05
301    1.01773e-05
302    9.64862e-06
303    9.28336e-06
304    1.04056e-05
305    8.69597e-06
306    9.12407e-06
307    1.00603e-05
308    1.21007e-05
309    9.38594e-06
310    9.08041e-06
311    9.87983e-06
312     8.9897e-06
313    7.82406e-06
314    9.87695e-06
315    8.54861e-06
316    1.06276e-05
317    1.15681e-05
318     1.0476e-05
319    8.44844e-06
320    1.01531e-05
321    9.23088e-06
322    9.96164e-06
323    1.00642e-05
324     1.0059e-05
325    8.97112e-06
326    9.34445e-06
327    9.14869e-06
328    1.02406e-05
329    1.07326e-05
330    1.20867e-05
331    1.00866e-05
332    9.88705e-06
333    9.27532e-06
334    9.05451e-06
335    9.31572e-06
336    8.51226e-06
337    8.66708e-06
338    1.08418e-05
339    9.43694e-06
340    9.01744e-06
341    8.31255e-06
342    9.39835e-06
343    9.53615e-06
344    9.55571e-06
345    9.00774e-06
346     8.7131e-06
347    7.52916e-06
348    9.40898e-06
349    9.59231e-06
350     9.0248e-06
351    8.21612e-06
352      7.774e-06
353    7.90147e-06
354    7.19958e-06
355    8.41336e-06
356    7.89069e-06
357    7.03217e-06
358    6.41916e-06
359    7.64978e-06
360    7.80954e-06
361     8.3104e-06
362    7.41859e-06
363    8.10839e-06
364    8.24143e-06
365    7.59144e-06
366    8.38115e-06
367    7.03415e-06
368    7.93553e-06
369    8.22464e-06
370    6.77861e-06
371    8.62037e-06
372    8.32861e-06
373    8.88614e-06
374    9.60331e-06
375    8.67747e-06
376    1.08742e-05
377    9.46513e-06
378    8.75216e-06
379    8.25214e-06
380    6.93045e-06
381     6.6599e-06
382    8.35624e-06
383    6.94183e-06
384    8.54815e-06
385    8.05391e-06
386    9.04899e-06
387    8.05592e-06
388    7.00042e-06
389      6.191e-06
390     6.6876e-06
391    6.81452e-06
392    6.59211e-06
393    7.75289e-06
394    8.06716e-06
395    7.88991e-06
396    7.19213e-06
397    6.93912e-06
398    7.73631e-06
399    6.34427e-06
400    6.48836e-06
401    5.48316e-06
402    7.27348e-06
403    6.71117e-06
404    6.84733e-06
405    6.97758e-06
406    6.05833e-06
407     6.0803e-06
408    5.60076e-06
409     7.2156e-06
410    6.70072e-06
411     5.5923e-06
412     5.9766e-06
413     6.1962e-06
414    7.42984e-06
415    4.80214e-06
416     6.6506e-06
417    7.28176e-06
418    6.46883e-06
419    6.32593e-06
420    6.06164e-06
421    5.76091e-06
422     6.3329e-06
423    5.48639e-06
424      5.282e-06
425    6.14459e-06
426    5.79464e-06
427    6.30366e-06
428     6.2493e-06
429    4.68978e-06
430    5.47818e-06
431    5.23149e-06
432    5.12164e-06
433    5.54664e-06
434    5.77392e-06
435    6.77113e-06
436    6.87145e-06
437    6.69353e-06
438    6.74512e-06
439    6.09756e-06
440    6.56394e-06
441    5.83003e-06
442    6.29637e-06
443    7.34129e-06
444    6.95155e-06
445    6.37218e-06
446    5.98567e-06
447     5.5377e-06
448    5.93946e-06
449    5.95983e-06
450    5.16856e-06
451    6.21219e-06
452    5.22594e-06
453    6.10069e-06
454    6.12133e-06
455     5.7791e-06
456    6.57363e-06
457    5.47628e-06
458    5.48808e-06
459    5.95731e-06
460    4.90045e-06
461    5.72944e-06
462    4.52084e-06
463    4.87335e-06
464    5.44378e-06
465    5.38003e-06
466      5.282e-06
467     6.0831e-06
468    5.83719e-06
469    4.98568e-06
470    6.18525e-06
471    5.56062e-06
472    5.56515e-06
473    5.08823e-06
474    5.71288e-06
475    5.95945e-06
476    5.36627e-06
477    5.48972e-06
478    5.28862e-06
479    5.50566e-06
480    5.18802e-06
481    6.09099e-06
482    5.80649e-06
483    5.12184e-06
484    5.93731e-06
485    5.20871e-06
486    6.28721e-06
487     5.1393e-06
488    5.61016e-06
489    5.67976e-06
490    4.89608e-06
491    5.86296e-06
492    5.68747e-06
493    5.20764e-06
494    5.45225e-06
495    4.48595e-06
496    5.58238e-06
497    4.98188e-06
498    5.44297e-06
499    5.83951e-06
500    5.74213e-06
501    4.53656e-06
502    5.39209e-06
503    5.24762e-06
504    5.18713e-06
505    4.65056e-06
506    4.87324e-06
507    4.66472e-06
508    5.49113e-06
509    5.73234e-06
510    5.28977e-06
511    4.67272e-06
512    4.14402e-06
