0        38.8832
1        1.45944
2       0.884287
3       0.542432
4      0.0534753
5      0.0499746
6      0.0225129
7      0.0160081
8      0.0157207
9     0.00972368
10     0.00473318
11     0.00318112
12     0.00604295
13     0.00451766
14     0.00448352
15     0.00390984
16     0.00272072
17     0.00310736
18     0.00320253
19     0.00297991
20     0.00299558
21     0.00217204
22     0.00187139
23     0.00131039
24     0.00110176
25    0.000821536
26     0.00152803
27     0.00125169
28     0.00120242
29     0.00105346
30     0.00138464
31    0.000850604
32     0.00122006
33    0.000901135
34     0.00112078
35    0.000708232
36    0.000897213
37     0.00101318
38     0.00131484
39     0.00136844
40     0.00111107
41    0.000921305
42    0.000910346
43     0.00070871
44    0.000866556
45    0.000842748
46    0.000909412
47    0.000747103
48    0.000665018
49    0.000581536
50     0.00067363
51    0.000630224
52    0.000691502
53    0.000751803
54    0.000543071
55    0.000537313
56    0.000534224
57      0.0005279
58    0.000505671
59     0.00045427
60    0.000442587
61    0.000392819
62    0.000284261
63    0.000374221
64    0.000325897
65    0.000343282
66    0.000346783
67    0.000294793
68    0.000377986
69    0.000331895
70    0.000368072
71     0.00031412
72      0.0003164
73    0.000330287
74    0.000313506
75    0.000322527
76    0.000287807
77      0.0002563
78    0.000261594
79    0.000188192
80    0.000181303
81    0.000183276
82    0.000213659
83     0.00020065
84    0.000171345
85    0.000157487
86    0.000147902
87    0.000136981
88     0.00015886
89    0.000158762
90    0.000184218
91    0.000142031
92    0.000160859
93    0.000146502
94    0.000138834
95    0.000123329
96     0.00013962
97    0.000131391
98    0.000141296
99    9.01461e-05
100    8.61851e-05
101    8.31829e-05
102    8.58354e-05
103    9.42873e-05
104     8.2092e-05
105    8.90037e-05
106    8.34515e-05
107    7.17994e-05
108    8.37207e-05
109    7.33913e-05
110     7.8204e-05
111    7.29217e-05
112    6.73022e-05
113    6.48903e-05
114    7.42357e-05
115     6.5466e-05
116    6.80008e-05
117    6.30895e-05
118    5.22607e-05
119    5.83633e-05
120    5.87612e-05
121    5.63212e-05
122    5.78824e-05
123    5.59207e-05
124     4.7935e-05
125    5.19108e-05
126    5.17562e-05
127    4.25589e-05
128    3.44703e-05
129    4.12276e-05
130    3.19931e-05
131    4.33927e-05
132    3.76199e-05
133    4.29313e-05
134    4.45394e-05
135    3.75299e-05
136    3.65974e-05
137    3.86708e-05
138    3.37406e-05
139    3.40471e-05
140    3.95951e-05
141    4.52083e-05
142    4.05457e-05
143    3.20498e-05
144     4.1973e-05
145    3.49576e-05
146    3.13545e-05
147    2.83708e-05
148    3.54329e-05
149    2.52941e-05
150    2.88605e-05
151    3.03956e-05
152    2.85121e-05
153     2.8052e-05
154    2.59535e-05
155    2.26452e-05
156    2.35858e-05
157    2.33689e-05
158    2.52075e-05
159    2.48791e-05
160    2.96352e-05
161    2.59908e-05
162    2.86474e-05
163    2.55724e-05
164    3.08146e-05
165    2.74508e-05
166    2.63612e-05
167    3.08498e-05
168    2.89998e-05
169    2.49227e-05
170    2.83029e-05
171    2.83818e-05
172    2.71278e-05
173    2.59841e-05
174    2.79764e-05
175    2.61003e-05
176    2.50676e-05
177    2.44721e-05
178    2.17541e-05
179    2.35231e-05
180    2.42028e-05
181     2.7939e-05
182    2.73522e-05
183    2.96827e-05
184     2.5638e-05
185      2.619e-05
186    2.56596e-05
187    2.44138e-05
188    2.74136e-05
189    2.29381e-05
190    2.55327e-05
191    2.34827e-05
192    1.95182e-05
193    2.36338e-05
194    2.44527e-05
195    2.43436e-05
196    2.62847e-05
197    2.43934e-05
198    2.31147e-05
199    2.40394e-05
200     2.1492e-05
201    2.55694e-05
202    2.46866e-05
203    2.71959e-05
204    2.34541e-05
205    2.52863e-05
206    2.11978e-05
207    2.58243e-05
208     2.0911e-05
209    2.50216e-05
210    2.36304e-05
211     1.8253e-05
212    2.36614e-05
213    2.39037e-05
214    2.00896e-05
215    2.19004e-05
216    2.15535e-05
217    2.32576e-05
218    2.48318e-05
219    2.17524e-05
220    2.13809e-05
221    1.85238e-05
222    2.11505e-05
223    2.07628e-05
224    2.20836e-05
225    1.89584e-05
226    1.84035e-05
227     1.9069e-05
228    1.69067e-05
229    1.37923e-05
230    1.83182e-05
231    1.89436e-05
232    1.90382e-05
233    1.85568e-05
234    1.79528e-05
235    2.00147e-05
236    1.66772e-05
237    1.65582e-05
238    1.49492e-05
239    1.78332e-05
240    1.60212e-05
241    1.49462e-05
242    1.35737e-05
243    1.51388e-05
244    1.74839e-05
245    1.47766e-05
246    1.42118e-05
247    1.41651e-05
248      1.604e-05
249    1.53736e-05
250    1.78326e-05
251    1.49231e-05
252    1.47846e-05
253    1.24289e-05
254    1.35326e-05
255    1.20486e-05
256    1.50396e-05
257     1.4581e-05
258    1.29218e-05
259    1.22895e-05
260    1.30219e-05
261    1.11714e-05
262    1.18493e-05
263    1.09532e-05
264    1.16527e-05
265    1.15235e-05
266    1.01176e-05
267    1.10845e-05
268    1.15967e-05
269    1.03271e-05
270    1.00629e-05
271    1.15995e-05
272    1.02613e-05
273    1.03069e-05
274    9.89346e-06
275    8.93818e-06
276    1.02405e-05
277     1.0396e-05
278    1.06684e-05
279     1.1509e-05
280    1.15856e-05
281    1.06333e-05
282    1.16885e-05
283    1.03448e-05
284    8.77213e-06
285    1.07278e-05
286    9.29033e-06
287    1.01981e-05
288    8.85121e-06
289     1.1271e-05
290    1.19276e-05
291    9.55125e-06
292    1.07161e-05
293    1.08424e-05
294    1.10749e-05
295    1.23245e-05
296    1.16793e-05
297    1.05334e-05
298    1.05574e-05
299    9.98479e-06
300    1.05213e-05
301    1.03454e-05
302    9.76272e-06
303    9.15912e-06
304    9.19129e-06
305    8.22337e-06
306     8.3758e-06
307    7.94097e-06
308    1.08378e-05
309    1.00256e-05
310    1.04232e-05
311    1.10529e-05
312     9.3883e-06
313    9.98885e-06
314    8.60314e-06
315    8.53473e-06
316    8.96489e-06
317    8.13732e-06
318    9.17599e-06
319    8.09678e-06
320    8.77218e-06
321    9.22062e-06
322    9.98356e-06
323       1.07e-05
324    1.03439e-05
325    9.11397e-06
326    8.37335e-06
327    9.17112e-06
328    1.01319e-05
329    9.16102e-06
330    1.01725e-05
331    8.31165e-06
332    8.24332e-06
333    9.11775e-06
334    8.25601e-06
335    1.03682e-05
336    1.02788e-05
337    8.15911e-06
338    1.05294e-05
339    7.87989e-06
340    9.33922e-06
341    8.28554e-06
342     9.0566e-06
343    9.38797e-06
344    1.02677e-05
345    9.99515e-06
346     1.0151e-05
347    9.87834e-06
348    9.00025e-06
349    8.15858e-06
350    8.78496e-06
351    7.78971e-06
352    8.10441e-06
353    7.94914e-06
354    8.67214e-06
355    7.99852e-06
356    1.00067e-05
357     8.5458e-06
358     7.8042e-06
359    8.34412e-06
360    1.00061e-05
361    7.58388e-06
362    7.62732e-06
363    8.29704e-06
364    6.59125e-06
365    8.20167e-06
366    7.30512e-06
367    7.91793e-06
368    7.23564e-06
369    7.75298e-06
370     7.3846e-06
371    8.17533e-06
372    7.00307e-06
373    8.51543e-06
374    8.15224e-06
375    6.93174e-06
376     8.3134e-06
377    7.52491e-06
378     7.3948e-06
379     5.6623e-06
380    5.59262e-06
381    5.63331e-06
382    6.31715e-06
383    6.08768e-06
384    7.64427e-06
385    6.01856e-06
386    8.13442e-06
387     7.5022e-06
388    6.56151e-06
389    7.40002e-06
390    6.62689e-06
391    6.76239e-06
392    7.04861e-06
393    7.38092e-06
394    6.61423e-06
395    6.66261e-06
396    7.02203e-06
397    6.56967e-06
398    6.21572e-06
399    6.16319e-06
400    6.32636e-06
401    5.72955e-06
402    6.63291e-06
403    6.08474e-06
404    5.05617e-06
405    6.19753e-06
406    5.49995e-06
407      6.032e-06
408    5.53678e-06
409    6.12194e-06
410    5.75596e-06
411    5.73687e-06
412    6.19091e-06
413    5.43312e-06
414    6.62281e-06
415    5.11268e-06
416    5.64788e-06
417    6.51291e-06
418    5.52798e-06
419    6.60953e-06
420    5.82908e-06
421    6.21618e-06
422    5.03934e-06
423    5.08514e-06
424    5.28924e-06
425    4.81103e-06
426    6.08049e-06
427    5.78676e-06
428    5.99377e-06
429    5.06522e-06
430    5.34659e-06
431    5.50237e-06
432    5.67776e-06
433    6.23308e-06
434    5.86221e-06
435    4.99651e-06
436    5.31214e-06
437     6.7719e-06
438    5.60326e-06
439    6.15157e-06
440    6.36422e-06
441     4.6031e-06
442    5.76025e-06
443    5.45228e-06
444     4.6963e-06
445    5.93854e-06
446    4.78158e-06
447    5.56121e-06
448    4.88356e-06
449    4.86907e-06
450    4.73321e-06
451    5.23511e-06
452    4.37731e-06
453     4.4725e-06
454    4.56108e-06
455     5.2887e-06
456    5.16427e-06
457    5.76059e-06
458    6.59441e-06
459     5.8634e-06
460    5.02629e-06
461    5.02746e-06
462    4.38708e-06
463    5.64343e-06
464    5.24457e-06
465    4.86545e-06
466    4.39427e-06
467    5.58353e-06
468    5.16751e-06
469    4.97523e-06
470    5.86377e-06
471    4.67381e-06
472    5.63586e-06
473    5.26417e-06
474    5.27627e-06
475    5.14721e-06
476    4.79965e-06
477    5.04078e-06
478    5.12481e-06
479    5.64501e-06
480    4.87612e-06
481    5.36838e-06
482    4.88774e-06
483    5.52255e-06
484    6.36097e-06
485    5.46687e-06
486    5.71071e-06
487    4.63148e-06
488    4.44906e-06
489    4.69599e-06
490    4.92492e-06
491    4.19203e-06
492    3.98412e-06
493    4.25319e-06
494    5.33739e-06
495    4.74813e-06
496    4.30122e-06
497    4.54295e-06
498    4.71324e-06
499    3.96576e-06
500    5.00433e-06
501     4.7569e-06
502    3.67475e-06
503    4.90567e-06
504    5.17524e-06
505    4.12445e-06
506    4.13588e-06
507    3.50837e-06
508    4.41214e-06
509    3.93093e-06
510    5.84379e-06
511    4.39618e-06
512    4.38028e-06
