0        40.5993
1        1.27613
2       0.815871
3       0.490464
4      0.0516618
5      0.0464007
6      0.0208159
7      0.0145291
8       0.013937
9     0.00841489
10      0.0041903
11     0.00267555
12     0.00530439
13     0.00368899
14     0.00395162
15     0.00344089
16     0.00226396
17     0.00250174
18     0.00258724
19     0.00255216
20     0.00263516
21      0.0019678
22     0.00146782
23     0.00100215
24    0.000888448
25    0.000607097
26     0.00129067
27     0.00111927
28    0.000935109
29    0.000946122
30     0.00115804
31    0.000684228
32     0.00105042
33    0.000725833
34    0.000972049
35    0.000654698
36    0.000829571
37    0.000800791
38     0.00104039
39     0.00110213
40    0.000917747
41    0.000796615
42    0.000800532
43    0.000578618
44    0.000767318
45    0.000705485
46    0.000761445
47    0.000647171
48    0.000520518
49    0.000463874
50    0.000509953
51    0.000519206
52    0.000532209
53    0.000695174
54    0.000462903
55    0.000496321
56    0.000487705
57    0.000426095
58    0.000419401
59    0.000366022
60    0.000317476
61    0.000323636
62    0.000222846
63    0.000291291
64    0.000270508
65    0.000258037
66    0.000289414
67    0.000194017
68    0.000310224
69    0.000258007
70    0.000276664
71    0.000260829
72    0.000252936
73    0.000248147
74    0.000232633
75    0.000259324
76    0.000201528
77    0.000224741
78    0.000189821
79    0.000142008
80    0.000142361
81     0.00014861
82    0.000155821
83    0.000143538
84    0.000122056
85    0.000119445
86    0.000108098
87    9.29392e-05
88    0.000118481
89    0.000115967
90    0.000138115
91    0.000110473
92    0.000112725
93    0.000115224
94    0.000118154
95     9.7079e-05
96    0.000111449
97    9.47578e-05
98    9.43895e-05
99    5.32699e-05
100    6.44997e-05
101    5.65739e-05
102    6.40442e-05
103    6.58383e-05
104    6.65413e-05
105    5.51697e-05
106    4.86961e-05
107     4.4494e-05
108    6.05311e-05
109    4.63016e-05
110    4.98662e-05
111    4.24857e-05
112    3.93561e-05
113    3.87989e-05
114    4.47715e-05
115    3.87189e-05
116    4.03357e-05
117    3.98934e-05
118    2.78665e-05
119    3.61008e-05
120    2.98624e-05
121    3.74424e-05
122    3.50637e-05
123    3.54022e-05
124    2.57446e-05
125    3.16899e-05
126    2.85812e-05
127    2.50243e-05
128    1.95562e-05
129    2.73493e-05
130    2.05455e-05
131    2.82743e-05
132    2.46167e-05
133    2.00209e-05
134     3.2294e-05
135    2.23112e-05
136    1.49725e-05
137    2.06443e-05
138    1.89023e-05
139    1.78324e-05
140    1.45983e-05
141    1.83827e-05
142    1.61504e-05
143    1.23416e-05
144    2.08138e-05
145    1.46765e-05
146     1.7243e-05
147     1.7832e-05
148    2.07065e-05
149    8.40394e-06
150    9.95548e-06
151    1.32187e-05
152    1.34944e-05
153    1.28712e-05
154    1.59076e-05
155    1.17566e-05
156    1.43295e-05
157    1.07473e-05
158    1.29077e-05
159    1.03483e-05
160    1.43689e-05
161    1.17546e-05
162     1.8057e-05
163    1.21068e-05
164    1.50948e-05
165    1.00592e-05
166      1.086e-05
167     1.5755e-05
168     1.3499e-05
169    1.44136e-05
170     1.6476e-05
171    1.38005e-05
172    1.49342e-05
173    1.08599e-05
174    9.26152e-06
175    1.34636e-05
176    1.17412e-05
177    1.28493e-05
178    1.18704e-05
179    1.33818e-05
180    1.24483e-05
181    1.71037e-05
182    1.76436e-05
183     1.5393e-05
184    1.76606e-05
185    1.40946e-05
186    1.39625e-05
187    1.06179e-05
188    1.61588e-05
189    1.13078e-05
190    1.12077e-05
191    1.11331e-05
192    7.68966e-06
193    9.03283e-06
194    1.22522e-05
195    1.24048e-05
196    1.45036e-05
197    1.47195e-05
198    1.42297e-05
199     1.3816e-05
200    1.39978e-05
201    1.51714e-05
202      1.553e-05
203     1.7721e-05
204     1.2161e-05
205    1.53987e-05
206    1.31403e-05
207    1.56552e-05
208    1.34155e-05
209    1.44919e-05
210    1.28413e-05
211    1.08154e-05
212    1.38153e-05
213    1.13108e-05
214    1.24924e-05
215    1.13937e-05
216    1.10827e-05
217     9.9849e-06
218    1.30999e-05
219    1.11595e-05
220    8.76395e-06
221    9.55113e-06
222    1.24188e-05
223    1.06074e-05
224    1.11679e-05
225    9.66582e-06
226    9.45869e-06
227    1.22156e-05
228    1.08165e-05
229    9.30183e-06
230     1.1599e-05
231    1.05691e-05
232    1.15296e-05
233    8.90886e-06
234    1.12742e-05
235    8.99605e-06
236    1.20064e-05
237    8.55514e-06
238    9.06504e-06
239     9.0439e-06
240    9.73101e-06
241    6.48528e-06
242    5.36197e-06
243    5.41732e-06
244    7.25482e-06
245    6.95885e-06
246    7.75973e-06
247    7.66115e-06
248    9.71755e-06
249    6.85421e-06
250    7.30517e-06
251    8.47437e-06
252    8.14524e-06
253    4.55546e-06
254    5.90185e-06
255    5.11523e-06
256    8.28373e-06
257    8.08022e-06
258    5.48653e-06
259    3.59608e-06
260    5.46733e-06
261    4.14145e-06
262    5.91862e-06
263    5.12035e-06
264    3.60793e-06
265    5.46223e-06
266    4.48569e-06
267    4.57485e-06
268     3.8541e-06
269    2.56054e-06
270    2.72036e-06
271     3.3141e-06
272    5.15137e-06
273    2.78859e-06
274    4.42361e-06
275    3.29689e-06
276    4.18076e-06
277    4.95389e-06
278     4.5811e-06
279    4.81156e-06
280    4.45511e-06
281    4.09653e-06
282    6.02132e-06
283     4.6767e-06
284    4.55054e-06
285    3.39347e-06
286    3.57451e-06
287    2.49197e-06
288    3.60483e-06
289    4.47122e-06
290    5.00644e-06
291    3.03732e-06
292    4.43051e-06
293    3.20556e-06
294     4.1093e-06
295    5.20674e-06
296    4.63482e-06
297     3.7927e-06
298    5.90153e-06
299    4.39881e-06
300    5.24376e-06
301    2.82836e-06
302    3.67657e-06
303    4.64175e-06
304    4.72114e-06
305    4.57032e-06
306    3.30525e-06
307    3.03324e-06
308    4.94449e-06
309    4.37243e-06
310    4.59936e-06
311    4.53964e-06
312    3.81383e-06
313    3.52676e-06
314    5.08002e-06
315     4.4361e-06
316    3.60822e-06
317    3.12224e-06
318    2.98627e-06
319    2.85876e-06
320    5.29353e-06
321    4.80018e-06
322    5.18701e-06
323     4.5213e-06
324    5.69701e-06
325    4.14435e-06
326    4.44788e-06
327     5.9892e-06
328    6.61186e-06
329    5.11295e-06
330    4.95876e-06
331    4.36977e-06
332    3.24915e-06
333    4.20565e-06
334    3.06725e-06
335    5.71665e-06
336    5.60382e-06
337    3.92007e-06
338    4.87223e-06
339    2.75617e-06
340    3.42498e-06
341    2.97904e-06
342    2.97247e-06
343    3.72537e-06
344    3.61322e-06
345    4.82664e-06
346    4.34814e-06
347    3.78259e-06
348    3.03893e-06
349    4.00857e-06
350    4.49312e-06
351    5.47219e-06
352    5.16274e-06
353    4.00704e-06
354    4.44052e-06
355    5.40262e-06
356    4.14416e-06
357    2.44141e-06
358    4.22569e-06
359    3.40768e-06
360    5.05878e-06
361    3.93312e-06
362    3.19511e-06
363    3.45594e-06
364    2.05538e-06
365    2.57626e-06
366    2.88765e-06
367    2.77948e-06
368    3.64771e-06
369     4.3799e-06
370    3.93002e-06
371    3.19779e-06
372    4.48531e-06
373    4.86006e-06
374    4.30673e-06
375     4.1644e-06
376    3.49621e-06
377    2.33259e-06
378      3.269e-06
379      2.936e-06
380    3.89201e-06
381    3.00152e-06
382    3.90466e-06
383     4.4598e-06
384    4.03078e-06
385    3.83971e-06
386    3.00627e-06
387    2.14761e-06
388    2.30146e-06
389    2.43958e-06
390    1.30328e-06
391     2.3357e-06
392    2.49521e-06
393    2.93493e-06
394    2.22016e-06
395    1.99252e-06
396    2.10628e-06
397    2.82595e-06
398    2.55932e-06
399    3.07077e-06
400    3.06622e-06
401    3.26525e-06
402    4.21399e-06
403    2.50153e-06
404    2.52289e-06
405    3.05147e-06
406    5.57146e-07
407    1.37452e-06
408    1.89654e-06
409    2.55156e-06
410    1.96061e-06
411    2.16614e-06
412     1.9609e-06
413    2.36143e-06
414    2.96577e-06
415      1.459e-06
416    2.28429e-06
417    2.91256e-06
418    1.81372e-06
419    2.96449e-06
420     2.8575e-06
421    2.88741e-06
422    2.35028e-06
423     1.8852e-06
424    5.04978e-07
425    2.73757e-06
426    1.75317e-06
427    2.08905e-06
428    2.52454e-06
429    1.79594e-06
430    2.30325e-06
431    3.08869e-06
432    1.87948e-06
433    3.11912e-06
434    2.44905e-06
435    1.92557e-06
436    2.64732e-06
437    1.97042e-06
438    2.23327e-06
439     3.2102e-06
440    3.25001e-06
441    2.28401e-06
442    3.26622e-06
443    2.30012e-06
444     2.5911e-06
445    1.69059e-06
446    2.75775e-06
447    2.93187e-06
448     1.1717e-06
449    1.23521e-06
450     1.5208e-06
451    1.66442e-06
452    8.19253e-07
453    1.54981e-06
454    2.29856e-06
455    2.88413e-06
456    3.10184e-06
457    2.88245e-06
458    3.70036e-06
459    3.13131e-06
460    1.83962e-06
461    2.44258e-06
462     1.6565e-06
463    2.64525e-06
464    1.74539e-06
465    2.01519e-06
466    1.79093e-06
467    1.58084e-06
468    3.02067e-06
469    2.32171e-06
470    2.34405e-06
471    2.51153e-06
472    2.73053e-06
473    2.63566e-06
474    2.63281e-06
475    1.42484e-06
476    2.21011e-06
477    1.56139e-06
478    2.10581e-06
479    1.07747e-06
480     1.9128e-06
481    1.68495e-06
482    2.08258e-06
483    1.61903e-06
484    2.03901e-06
485     1.7902e-06
486    2.64435e-06
487    1.94876e-06
488    1.90443e-06
489     1.6814e-06
490    1.59453e-06
491    1.99905e-06
492    2.70815e-06
493    1.92534e-06
494    2.79116e-06
495    2.15127e-06
496    1.28453e-06
497    2.27728e-06
498    2.07607e-06
499    1.82164e-06
500    2.24147e-06
501    1.96533e-06
502    1.47336e-06
503    1.21639e-06
504    2.25051e-06
505    1.33966e-06
506     1.6105e-06
507    1.72102e-06
508    1.02782e-06
509    1.15218e-06
510    1.91634e-06
511    1.14878e-06
512    1.57414e-06
