0        46.5192
1       0.793171
2       0.527316
3       0.323671
4      0.0364254
5       0.030543
6      0.0135723
7     0.00915559
8     0.00818245
9     0.00510224
10     0.00272162
11     0.00170872
12     0.00337911
13     0.00197631
14     0.00233333
15     0.00189664
16     0.00134513
17     0.00154361
18     0.00163489
19     0.00154117
20     0.00165327
21     0.00141552
22    0.000952052
23    0.000628066
24    0.000574364
25    0.000383615
26    0.000743353
27    0.000653095
28    0.000548692
29    0.000660194
30    0.000685807
31    0.000377069
32    0.000623606
33    0.000437639
34     0.00055449
35    0.000401085
36    0.000508209
37    0.000439331
38    0.000608303
39    0.000608783
40    0.000554201
41    0.000468761
42    0.000458729
43    0.000359689
44    0.000433959
45    0.000405316
46    0.000418417
47    0.000359196
48    0.000319732
49    0.000260108
50    0.000277855
51    0.000277217
52      0.0003297
53     0.00036978
54    0.000261392
55    0.000295587
56    0.000268401
57    0.000249852
58    0.000234383
59    0.000207958
60    0.000199279
61    0.000196441
62    0.000128945
63    0.000170528
64    0.000154901
65     0.00012612
66    0.000160095
67    9.44958e-05
68     0.00016872
69    0.000144043
70     0.00015662
71    0.000137539
72    0.000146732
73    0.000131944
74    0.000132441
75    0.000138306
76    0.000114796
77     0.00011799
78    8.93073e-05
79    7.31626e-05
80    8.22795e-05
81    7.21307e-05
82    9.99816e-05
83    8.93339e-05
84    7.26639e-05
85    5.98022e-05
86    6.29938e-05
87    5.05487e-05
88     6.8092e-05
89    5.73222e-05
90    7.94106e-05
91    6.30207e-05
92    6.30616e-05
93    6.49167e-05
94    6.43436e-05
95    4.87324e-05
96      6.078e-05
97    4.84484e-05
98    5.29682e-05
99    3.17236e-05
100    3.47766e-05
101    2.78844e-05
102    3.19343e-05
103    3.40494e-05
104    3.65907e-05
105    3.19384e-05
106    2.72649e-05
107    2.80931e-05
108    3.14848e-05
109    2.35675e-05
110    2.80587e-05
111     2.4619e-05
112    2.39848e-05
113     2.3047e-05
114     2.4621e-05
115    1.50248e-05
116    2.19039e-05
117    1.51417e-05
118    1.31998e-05
119    2.02545e-05
120    1.54496e-05
121    1.74234e-05
122    2.11101e-05
123    1.17396e-05
124    1.46886e-05
125    1.44916e-05
126     1.2245e-05
127    1.17795e-05
128    1.09505e-05
129    1.49966e-05
130     9.6069e-06
131    1.27746e-05
132    9.70115e-06
133    8.69041e-06
134    1.55102e-05
135    8.66807e-06
136    6.76561e-06
137    9.39418e-06
138    1.34644e-05
139    5.60103e-06
140    8.14813e-06
141    8.13029e-06
142    7.03273e-06
143    5.33467e-06
144      8.864e-06
145    7.80509e-06
146    7.76521e-06
147    1.03766e-05
148    1.01147e-05
149    1.34862e-06
150    5.96812e-06
151    5.18829e-06
152    8.30353e-06
153    4.17102e-06
154    6.98517e-06
155     3.2056e-06
156    6.92988e-06
157    2.12377e-06
158    4.00366e-06
159    4.77091e-06
160    2.94509e-06
161    6.55809e-06
162     5.6116e-06
163    3.79335e-06
164    6.59731e-06
165    3.26335e-06
166    7.27853e-06
167    7.75251e-06
168    1.93891e-06
169    5.20033e-06
170    8.11105e-06
171    6.41082e-06
172    3.91108e-06
173    1.33133e-06
174     2.4554e-06
175    6.55239e-06
176    4.10446e-06
177    8.18859e-06
178    5.81224e-06
179    6.23501e-06
180    8.92533e-06
181    7.13916e-06
182    1.10945e-05
183    9.10309e-06
184    7.20069e-06
185    9.13897e-06
186    6.41737e-06
187    7.00102e-06
188    6.88129e-06
189     6.2958e-06
190    4.36958e-06
191    5.63029e-06
192    2.97113e-06
193    2.63346e-06
194    5.58875e-06
195    6.11646e-06
196    7.09389e-06
197    9.71115e-06
198    7.21808e-06
199    8.46789e-06
200    2.95616e-06
201    6.24159e-06
202    5.84057e-06
203    5.04218e-06
204    4.88346e-06
205    6.29115e-06
206    5.82932e-06
207    8.90206e-06
208    7.59708e-06
209     5.9965e-06
210    6.21249e-06
211    5.58839e-06
212    5.87578e-06
213    4.05087e-06
214    5.54259e-06
215    6.47375e-06
216    6.47186e-06
217    5.89967e-06
218    8.63336e-06
219    5.96768e-06
220    5.38137e-06
221    6.53046e-06
222    4.22622e-06
223    5.40096e-06
224    5.77923e-06
225    6.03411e-06
226    5.26209e-06
227    4.64269e-06
228    4.29417e-06
229    2.75505e-06
230    6.33552e-06
231     5.3751e-06
232    5.43248e-06
233     6.1599e-06
234     4.1832e-06
235    3.97261e-06
236    6.21971e-06
237    3.84682e-06
238    3.35005e-06
239    4.43656e-06
240    4.06768e-06
241    1.12469e-06
242    3.54027e-06
243    1.91332e-06
244    5.63021e-06
245     5.7179e-06
246    4.08176e-06
247    4.09993e-06
248    1.99094e-06
249    3.48607e-06
250    4.10561e-06
251    3.96711e-06
252    4.65862e-06
253    4.25433e-06
254    4.14363e-06
255    2.44663e-06
256    4.06854e-06
257    2.66244e-06
258    2.75093e-06
259    2.42465e-06
260    4.78876e-07
261     6.1238e-07
262    1.08948e-06
263    -1.9279e-08
264    -1.8911e-07
265    1.84641e-06
266    1.24468e-06
267    5.81868e-07
268    2.68972e-06
269    1.68756e-06
270    1.24661e-06
271    2.60923e-06
272    7.48428e-07
273    8.30465e-08
274    2.16016e-06
275    1.97342e-06
276    2.04246e-06
277    2.72781e-06
278    2.95025e-06
279     2.9484e-06
280    3.18231e-06
281    1.46759e-06
282    2.48548e-06
283    1.18353e-06
284    9.12034e-07
285    1.65719e-06
286    1.66387e-06
287    1.47166e-06
288    1.20379e-06
289    1.59173e-06
290     1.0906e-06
291    1.08448e-06
292    3.74862e-06
293    7.65829e-07
294    2.54041e-06
295    1.01251e-06
296     1.0114e-06
297    1.72371e-06
298    2.55474e-06
299     1.7647e-06
300    2.78414e-06
301    2.12987e-06
302    1.51931e-06
303    7.77606e-07
304    1.24948e-06
305   -4.51765e-08
306    7.27153e-07
307    8.18554e-07
308     2.0309e-06
309    1.34861e-06
310    2.21718e-06
311    2.39067e-06
312     1.9136e-06
313    2.05755e-06
314    6.55055e-07
315    1.62617e-06
316    2.76864e-06
317     3.7045e-07
318    1.63663e-06
319    2.14567e-06
320    1.94703e-06
321     1.2399e-06
322    1.67066e-06
323   -4.92471e-08
324    1.30204e-06
325    1.36159e-06
326    1.98032e-06
327    1.69877e-06
328    2.52723e-06
329     9.8004e-07
330    7.78943e-07
331    7.64837e-08
332    1.51462e-06
333    2.73147e-06
334    1.08736e-06
335    2.05174e-06
336    1.11284e-06
337    1.82686e-06
338    1.14315e-06
339    9.55743e-07
340    1.43463e-06
341    7.06505e-08
342    1.04326e-07
343    1.72307e-06
344    1.50876e-06
345    1.95781e-06
346    1.55918e-06
347    1.67459e-06
348    1.40838e-06
349    1.48055e-06
350    1.10775e-06
351     2.1386e-06
352    1.78148e-06
353    5.11299e-07
354    2.50889e-06
355    2.29618e-06
356     2.5696e-06
357    1.74028e-06
358     2.7996e-06
359    2.15778e-06
360    2.29331e-06
361     1.8786e-06
362    1.19389e-06
363    1.79159e-06
364    1.93023e-06
365    1.26478e-06
366    1.51067e-06
367    1.19777e-06
368    5.94738e-07
369    3.43292e-07
370    1.00907e-06
371    3.12957e-07
372    1.20105e-06
373    5.89404e-07
374    2.74384e-07
375    4.32942e-07
376    2.08483e-06
377    1.59378e-06
378    1.55024e-06
379    9.87589e-07
380    1.22144e-06
381    1.87165e-07
382    3.14144e-06
383    1.53846e-06
384    2.23586e-06
385    7.46553e-07
386    2.09293e-06
387    9.28047e-07
388    2.59749e-06
389    2.15975e-07
390    5.05928e-07
391     2.1644e-06
392    9.52904e-07
393      1.923e-06
394     1.5509e-06
395    1.96731e-06
396    -7.8991e-08
397    1.71822e-06
398    2.06731e-06
399    8.85532e-07
400    1.15522e-06
401     1.0144e-06
402    1.48715e-06
403    8.82733e-07
404    1.27139e-06
405    8.30698e-07
406    8.28915e-07
407    3.78049e-07
408    7.37248e-07
409    4.60572e-07
410    6.78785e-08
411    4.36958e-07
412    7.58245e-07
413    4.48843e-07
414    8.21544e-07
415   -1.13291e-07
416    1.25399e-06
417    1.20883e-06
418    6.54891e-07
419    6.28981e-07
420     7.2002e-07
421    9.96254e-07
422    8.89636e-07
423    4.88071e-07
424   -4.10364e-07
425    1.21714e-06
426    4.36689e-07
427    4.15842e-07
428    1.34818e-06
429    7.23896e-07
430    7.72022e-07
431    4.40353e-07
432    1.17822e-06
433    8.90737e-07
434    9.76643e-07
435    7.41088e-07
436    1.20209e-06
437    4.39739e-07
438    5.83443e-07
439    5.21195e-07
440    2.75953e-07
441    5.37815e-07
442    6.16787e-07
443    4.02098e-07
444    1.10593e-06
445     5.4434e-07
446    1.48404e-06
447    9.30606e-07
448    6.64246e-07
449      3.012e-08
450   -6.27748e-07
451     4.0281e-07
452    1.89417e-07
453    5.28187e-07
454    6.42871e-07
455    1.93309e-07
456    5.64269e-07
457   -5.21268e-07
458    1.24178e-06
459    7.49576e-07
460    3.91234e-07
461    8.73508e-07
462    1.88744e-08
463    9.00805e-07
464    5.36364e-07
465    1.02026e-06
466    9.47966e-07
467   -6.65089e-07
468    1.92966e-08
469     7.9969e-07
470    1.93922e-07
471    1.11017e-06
472    4.94182e-07
473    6.32209e-07
474     7.2226e-07
475    1.18745e-08
476     1.5067e-06
477    6.24211e-07
478     1.5758e-06
479    2.97945e-07
480    7.04032e-07
481    1.04913e-06
482     9.3141e-07
483    6.36504e-07
484    9.03847e-07
485    5.37919e-07
486    7.53725e-07
487    1.44521e-06
488    7.95678e-07
489     1.0501e-06
490    1.20289e-06
491    1.21608e-06
492     1.2407e-06
493    1.59377e-06
494    1.00706e-06
495   -4.35015e-07
496    1.04582e-06
497    1.31888e-06
498    1.20676e-06
499    7.19565e-07
500    5.62784e-07
501     2.6955e-07
502    8.95869e-07
503   -1.20799e-07
504    1.12004e-06
505    7.38437e-07
506    7.97142e-07
507     1.1712e-06
508    1.32782e-06
509    1.67878e-06
510     1.5415e-06
511    1.12347e-06
512    3.40911e-07
