0        14.0865
1        2.25002
2        1.25781
3       0.534692
4       0.247646
5       0.202207
6      0.0844381
7       0.101793
8      0.0587531
9      0.0347223
10      0.0367421
11      0.0574379
12       0.053741
13      0.0544581
14      0.0574405
15      0.0448214
16       0.035448
17      0.0393067
18      0.0489476
19      0.0687486
20      0.0490767
21      0.0289598
22      0.0337363
23      0.0228873
24      0.0205276
25      0.0215022
26      0.0238475
27      0.0179221
28      0.0258064
29      0.0206359
30       0.025992
31      0.0185865
32      0.0233963
33      0.0172895
34      0.0197185
35      0.0125802
36      0.0219818
37      0.0202364
38       0.023452
39      0.0221973
40      0.0183325
41      0.0157312
42      0.0190344
43      0.0165823
44       0.016423
45      0.0157649
46      0.0144694
47      0.0145405
48      0.0120978
49      0.0102561
50      0.0119224
51      0.0113987
52      0.0109167
53       0.012822
54      0.0108665
55       0.011192
56     0.00846224
57     0.00845937
58     0.00896921
59     0.00932722
60     0.00752359
61     0.00742302
62     0.00601819
63     0.00733307
64     0.00604463
65     0.00604316
66     0.00673871
67     0.00564029
68     0.00760232
69     0.00634576
70     0.00724872
71     0.00697116
72     0.00509027
73     0.00616116
74     0.00484363
75     0.00628193
76       0.004885
77     0.00463741
78     0.00477688
79     0.00488107
80     0.00354524
81     0.00408457
82     0.00372412
83     0.00367626
84     0.00429477
85     0.00409793
86     0.00376988
87     0.00301573
88     0.00330183
89     0.00340415
90     0.00402919
91     0.00376557
92     0.00395806
93      0.0034894
94     0.00356646
95     0.00335033
96     0.00318951
97     0.00310232
98     0.00338446
99     0.00225298
100     0.00233691
101     0.00235806
102     0.00249309
103     0.00232007
104     0.00292515
105      0.0024915
106     0.00223099
107     0.00196585
108     0.00186635
109     0.00180367
110     0.00207004
111       0.002102
112     0.00210333
113     0.00183419
114     0.00202461
115     0.00166505
116     0.00160161
117     0.00166891
118     0.00172848
119     0.00184417
120     0.00167105
121     0.00162218
122     0.00155594
123     0.00131637
124     0.00170376
125     0.00134184
126     0.00130569
127      0.0014076
128      0.0012393
129     0.00157975
130     0.00171693
131     0.00147986
132     0.00117957
133     0.00138094
134     0.00132639
135      0.0013665
136     0.00118238
137     0.00112631
138     0.00138329
139     0.00121775
140    0.000946025
141     0.00113588
142     0.00112264
143     0.00120547
144     0.00122921
145     0.00126992
146      0.0009417
147     0.00119609
148    0.000990939
149     0.00108702
150    0.000939749
151     0.00102017
152      0.0010966
153    0.000970372
154    0.000786938
155    0.000932585
156     0.00105127
157     0.00105644
158    0.000900118
159     0.00101458
160    0.000911493
161    0.000951797
162      0.0009293
163     0.00091999
164    0.000963756
165    0.000953666
166    0.000973746
167    0.000986794
168    0.000943475
169    0.000985557
170    0.000899808
171    0.000985849
172    0.000835795
173    0.000891681
174     0.00084518
175    0.000892018
176    0.000860465
177    0.000852666
178    0.000711126
179    0.000773355
180    0.000873447
181    0.000909487
182     0.00104441
183    0.000913106
184     0.00081869
185    0.000729494
186    0.000815238
187    0.000846054
188    0.000814801
189    0.000744344
190    0.000804971
191    0.000935899
192    0.000796096
193    0.000920222
194      0.0008717
195    0.000892324
196     0.00081219
197    0.000828137
198    0.000796966
199    0.000700905
200    0.000809626
201    0.000768232
202    0.000825987
203    0.000788443
204     0.00067598
205    0.000769334
206    0.000691484
207    0.000756597
208    0.000830819
209    0.000776341
210     0.00077034
211    0.000798353
212    0.000761541
213    0.000728519
214    0.000775926
215    0.000691429
216    0.000747719
217    0.000729979
218    0.000903404
219     0.00069553
220    0.000676364
221    0.000685067
222    0.000743971
223    0.000719775
224    0.000832106
225    0.000749435
226    0.000682108
227     0.00068996
228    0.000695504
229    0.000642866
230    0.000633136
231    0.000609424
232    0.000556511
233    0.000582425
234    0.000553984
235    0.000587407
236    0.000633582
237    0.000539595
238    0.000611617
239    0.000629273
240    0.000667592
241    0.000597474
242    0.000644911
243    0.000633852
244    0.000712795
245    0.000596234
246    0.000571887
247    0.000521324
248    0.000555547
249    0.000550242
250    0.000576676
251     0.00055468
252    0.000568293
253    0.000534078
254    0.000602746
255    0.000536342
256    0.000546972
257    0.000523939
258     0.00054355
259    0.000526605
260    0.000494275
261    0.000480049
262      0.0005183
263    0.000505142
264    0.000448581
265    0.000509819
266    0.000535646
267    0.000514858
268     0.00054852
269    0.000496493
270    0.000509902
271    0.000516669
272    0.000425729
273    0.000487625
274    0.000475176
275    0.000479371
276    0.000528856
277    0.000513638
278    0.000537735
279    0.000526997
280     0.00047806
281    0.000480485
282    0.000489549
283     0.00047133
284    0.000431576
285    0.000498846
286    0.000475634
287    0.000488116
288    0.000456303
289    0.000476358
290    0.000467324
291      0.0004583
292    0.000481832
293    0.000435085
294     0.00043271
295    0.000449826
296    0.000444574
297    0.000443634
298     0.00040296
299    0.000445718
300    0.000489839
301    0.000481023
302    0.000467244
303    0.000477928
304    0.000476126
305    0.000458196
306    0.000444269
307    0.000504242
308    0.000440318
309     0.00044929
310     0.00041373
311    0.000449057
312     0.00039107
313    0.000418104
314    0.000474914
315    0.000428227
316     0.00045563
317     0.00045357
318    0.000399852
319    0.000408722
320    0.000440395
321    0.000430613
322    0.000433032
323    0.000455961
324    0.000460255
325    0.000426827
326    0.000415477
327    0.000424036
328    0.000407585
329    0.000451653
330    0.000414477
331    0.000433187
332     0.00043091
333    0.000412903
334    0.000405044
335    0.000396204
336    0.000393734
337    0.000394811
338    0.000395032
339    0.000389711
340    0.000403002
341    0.000387599
342    0.000420135
343    0.000424285
344    0.000376207
345    0.000397792
346    0.000409631
347    0.000374757
348    0.000402833
349    0.000397664
350    0.000408421
351    0.000379547
352     0.00042569
353    0.000418241
354    0.000395748
355    0.000438772
356    0.000394209
357    0.000388896
358     0.00039531
359    0.000388593
360    0.000388967
361    0.000413672
362    0.000353051
363    0.000389954
364    0.000379792
365    0.000413884
366      0.0004118
367    0.000352809
368    0.000381541
369    0.000360598
370    0.000341791
371    0.000377009
372    0.000339749
373    0.000404644
374     0.00037765
375     0.00037173
376    0.000411279
377    0.000426338
378    0.000400945
379    0.000376269
380    0.000375885
381    0.000367886
382    0.000410719
383    0.000378337
384    0.000353925
385    0.000377351
386    0.000415495
387    0.000354369
388    0.000362653
389     0.00035968
390    0.000380068
391    0.000358148
392     0.00034801
393    0.000344264
394    0.000339485
395    0.000352473
396    0.000323637
397    0.000335183
398     0.00034773
399    0.000337261
400    0.000330174
401    0.000338406
402    0.000364549
403    0.000341589
404    0.000364307
405    0.000360503
406    0.000331775
407     0.00034376
408    0.000344102
409    0.000364923
410    0.000349096
411    0.000313075
412    0.000338343
413     0.00033771
414    0.000344401
415    0.000305564
416    0.000331133
417    0.000364836
418    0.000366389
419    0.000351045
420    0.000345797
421    0.000360927
422    0.000324129
423    0.000324346
424     0.00031477
425    0.000323249
426    0.000339487
427    0.000326925
428    0.000364218
429    0.000336565
430    0.000316657
431     0.00032461
432    0.000324624
433    0.000323925
434     0.00033555
435    0.000349037
436    0.000346983
437    0.000327784
438    0.000331276
439     0.00033174
440     0.00031423
441    0.000330145
442    0.000306231
443    0.000357891
444    0.000323138
445    0.000314749
446    0.000315856
447    0.000309227
448    0.000304348
449    0.000301107
450    0.000303001
451    0.000309528
452    0.000326528
453     0.00034367
454     0.00033151
455    0.000308027
456    0.000313899
457    0.000321439
458    0.000333898
459    0.000326945
460     0.00031176
461    0.000306624
462    0.000289801
463    0.000282148
464    0.000333624
465    0.000300999
466     0.00031052
467    0.000332231
468    0.000327112
469     0.00032289
470    0.000305587
471    0.000294615
472     0.00033033
473    0.000297372
474    0.000309439
475    0.000317649
476    0.000306005
477    0.000315316
478     0.00030132
479    0.000307481
480    0.000308957
481    0.000325172
482    0.000294315
483    0.000325205
484    0.000317626
485    0.000293125
486     0.00033858
487    0.000290278
488    0.000316989
489    0.000286227
490    0.000300734
491    0.000324797
492    0.000303068
493     0.00030443
494    0.000308167
495    0.000296222
496      0.0003144
497    0.000308511
498    0.000303934
499    0.000300613
500    0.000299603
501    0.000296338
502    0.000316515
503    0.000307055
504    0.000313356
505    0.000287954
506    0.000293798
507    0.000306185
508    0.000313259
509    0.000330169
510    0.000306005
511    0.000288819
512    0.000299057
