0        9.86659
1        1.63644
2       0.873886
3        0.37509
4       0.219169
5       0.132605
6      0.0715276
7       0.059808
8      0.0339811
9      0.0235722
10       0.021285
11      0.0310092
12      0.0355116
13      0.0407241
14      0.0373588
15      0.0314652
16      0.0230147
17      0.0261495
18      0.0288838
19      0.0358307
20       0.035557
21      0.0202032
22      0.0191217
23      0.0150143
24      0.0160019
25      0.0138738
26      0.0155469
27      0.0120292
28      0.0198404
29      0.0152672
30      0.0202032
31      0.0148128
32      0.0154992
33      0.0133108
34      0.0144108
35      0.0106165
36      0.0134499
37      0.0120419
38        0.01696
39      0.0155504
40      0.0139003
41      0.0120336
42      0.0126479
43      0.0109076
44      0.0101696
45      0.0109126
46      0.0106021
47      0.0107146
48     0.00935495
49      0.0080542
50     0.00855866
51     0.00890926
52     0.00835531
53     0.00890071
54     0.00769716
55     0.00691311
56     0.00682818
57     0.00598461
58     0.00615301
59     0.00607478
60     0.00574919
61     0.00603914
62     0.00412183
63     0.00565605
64     0.00483111
65     0.00417809
66     0.00491396
67     0.00450777
68     0.00508311
69     0.00461651
70     0.00489126
71     0.00461312
72     0.00350749
73      0.0046762
74     0.00363868
75     0.00437374
76      0.0037572
77     0.00347349
78     0.00336845
79     0.00332361
80     0.00259428
81     0.00279755
82     0.00278687
83     0.00255031
84     0.00296781
85     0.00259197
86     0.00257437
87     0.00209666
88     0.00237615
89     0.00240191
90     0.00248964
91     0.00228353
92     0.00260358
93     0.00218785
94     0.00216851
95     0.00220102
96     0.00233581
97     0.00209702
98     0.00221357
99     0.00144838
100     0.00158664
101     0.00149687
102     0.00159684
103     0.00177565
104     0.00141297
105     0.00156698
106     0.00154445
107      0.0012648
108      0.0012508
109     0.00140565
110     0.00152902
111     0.00149964
112     0.00142992
113     0.00126429
114     0.00141005
115     0.00124571
116     0.00126871
117     0.00127754
118     0.00126319
119     0.00119373
120     0.00109747
121     0.00108174
122     0.00113281
123     0.00105353
124     0.00108913
125     0.00104098
126     0.00101832
127    0.000969106
128    0.000860199
129    0.000887489
130    0.000877425
131     0.00100512
132    0.000839611
133    0.000902097
134    0.000994075
135    0.000939382
136    0.000782669
137    0.000912573
138    0.000889981
139     0.00076203
140    0.000830041
141    0.000819522
142    0.000847107
143    0.000754889
144    0.000831431
145    0.000830507
146    0.000655666
147    0.000686237
148    0.000721507
149    0.000783831
150    0.000708594
151    0.000774475
152    0.000770212
153    0.000710875
154    0.000735006
155    0.000600828
156    0.000601173
157    0.000586264
158    0.000582273
159    0.000695871
160    0.000646618
161    0.000621822
162    0.000635721
163    0.000620048
164    0.000706209
165     0.00068465
166    0.000760126
167    0.000772711
168    0.000662936
169    0.000653289
170    0.000738387
171    0.000693307
172    0.000693519
173    0.000658126
174    0.000694103
175    0.000586592
176    0.000607383
177    0.000673224
178     0.00053215
179    0.000559259
180    0.000570965
181    0.000625825
182    0.000635836
183    0.000646786
184    0.000596412
185    0.000577678
186     0.00055757
187    0.000542659
188    0.000546087
189    0.000623128
190    0.000595747
191    0.000626981
192    0.000584898
193    0.000602878
194    0.000533319
195    0.000593142
196    0.000567966
197    0.000593486
198    0.000543561
199    0.000529056
200    0.000541985
201    0.000594202
202    0.000523765
203    0.000564141
204    0.000488193
205    0.000529423
206    0.000482474
207    0.000550386
208    0.000514797
209    0.000549835
210    0.000520316
211    0.000460955
212    0.000565475
213    0.000581771
214    0.000542562
215    0.000476979
216    0.000491952
217    0.000574806
218    0.000563923
219    0.000507634
220    0.000543262
221    0.000455476
222    0.000495716
223     0.00047205
224    0.000522415
225     0.00052553
226    0.000547177
227    0.000495056
228    0.000511092
229    0.000466736
230    0.000445851
231    0.000487757
232     0.00048238
233      0.0004722
234    0.000429033
235    0.000497571
236    0.000436259
237    0.000444188
238    0.000405877
239    0.000455993
240    0.000436716
241    0.000412395
242    0.000404095
243    0.000479597
244    0.000491737
245    0.000360718
246    0.000408748
247    0.000383916
248    0.000428063
249    0.000385922
250    0.000433347
251    0.000439747
252    0.000377831
253    0.000399622
254    0.000387539
255    0.000353161
256    0.000396728
257    0.000438106
258    0.000376168
259    0.000399496
260    0.000375892
261    0.000376962
262    0.000370383
263    0.000367125
264    0.000347607
265    0.000401079
266    0.000372004
267    0.000381585
268    0.000359056
269    0.000373832
270    0.000354881
271     0.00038295
272    0.000340854
273    0.000349293
274    0.000353023
275    0.000321936
276     0.00033343
277    0.000328301
278    0.000337373
279    0.000340013
280    0.000347578
281     0.00032561
282    0.000325064
283    0.000323996
284    0.000336242
285    0.000347761
286    0.000290799
287    0.000352291
288    0.000323343
289    0.000341774
290    0.000360542
291    0.000323837
292    0.000351302
293    0.000340159
294    0.000339894
295    0.000354479
296    0.000317131
297    0.000310896
298      0.0003333
299    0.000361019
300    0.000344125
301    0.000327351
302    0.000348867
303    0.000300298
304    0.000306267
305    0.000312229
306    0.000297679
307     0.00031723
308    0.000340037
309     0.00031279
310    0.000330239
311    0.000299115
312    0.000284958
313    0.000305699
314    0.000296375
315    0.000291303
316    0.000321199
317    0.000293172
318    0.000298551
319    0.000272137
320    0.000311801
321    0.000329655
322    0.000351295
323    0.000328375
324     0.00036258
325    0.000297379
326    0.000298199
327    0.000309638
328    0.000305559
329    0.000314803
330    0.000334108
331    0.000305365
332    0.000291539
333    0.000315276
334    0.000294919
335    0.000300873
336    0.000316849
337    0.000297216
338    0.000316965
339    0.000292416
340    0.000285269
341    0.000291165
342     0.00030287
343    0.000306178
344    0.000324448
345    0.000296078
346    0.000289595
347    0.000265342
348    0.000280005
349    0.000285007
350    0.000267918
351    0.000276407
352    0.000272684
353    0.000268676
354    0.000277369
355    0.000291947
356    0.000294739
357    0.000259264
358    0.000283285
359     0.00026693
360    0.000279679
361    0.000268934
362    0.000265663
363    0.000284721
364    0.000272417
365    0.000255774
366    0.000264135
367    0.000263742
368    0.000248405
369    0.000267228
370    0.000270662
371    0.000276426
372    0.000264018
373    0.000295743
374    0.000278932
375    0.000272273
376    0.000299082
377    0.000288586
378    0.000267232
379     0.00025185
380    0.000254243
381    0.000241674
382    0.000235011
383    0.000230539
384    0.000260779
385    0.000261826
386    0.000268605
387    0.000260517
388    0.000259159
389    0.000268656
390    0.000269056
391      0.0002749
392    0.000275075
393    0.000268479
394    0.000261646
395    0.000254676
396    0.000265653
397    0.000257385
398    0.000261747
399    0.000248199
400    0.000249623
401     0.00024017
402    0.000254777
403    0.000250308
404    0.000238101
405    0.000259403
406    0.000242371
407    0.000249503
408    0.000246074
409    0.000244387
410    0.000244934
411     0.00023404
412    0.000233934
413    0.000254935
414    0.000238953
415    0.000237783
416    0.000227704
417    0.000241864
418    0.000256585
419    0.000245586
420    0.000220836
421     0.00025755
422    0.000236835
423    0.000237965
424    0.000240335
425    0.000230863
426    0.000227477
427    0.000227408
428    0.000238762
429    0.000227699
430    0.000234756
431    0.000205165
432     0.00022465
433    0.000239094
434    0.000243522
435    0.000224752
436    0.000238954
437     0.00025851
438    0.000228789
439    0.000238868
440    0.000247858
441    0.000216211
442    0.000238625
443    0.000250106
444    0.000234368
445     0.00023409
446     0.00025031
447    0.000224352
448    0.000221541
449     0.00023753
450     0.00022272
451    0.000208589
452    0.000210764
453    0.000231409
454    0.000227577
455    0.000221062
456    0.000234949
457     0.00024493
458    0.000230256
459    0.000243388
460    0.000230759
461    0.000217139
462     0.00020846
463    0.000233337
464    0.000220068
465    0.000219586
466    0.000229745
467     0.00022512
468    0.000234038
469    0.000241376
470    0.000230475
471    0.000238694
472    0.000229926
473    0.000202381
474    0.000219331
475    0.000226446
476    0.000196327
477    0.000213255
478    0.000238126
479    0.000209056
480    0.000220238
481    0.000225565
482    0.000202306
483    0.000217437
484    0.000218873
485    0.000195651
486     0.00022394
487    0.000221754
488    0.000220027
489    0.000200067
490    0.000217184
491    0.000220949
492    0.000213414
493    0.000217583
494    0.000224347
495    0.000217938
496    0.000221189
497    0.000217949
498    0.000219941
499    0.000209655
500    0.000219291
501    0.000209749
502    0.000206011
503    0.000209326
504    0.000223263
505    0.000202717
506    0.000210867
507    0.000201508
508    0.000220386
509    0.000226604
510    0.000217732
511    0.000198037
512    0.000192644
