0       0.911903
1       0.239248
2       0.116341
3      0.0258138
4        0.03599
5      0.0139488
6     0.00933972
7     0.00287827
8     0.00301551
9     0.00160543
10     0.00275929
11     0.00391977
12     0.00395071
13     0.00499601
14     0.00425522
15     0.00444564
16     0.00178283
17     0.00269392
18     0.00299486
19     0.00357254
20     0.00323664
21     0.00180938
22     0.00232023
23     0.00128045
24     0.00181185
25     0.00109152
26     0.00177081
27     0.00150693
28     0.00183546
29     0.00128998
30     0.00185897
31     0.00105097
32     0.00146586
33    0.000929445
34     0.00117602
35     0.00110176
36     0.00153476
37     0.00167629
38     0.00187273
39     0.00209255
40     0.00143323
41     0.00126687
42     0.00125834
43     0.00114173
44    0.000992208
45     0.00098025
46    0.000967837
47     0.00107084
48    0.000867261
49    0.000912775
50    0.000815659
51    0.000918182
52    0.000722361
53     0.00109106
54    0.000737842
55    0.000828781
56    0.000713342
57    0.000708438
58    0.000502839
59    0.000544611
60     0.00043783
61    0.000437761
62    0.000392002
63    0.000412741
64    0.000386213
65    0.000368837
66    0.000399046
67    0.000343164
68    0.000495474
69    0.000481771
70    0.000556122
71    0.000510101
72    0.000425525
73      0.0004656
74    0.000360188
75    0.000529725
76     0.00033272
77    0.000361145
78    0.000271582
79    0.000282612
80    0.000209922
81    0.000238993
82    0.000220944
83      0.0002446
84    0.000211291
85    0.000230574
86    0.000198263
87    0.000209743
88    0.000250539
89    0.000274379
90    0.000295101
91    0.000239747
92    0.000240621
93     0.00023845
94     0.00022615
95    0.000178599
96    0.000196103
97    0.000159406
98    0.000182077
99    0.000110322
100    0.000143364
101     0.00012758
102    0.000136055
103    0.000112589
104    0.000124245
105    0.000103174
106    0.000110948
107     0.00011849
108    0.000114753
109    0.000109821
110    0.000124115
111    0.000119724
112    0.000110279
113    0.000103884
114    0.000104092
115    7.51317e-05
116    0.000113345
117    9.68908e-05
118    9.40807e-05
119    0.000104503
120      8.968e-05
121    9.58195e-05
122    9.01073e-05
123     7.7437e-05
124    8.18007e-05
125      7.124e-05
126    9.06752e-05
127    6.48751e-05
128     6.6771e-05
129    6.62936e-05
130    6.46435e-05
131    7.14235e-05
132    7.01948e-05
133     7.6965e-05
134    7.02691e-05
135    6.31642e-05
136    5.97917e-05
137    4.96957e-05
138    5.31736e-05
139     5.0351e-05
140    4.96194e-05
141    6.05341e-05
142    6.43017e-05
143    6.01645e-05
144    5.42082e-05
145    5.76253e-05
146     6.1134e-05
147    5.35818e-05
148    5.71411e-05
149    5.03644e-05
150    4.02415e-05
151    4.59925e-05
152    4.83278e-05
153    4.45201e-05
154    4.40274e-05
155    4.22846e-05
156    5.43446e-05
157    4.72111e-05
158    4.54876e-05
159     5.1478e-05
160    3.67225e-05
161    5.62164e-05
162    4.50295e-05
163    4.50876e-05
164    4.78431e-05
165    4.18624e-05
166    5.24734e-05
167    4.22041e-05
168    5.20272e-05
169    5.10369e-05
170    4.78825e-05
171    5.12758e-05
172     5.0922e-05
173    4.32382e-05
174    4.67392e-05
175    4.58817e-05
176    3.92908e-05
177    4.68558e-05
178    4.16326e-05
179    4.66512e-05
180    3.78362e-05
181       4.64e-05
182     5.0473e-05
183     4.4844e-05
184    4.81805e-05
185    5.13868e-05
186    4.33329e-05
187    3.68107e-05
188    3.69626e-05
189    4.15677e-05
190    4.41874e-05
191    4.71665e-05
192    4.44847e-05
193    4.67512e-05
194    3.79704e-05
195    3.46011e-05
196    4.71155e-05
197    3.75175e-05
198    4.08084e-05
199    4.46332e-05
200    4.13531e-05
201    4.34638e-05
202    4.49519e-05
203    3.79374e-05
204    4.22012e-05
205    4.14468e-05
206    4.19432e-05
207    4.79726e-05
208     4.0511e-05
209    3.84892e-05
210    3.66527e-05
211    4.13148e-05
212     4.6634e-05
213    4.32932e-05
214    4.09676e-05
215     4.2626e-05
216     4.4389e-05
217    3.60304e-05
218    3.37367e-05
219    3.61185e-05
220    3.98621e-05
221       3.65e-05
222    3.20149e-05
223    3.08947e-05
224    3.27748e-05
225    3.49769e-05
226    3.99959e-05
227     3.1374e-05
228    3.64311e-05
229    3.21812e-05
230    3.43748e-05
231    3.12996e-05
232    3.58293e-05
233    3.56909e-05
234    3.35901e-05
235    2.75649e-05
236     3.3643e-05
237    3.38057e-05
238    3.07038e-05
239    3.33409e-05
240    3.31171e-05
241    3.43565e-05
242    3.04432e-05
243    3.19261e-05
244    3.33931e-05
245     3.1824e-05
246    3.14768e-05
247    3.09266e-05
248    2.88482e-05
249    2.94219e-05
250    2.96173e-05
251     3.3694e-05
252    3.15554e-05
253     2.8037e-05
254    3.07596e-05
255    2.96301e-05
256    2.83228e-05
257    3.02841e-05
258    2.59252e-05
259    2.96056e-05
260    2.35902e-05
261    2.64115e-05
262    2.35744e-05
263    2.65853e-05
264    1.90617e-05
265    2.43614e-05
266    2.38637e-05
267    2.56428e-05
268    2.48332e-05
269    2.06284e-05
270    2.20776e-05
271    2.32376e-05
272    1.98904e-05
273    2.40866e-05
274    1.97522e-05
275     2.0899e-05
276    2.30884e-05
277    2.43799e-05
278    2.41426e-05
279    2.34919e-05
280    2.17168e-05
281    1.87995e-05
282    1.96608e-05
283    2.05106e-05
284    2.10568e-05
285    1.85327e-05
286    2.53664e-05
287    2.61482e-05
288    1.84257e-05
289    2.18223e-05
290    2.23435e-05
291    2.19495e-05
292    2.15263e-05
293    1.99655e-05
294    2.23841e-05
295    2.31812e-05
296    2.19623e-05
297    1.85408e-05
298     2.3342e-05
299    2.01306e-05
300    2.59867e-05
301    2.13986e-05
302    2.13506e-05
303    2.11111e-05
304    2.08971e-05
305    1.97577e-05
306    2.00149e-05
307    2.21317e-05
308    2.34374e-05
309    2.02746e-05
310    2.04296e-05
311    2.10946e-05
312    2.12384e-05
313    1.89122e-05
314    2.08024e-05
315    1.83231e-05
316    1.95999e-05
317    1.91765e-05
318    2.07762e-05
319    2.34672e-05
320    2.20468e-05
321    2.29582e-05
322    2.51182e-05
323    2.51259e-05
324    1.89433e-05
325     2.1103e-05
326    2.49528e-05
327    2.38847e-05
328    2.02239e-05
329    2.09097e-05
330    2.36902e-05
331    2.55934e-05
332    2.18784e-05
333    2.16778e-05
334    2.19684e-05
335    2.03973e-05
336    2.05941e-05
337     2.0904e-05
338    2.36273e-05
339    2.48077e-05
340     2.6918e-05
341    2.28251e-05
342    1.87702e-05
343    1.81979e-05
344     1.6246e-05
345    2.22378e-05
346    1.82698e-05
347    2.15572e-05
348    1.91548e-05
349    1.75332e-05
350    1.92476e-05
351    2.10947e-05
352     1.8841e-05
353    1.72295e-05
354     1.9014e-05
355    1.84141e-05
356    2.07211e-05
357    1.78409e-05
358    2.00434e-05
359    2.04404e-05
360    2.18352e-05
361    2.02253e-05
362    1.72685e-05
363    1.96901e-05
364    1.61145e-05
365    1.71664e-05
366     1.7654e-05
367    1.76116e-05
368    1.67028e-05
369    1.74174e-05
370    1.63297e-05
371    1.86649e-05
372     1.8614e-05
373    1.68722e-05
374    1.68303e-05
375    1.83695e-05
376    1.90587e-05
377    1.60912e-05
378    1.78929e-05
379    1.95576e-05
380    2.00855e-05
381    1.61134e-05
382    1.83188e-05
383    1.84636e-05
384    1.83284e-05
385    1.82547e-05
386    1.75176e-05
387    1.78399e-05
388    2.06383e-05
389    1.82537e-05
390    2.09258e-05
391    1.89476e-05
392    1.67389e-05
393    1.57314e-05
394    1.59549e-05
395    1.77267e-05
396    1.68172e-05
397    1.76967e-05
398    2.06809e-05
399    1.72425e-05
400    1.76194e-05
401    1.62898e-05
402    1.31799e-05
403    1.36338e-05
404    1.65213e-05
405    1.17979e-05
406     1.3687e-05
407    1.74778e-05
408    1.70685e-05
409    1.70847e-05
410    1.70041e-05
411    1.71385e-05
412    1.52861e-05
413    1.57064e-05
414    1.65294e-05
415      1.405e-05
416    1.42225e-05
417    1.93362e-05
418    1.35323e-05
419    1.54694e-05
420    1.55842e-05
421    1.74455e-05
422    1.25686e-05
423    1.66366e-05
424    1.46333e-05
425    1.67448e-05
426    1.30389e-05
427    1.58009e-05
428    1.40906e-05
429    1.44254e-05
430    1.32459e-05
431    1.55063e-05
432    1.51859e-05
433    1.40753e-05
434    1.64844e-05
435    1.42187e-05
436    1.49187e-05
437    1.72136e-05
438    1.56344e-05
439    1.79849e-05
440    1.71561e-05
441    1.82318e-05
442    1.54483e-05
443    1.62198e-05
444    1.25795e-05
445    1.37987e-05
446    1.67326e-05
447    1.52367e-05
448    1.39397e-05
449    1.60651e-05
450    1.61791e-05
451    1.51939e-05
452    1.39321e-05
453    1.55897e-05
454    1.51364e-05
455    1.51882e-05
456     1.6143e-05
457    1.60267e-05
458    1.46782e-05
459    1.82598e-05
460    1.66686e-05
461    1.71439e-05
462    1.44326e-05
463     1.6281e-05
464    1.60569e-05
465    1.38785e-05
466    1.42859e-05
467    1.62478e-05
468    1.67582e-05
469    1.47144e-05
470    1.49102e-05
471    1.39463e-05
472    1.37703e-05
473    1.45145e-05
474    1.42777e-05
475    1.51112e-05
476    1.63161e-05
477    1.27778e-05
478    1.63128e-05
479    1.50157e-05
480    1.37697e-05
481    1.61746e-05
482     1.4338e-05
483    1.34874e-05
484    1.32749e-05
485    1.58972e-05
486    1.46847e-05
487    1.72635e-05
488    1.63212e-05
489    1.72229e-05
490    1.47317e-05
491    1.39181e-05
492    1.68973e-05
493    1.52573e-05
494    1.24557e-05
495    1.28228e-05
496    1.23567e-05
497    1.47031e-05
498    1.31386e-05
499    1.48177e-05
500    1.33723e-05
501    1.43086e-05
502    1.38375e-05
503    1.49994e-05
504    1.36425e-05
505    1.29907e-05
506    1.44892e-05
507    1.35889e-05
508    1.45159e-05
509    1.49754e-05
510    1.37183e-05
511    1.30477e-05
512    1.50211e-05
