0        40.4179
1        1.37618
2       0.776278
3       0.449757
4       0.045064
5       0.036064
6      0.0251348
7      0.0188942
8      0.0196601
9     0.00766021
10     0.00560908
11     0.00373799
12     0.00651107
13     0.00321783
14     0.00661345
15     0.00381416
16     0.00284174
17     0.00377685
18     0.00400418
19     0.00476045
20     0.00280041
21     0.00197365
22     0.00242523
23     0.00139834
24     0.00101993
25     0.00115506
26     0.00163543
27     0.00170868
28     0.00158252
29    0.000904616
30     0.00151922
31     0.00101869
32     0.00127345
33    0.000724191
34     0.00119452
35    0.000902051
36     0.00138543
37     0.00124807
38     0.00136847
39     0.00147899
40     0.00109815
41    0.000899131
42     0.00105372
43     0.00100002
44     0.00088748
45    0.000750677
46    0.000758441
47    0.000861745
48    0.000532697
49    0.000618253
50    0.000826125
51    0.000614071
52    0.000625056
53    0.000679972
54    0.000635103
55    0.000665935
56    0.000685095
57    0.000536051
58    0.000511873
59    0.000540843
60    0.000377664
61    0.000293331
62    0.000316109
63    0.000330771
64    0.000330469
65    0.000368242
66    0.000342947
67    0.000270171
68    0.000328079
69    0.000413401
70     0.00038508
71    0.000358831
72    0.000295854
73    0.000384608
74    0.000334787
75    0.000292652
76    0.000224434
77    0.000231782
78    0.000182354
79    0.000197091
80    0.000188437
81    0.000172053
82    0.000191134
83    0.000177119
84    0.000195665
85    0.000162834
86    0.000152248
87    0.000147611
88    0.000165753
89     0.00020768
90    0.000228152
91    0.000176561
92    0.000209741
93    0.000187824
94    0.000175661
95    0.000102251
96    0.000145601
97    0.000110113
98    9.69207e-05
99    0.000101873
100    9.58285e-05
101     6.6793e-05
102    0.000111091
103    8.51774e-05
104     0.00010769
105    8.58957e-05
106     0.00010267
107    8.35729e-05
108    0.000111349
109     9.1173e-05
110    7.99268e-05
111    7.83943e-05
112    8.49054e-05
113    6.64915e-05
114    7.54601e-05
115    6.96594e-05
116    6.17853e-05
117    6.83605e-05
118    7.26469e-05
119    5.45764e-05
120     7.3079e-05
121    5.67362e-05
122    6.00858e-05
123    5.47988e-05
124    6.65043e-05
125    6.16997e-05
126    6.08184e-05
127    6.08845e-05
128    5.60863e-05
129    5.87829e-05
130    6.15432e-05
131    5.35612e-05
132    6.55505e-05
133    4.17687e-05
134    4.65805e-05
135    4.60224e-05
136    5.21206e-05
137    4.78877e-05
138    5.73526e-05
139    5.05738e-05
140    5.59444e-05
141    4.95553e-05
142    3.75551e-05
143    3.93184e-05
144    3.78948e-05
145    5.40092e-05
146    4.09978e-05
147    4.01194e-05
148    3.53354e-05
149    3.43668e-05
150    3.38277e-05
151    3.29004e-05
152    3.96626e-05
153    3.27374e-05
154    3.42796e-05
155    2.86977e-05
156    3.77985e-05
157    3.26156e-05
158    2.86077e-05
159    2.62186e-05
160    3.67809e-05
161      2.588e-05
162    3.23406e-05
163    3.57989e-05
164    3.44006e-05
165    2.79426e-05
166    2.90605e-05
167    2.40031e-05
168    2.90052e-05
169    3.07779e-05
170    2.88014e-05
171    3.03435e-05
172    2.81935e-05
173     3.5593e-05
174     3.0111e-05
175    3.38583e-05
176    2.98616e-05
177     3.6424e-05
178    3.08404e-05
179    3.05692e-05
180    3.47962e-05
181     3.4453e-05
182     3.4005e-05
183    3.25926e-05
184     3.2516e-05
185    2.71235e-05
186    3.68937e-05
187    3.46393e-05
188    3.23928e-05
189    3.13721e-05
190      3.335e-05
191    3.15137e-05
192     2.7909e-05
193    2.33878e-05
194    3.45229e-05
195    3.17736e-05
196    3.70603e-05
197    3.16703e-05
198    3.39489e-05
199    3.69233e-05
200    3.20193e-05
201    3.43771e-05
202    3.35512e-05
203      3.349e-05
204    2.80165e-05
205    3.24273e-05
206     3.5396e-05
207    3.58588e-05
208    2.90791e-05
209    2.95258e-05
210      2.789e-05
211    2.57605e-05
212    2.42747e-05
213    2.62031e-05
214     3.0436e-05
215    2.35688e-05
216    2.89202e-05
217    2.46002e-05
218    2.78783e-05
219     3.2544e-05
220    2.66409e-05
221    2.32848e-05
222    2.52088e-05
223    2.24217e-05
224    2.69502e-05
225    2.37997e-05
226    2.67823e-05
227    2.62259e-05
228    2.39181e-05
229    2.30279e-05
230    2.60905e-05
231    2.26564e-05
232    2.22382e-05
233     2.6346e-05
234     2.4716e-05
235    2.44462e-05
236    2.43519e-05
237    1.96154e-05
238    1.78288e-05
239    2.34238e-05
240    2.19013e-05
241    1.94035e-05
242    2.25853e-05
243    2.01387e-05
244     2.1811e-05
245    1.76606e-05
246     1.6298e-05
247    2.03089e-05
248    2.00652e-05
249    2.48688e-05
250    2.04891e-05
251    1.90025e-05
252    2.16656e-05
253    2.32211e-05
254    1.74627e-05
255    1.77606e-05
256    2.03044e-05
257    1.64502e-05
258    1.92371e-05
259    1.79386e-05
260    1.65938e-05
261     1.6207e-05
262    1.71233e-05
263    1.67875e-05
264    1.63819e-05
265    1.87906e-05
266    1.20789e-05
267    1.32445e-05
268    1.47218e-05
269    1.25787e-05
270    1.35892e-05
271    1.32626e-05
272    1.82245e-05
273    1.54519e-05
274    1.80874e-05
275    1.26286e-05
276    1.23843e-05
277    1.29696e-05
278    1.47057e-05
279    1.19911e-05
280    1.36053e-05
281    1.39054e-05
282    1.41213e-05
283    1.35846e-05
284    1.19895e-05
285    1.21341e-05
286    1.13317e-05
287     1.1576e-05
288    1.44916e-05
289    1.40463e-05
290    1.49422e-05
291    1.26881e-05
292    1.37426e-05
293    1.20371e-05
294    1.29967e-05
295    1.28942e-05
296    1.38673e-05
297    1.33673e-05
298     1.2168e-05
299    1.45512e-05
300    1.34462e-05
301    1.14448e-05
302    1.23057e-05
303    1.03589e-05
304    1.23569e-05
305     1.1709e-05
306    1.50735e-05
307    1.11279e-05
308    1.29578e-05
309    1.41537e-05
310    1.21608e-05
311    1.19622e-05
312    1.40521e-05
313    1.34499e-05
314    1.24969e-05
315    1.44426e-05
316    1.36216e-05
317     1.3984e-05
318    1.24127e-05
319    1.24361e-05
320    1.39069e-05
321    1.38532e-05
322    1.32936e-05
323    1.42026e-05
324    1.34821e-05
325    1.40201e-05
326    1.29516e-05
327    1.38099e-05
328    1.29064e-05
329     1.3655e-05
330    1.30989e-05
331    1.23314e-05
332    1.15038e-05
333    1.41169e-05
334    1.29373e-05
335    1.15588e-05
336    1.36854e-05
337    1.05009e-05
338    1.43001e-05
339    1.12551e-05
340    1.07419e-05
341    1.29175e-05
342    1.15447e-05
343    1.21777e-05
344    1.20628e-05
345    1.06886e-05
346    1.22916e-05
347    1.18418e-05
348    1.14247e-05
349    1.35069e-05
350    1.16598e-05
351    9.97685e-06
352    1.07474e-05
353     1.2401e-05
354     1.1248e-05
355    1.07331e-05
356     1.2081e-05
357    1.07563e-05
358    1.21351e-05
359    1.26321e-05
360    1.24007e-05
361     1.1671e-05
362    1.15339e-05
363    1.03895e-05
364    1.19616e-05
365    9.48103e-06
366    1.08068e-05
367    7.48614e-06
368    9.75437e-06
369    9.79034e-06
370    1.20677e-05
371    1.10953e-05
372    1.06166e-05
373    1.00231e-05
374    1.02204e-05
375    1.08647e-05
376    1.00896e-05
377    9.50214e-06
378    8.50181e-06
379    9.66495e-06
380    1.10499e-05
381    9.63285e-06
382     8.9512e-06
383    8.53483e-06
384    1.10816e-05
385    8.45207e-06
386    9.54271e-06
387    9.26736e-06
388    9.35312e-06
389    9.78886e-06
390    8.78096e-06
391    9.10566e-06
392    9.32231e-06
393    8.77105e-06
394    9.53207e-06
395    7.37867e-06
396    9.78908e-06
397    8.74048e-06
398    1.06415e-05
399    7.50487e-06
400    9.16824e-06
401     6.9119e-06
402    9.64052e-06
403    9.30598e-06
404    1.02687e-05
405    9.69993e-06
406    9.57886e-06
407    8.33822e-06
408    8.32059e-06
409    8.75895e-06
410    9.09296e-06
411    8.05955e-06
412     7.9905e-06
413    7.11906e-06
414     7.6852e-06
415    7.08018e-06
416    7.95986e-06
417    7.99583e-06
418     7.6652e-06
419    7.94906e-06
420    8.09661e-06
421    6.74718e-06
422    6.80605e-06
423    7.96016e-06
424    7.82485e-06
425    7.01072e-06
426    8.28093e-06
427    7.01799e-06
428    7.67821e-06
429    7.51402e-06
430    7.15481e-06
431    7.88402e-06
432    6.72493e-06
433    7.21545e-06
434    6.58809e-06
435     9.1752e-06
436    9.19548e-06
437    8.57394e-06
438    7.73784e-06
439    6.83159e-06
440    6.55193e-06
441    7.38097e-06
442    6.71714e-06
443     7.7108e-06
444    6.12453e-06
445    6.23184e-06
446    7.10569e-06
447    7.46082e-06
448    7.80436e-06
449    8.45295e-06
450    5.88794e-06
451     6.6672e-06
452    7.37522e-06
453    6.48744e-06
454    7.51939e-06
455    7.58267e-06
456    7.16083e-06
457    8.06289e-06
458    7.38717e-06
459    7.32938e-06
460    7.37841e-06
461    6.37415e-06
462     5.7087e-06
463    5.50495e-06
464    4.41986e-06
465    6.12796e-06
466    7.02956e-06
467    6.83995e-06
468    6.63565e-06
469    7.83696e-06
470     6.8933e-06
471     6.4538e-06
472    5.59865e-06
473    6.48746e-06
474    6.37409e-06
475    6.19669e-06
476    7.40017e-06
477    5.69123e-06
478    5.97129e-06
479    5.74471e-06
480    7.01582e-06
481    7.29554e-06
482    7.16098e-06
483    6.85331e-06
484    7.09576e-06
485    6.05877e-06
486    6.06608e-06
487    6.07489e-06
488    6.20404e-06
489     6.1504e-06
490    6.22703e-06
491    6.85992e-06
492     7.7169e-06
493    6.37136e-06
494    6.44883e-06
495    7.33135e-06
496    7.95709e-06
497     7.4777e-06
498    6.99121e-06
499    6.85228e-06
500    5.54271e-06
501    5.93359e-06
502    5.66205e-06
503    7.21081e-06
504    6.31483e-06
505    5.56325e-06
506    5.58392e-06
507    5.26607e-06
508    5.95243e-06
509    4.57163e-06
510    5.68371e-06
511    6.03814e-06
512    6.36876e-06
