0          40.49
1        1.36276
2       0.784242
3       0.459206
4      0.0424658
5      0.0378936
6      0.0217641
7      0.0148806
8      0.0159345
9     0.00762259
10     0.00438974
11     0.00252699
12     0.00520809
13     0.00307936
14     0.00467016
15     0.00314709
16     0.00208967
17     0.00300732
18     0.00322117
19     0.00347947
20     0.00231613
21     0.00136263
22     0.00166728
23     0.00105031
24     0.00073685
25    0.000787264
26     0.00128431
27     0.00120079
28     0.00121835
29    0.000657074
30     0.00128875
31     0.00061931
32    0.000965443
33    0.000486766
34     0.00087198
35    0.000496294
36    0.000877334
37    0.000876641
38     0.00110226
39     0.00121635
40    0.000884362
41    0.000661411
42    0.000705786
43    0.000706109
44    0.000648894
45    0.000591872
46    0.000690061
47    0.000646326
48    0.000371099
49    0.000419273
50    0.000597874
51    0.000440643
52    0.000522558
53    0.000599486
54    0.000457645
55    0.000482783
56    0.000534998
57    0.000406563
58    0.000399488
59    0.000395017
60    0.000283244
61    0.000200903
62    0.000220622
63    0.000306403
64    0.000242693
65    0.000247111
66    0.000257117
67    0.000141439
68    0.000271322
69    0.000264903
70    0.000283276
71    0.000233891
72    0.000200458
73    0.000272006
74    0.000250148
75    0.000212783
76    0.000181236
77    0.000142615
78    0.000150497
79    0.000138341
80    0.000120064
81    0.000130509
82    0.000140163
83    0.000141587
84    0.000129461
85     8.3506e-05
86    8.85275e-05
87    7.67953e-05
88    9.87124e-05
89     0.00014586
90    0.000155317
91    0.000113701
92    0.000135248
93    9.98392e-05
94    0.000114273
95    6.94778e-05
96    8.58061e-05
97    6.99701e-05
98    6.65373e-05
99    4.53736e-05
100    4.96725e-05
101    2.85716e-05
102    5.53629e-05
103    4.34296e-05
104    5.09551e-05
105     3.8362e-05
106    4.95703e-05
107    4.28235e-05
108    5.54426e-05
109    4.26997e-05
110    4.88094e-05
111    3.44588e-05
112    4.90428e-05
113     3.9658e-05
114    3.65675e-05
115    3.12303e-05
116    3.15481e-05
117    2.67565e-05
118    2.12057e-05
119    2.08162e-05
120    1.93051e-05
121    2.08462e-05
122    1.94742e-05
123    2.00501e-05
124     3.0166e-05
125    2.41819e-05
126    2.57778e-05
127    1.90316e-05
128    1.74217e-05
129    2.59348e-05
130    1.33925e-05
131    1.88384e-05
132    1.53116e-05
133    1.22165e-05
134     1.7842e-05
135    1.50081e-05
136    1.71156e-05
137    1.09353e-05
138    1.58902e-05
139     1.5737e-05
140    1.75827e-05
141    1.96988e-05
142    9.77839e-06
143    2.08373e-05
144    1.58781e-05
145    2.51389e-05
146    1.70717e-05
147    1.72243e-05
148    2.05014e-05
149    1.17229e-05
150    1.15838e-05
151    8.46102e-06
152    1.24444e-05
153     3.2824e-06
154    9.03212e-06
155    9.40451e-06
156    8.30267e-06
157    1.25396e-05
158    6.51562e-06
159    8.14257e-06
160     5.5089e-06
161    2.13687e-06
162    1.17117e-05
163    8.49821e-06
164    1.63263e-05
165    1.45592e-05
166    8.59366e-06
167    9.37507e-06
168    1.36251e-05
169    1.06029e-05
170    1.10527e-05
171    7.65048e-06
172    2.05576e-06
173    3.88356e-06
174    8.21038e-06
175    1.29697e-05
176     9.0208e-06
177    1.26598e-05
178    8.62347e-06
179    7.80362e-06
180    1.10793e-05
181    1.08497e-05
182    1.51653e-05
183    6.31573e-06
184     8.0163e-06
185    8.17632e-06
186    1.18994e-05
187    1.12366e-05
188    9.76183e-06
189    9.39216e-06
190    5.22723e-06
191    1.08763e-05
192    4.90283e-06
193    6.67558e-06
194    1.41304e-05
195    1.11144e-05
196    1.36424e-05
197    1.06304e-05
198    1.02011e-05
199    1.20172e-05
200    1.58023e-05
201    1.57819e-05
202    1.58076e-05
203    1.36864e-05
204    1.19349e-05
205    1.22196e-05
206    1.34167e-05
207    1.54619e-05
208    1.21916e-05
209    1.58059e-05
210     1.0637e-05
211    1.19766e-05
212    1.02391e-05
213    1.11144e-05
214    1.19827e-05
215    1.05277e-05
216     8.5548e-06
217    9.62251e-06
218    1.29032e-05
219    1.01079e-05
220    7.95791e-06
221    8.36879e-06
222    9.43087e-06
223    8.64042e-06
224    7.53507e-06
225    5.97309e-06
226    6.29032e-06
227    4.50834e-06
228     6.1358e-06
229    5.28155e-06
230      7.736e-06
231    2.78475e-06
232    7.78785e-06
233    8.46162e-06
234    5.25005e-06
235    8.83175e-06
236    6.26725e-06
237    5.94554e-06
238    9.05448e-06
239    5.60101e-06
240    6.73831e-06
241    5.43214e-06
242    4.64421e-06
243    8.22107e-06
244    6.97491e-06
245    5.33208e-06
246    3.82861e-06
247    2.94474e-06
248     7.6172e-06
249    4.95353e-06
250    6.68449e-06
251    6.41804e-06
252    4.14126e-06
253    6.03428e-06
254    4.72753e-06
255    3.12897e-06
256    4.85142e-06
257    8.05351e-06
258    6.65195e-06
259    5.38948e-06
260    5.77261e-06
261    5.20457e-06
262    5.77022e-06
263    2.25381e-06
264     4.6225e-06
265    2.30159e-06
266    8.03166e-07
267     1.7146e-06
268    3.65741e-06
269    1.81585e-06
270    2.53545e-06
271    3.32811e-06
272    2.67216e-06
273    3.05584e-06
274    2.78384e-06
275    2.04503e-06
276    2.78406e-06
277    2.29243e-06
278    3.65745e-06
279    2.26476e-06
280    3.56969e-06
281    4.09837e-06
282    4.81817e-06
283    4.38242e-06
284    5.61884e-06
285    2.47876e-06
286    2.57172e-06
287    2.82798e-06
288    1.17947e-06
289    1.40447e-06
290    1.15875e-06
291    2.94062e-06
292    1.86517e-06
293    1.38233e-06
294    1.29782e-06
295    3.92687e-06
296    2.06312e-06
297    1.21149e-06
298    1.28045e-06
299    1.83267e-06
300    1.74629e-06
301    2.62496e-06
302    1.33648e-06
303    1.20431e-06
304    3.14453e-06
305    3.11705e-06
306    2.00139e-06
307    2.66553e-06
308      3.039e-06
309    2.48921e-06
310    3.00368e-06
311    2.18743e-06
312      4.424e-06
313    3.56021e-06
314    3.02204e-06
315    2.96124e-06
316     3.6503e-06
317     4.0996e-06
318    3.45051e-06
319    2.97903e-06
320    3.42318e-06
321     3.1353e-06
322    2.63973e-06
323    2.19325e-06
324    2.97767e-06
325    1.26213e-06
326    3.51342e-06
327    4.26199e-06
328    3.45508e-06
329    2.62445e-06
330    5.05512e-06
331    2.75159e-06
332    4.94691e-06
333    3.34547e-06
334    2.62453e-06
335     2.7149e-06
336    1.71534e-06
337    6.89551e-07
338    3.75802e-06
339    2.84387e-06
340    3.03344e-06
341     3.5562e-06
342    3.22555e-06
343    1.67088e-06
344    2.03587e-06
345    3.14231e-06
346     2.8888e-06
347     3.6454e-06
348     1.7859e-06
349    1.84701e-06
350    3.72635e-06
351    1.98137e-06
352    2.87756e-06
353    4.82659e-06
354    3.58417e-06
355    2.54195e-06
356    3.02549e-06
357    2.30741e-06
358      1.502e-06
359    1.88762e-06
360    3.81302e-06
361    2.17301e-06
362     2.7277e-06
363    1.53459e-06
364    2.50238e-06
365     2.7917e-06
366    2.95225e-06
367    2.88744e-06
368    2.32086e-06
369    2.67534e-06
370    3.36559e-06
371    3.31504e-06
372    2.93411e-06
373    2.21856e-06
374    2.20988e-06
375    2.11508e-06
376    2.14072e-06
377    9.38113e-07
378    1.58358e-06
379    2.49483e-06
380     2.0034e-06
381    1.34087e-06
382    2.06884e-06
383    1.23451e-06
384    3.44525e-06
385    1.91327e-06
386    9.57209e-07
387    2.09797e-06
388    2.71634e-06
389    1.42108e-06
390    2.10587e-06
391     1.7228e-06
392    2.24162e-06
393    3.60375e-06
394    1.80608e-06
395    1.14049e-06
396    1.60209e-06
397    7.33727e-07
398    2.28259e-06
399    1.15272e-06
400    1.25017e-06
401    1.29823e-06
402    2.01763e-06
403    1.20583e-06
404    1.01599e-06
405    1.81535e-06
406    2.59768e-06
407    1.31938e-06
408    2.02366e-06
409     2.0293e-06
410    1.63557e-06
411    1.88926e-06
412    3.34787e-06
413    1.57988e-06
414    2.72119e-06
415    1.16561e-06
416    1.43981e-06
417    2.45548e-06
418    1.11706e-06
419    1.68075e-06
420    1.30995e-06
421    5.97269e-08
422     6.7207e-07
423    1.58385e-06
424    1.16646e-06
425    1.02064e-06
426    7.93112e-07
427    9.45921e-07
428    2.05584e-06
429    1.77676e-07
430    1.06637e-06
431    7.49821e-07
432   -4.31211e-07
433   -2.31085e-07
434   -2.47372e-07
435    1.14455e-07
436    6.85892e-07
437    1.90784e-06
438    1.16567e-06
439    1.40309e-06
440    9.84722e-07
441    5.66893e-07
442    8.33288e-07
443    1.16775e-06
444    3.65123e-07
445    2.21197e-06
446    1.33229e-06
447    1.05466e-06
448    2.49365e-06
449    9.62286e-07
450    1.80582e-06
451    1.76688e-06
452    1.61495e-06
453    1.46379e-06
454    1.24635e-06
455     1.2295e-06
456     2.5574e-06
457    1.56179e-06
458      1.975e-06
459    1.90819e-06
460     1.5815e-06
461    1.48197e-06
462    1.00674e-06
463     2.4317e-06
464    1.07074e-06
465    7.82029e-07
466    1.03478e-06
467     5.1125e-07
468    2.27319e-06
469    2.51344e-06
470    1.03674e-06
471    2.16331e-06
472     1.8642e-06
473     1.8047e-06
474    1.24257e-06
475    7.67881e-07
476    1.00203e-06
477    6.16611e-07
478    9.22759e-07
479    8.76664e-07
480    1.29337e-06
481    2.01776e-06
482    4.26368e-07
483    2.26872e-06
484    2.72588e-07
485    6.92532e-07
486    1.63444e-06
487    1.01475e-06
488    1.56407e-06
489    7.57712e-07
490    1.57432e-06
491    7.26549e-07
492    1.65679e-06
493    2.15256e-06
494    1.29823e-06
495    1.38897e-06
496    1.69564e-06
497    2.44922e-06
498    2.10614e-06
499    1.71692e-06
500    2.23575e-06
501    2.05903e-06
502    2.21916e-06
503    1.45242e-06
504    1.11928e-06
505    9.86468e-07
506    5.99322e-07
507    3.40421e-07
508    1.32756e-06
509    1.00347e-06
510    1.33487e-06
511    9.90112e-07
512    1.37471e-06
