0        37.9168
1        1.56421
2       0.956828
3       0.567735
4      0.0630577
5      0.0495197
6      0.0250403
7      0.0197772
8      0.0190296
9     0.00954866
10     0.00572986
11      0.0035458
12     0.00598167
13     0.00321668
14     0.00550638
15     0.00357972
16     0.00296971
17     0.00332166
18     0.00341935
19     0.00397705
20     0.00293764
21     0.00217595
22     0.00238208
23     0.00145254
24    0.000874642
25     0.00105078
26     0.00161032
27     0.00136514
28     0.00118023
29     0.00110015
30     0.00131952
31      0.0008152
32     0.00108392
33    0.000716071
34     0.00118636
35    0.000653576
36     0.00116565
37     0.00103203
38     0.00118415
39     0.00125885
40     0.00103244
41    0.000936987
42     0.00102036
43    0.000856364
44    0.000926298
45    0.000797293
46    0.000733308
47    0.000737264
48    0.000573687
49    0.000560604
50    0.000712142
51     0.00054114
52    0.000678858
53    0.000655863
54    0.000588646
55    0.000659658
56    0.000562706
57    0.000504885
58    0.000478797
59    0.000535288
60    0.000458326
61    0.000377452
62    0.000276079
63    0.000329542
64    0.000325093
65    0.000308876
66    0.000374855
67    0.000262144
68    0.000368704
69    0.000363004
70    0.000357941
71    0.000327919
72    0.000291548
73    0.000312927
74    0.000279782
75    0.000276837
76     0.00021098
77     0.00020732
78    0.000178528
79     0.00017482
80    0.000163372
81    0.000163965
82    0.000212507
83     0.00016581
84    0.000176473
85     0.00015122
86    0.000130367
87    0.000140005
88    0.000145678
89    0.000172873
90    0.000177339
91    0.000170339
92    0.000174345
93    0.000154837
94    0.000164404
95    0.000118105
96    0.000128399
97    0.000104808
98    0.000111884
99    0.000102207
100    8.54825e-05
101    7.97515e-05
102    0.000111604
103    8.95189e-05
104    0.000117792
105    9.47013e-05
106    8.09025e-05
107    7.51138e-05
108    8.39499e-05
109    7.34757e-05
110    7.72235e-05
111    6.61957e-05
112    8.46752e-05
113     6.4057e-05
114    7.46435e-05
115    6.28856e-05
116    5.55691e-05
117    6.65379e-05
118    5.70193e-05
119    5.43594e-05
120    5.97062e-05
121     5.3989e-05
122    5.76322e-05
123    5.20731e-05
124    6.32385e-05
125    5.04449e-05
126    4.48183e-05
127    4.71064e-05
128    4.21787e-05
129    5.94196e-05
130    5.30535e-05
131    5.07952e-05
132    4.40473e-05
133    4.27488e-05
134    4.95594e-05
135     4.1533e-05
136    4.00521e-05
137    3.16412e-05
138    4.11361e-05
139    3.53376e-05
140    3.55446e-05
141    4.15988e-05
142    3.36713e-05
143     3.8364e-05
144    3.66976e-05
145    3.74824e-05
146    3.05002e-05
147    3.89008e-05
148     3.0916e-05
149    2.71808e-05
150     2.4345e-05
151    3.06335e-05
152    3.25151e-05
153    2.97179e-05
154    2.49213e-05
155    2.84472e-05
156    2.94128e-05
157    2.60161e-05
158    2.89733e-05
159    2.85731e-05
160      3.265e-05
161    3.11103e-05
162    3.11281e-05
163    3.42778e-05
164     3.7983e-05
165     2.3847e-05
166    2.72111e-05
167    2.82661e-05
168    2.91865e-05
169    2.43192e-05
170    2.52542e-05
171    2.40567e-05
172    1.87124e-05
173    2.33997e-05
174    2.17285e-05
175     2.8098e-05
176    2.59336e-05
177    2.39454e-05
178    2.71397e-05
179    2.14393e-05
180    3.35137e-05
181    3.05264e-05
182    3.20953e-05
183    2.97255e-05
184    3.13972e-05
185    2.47989e-05
186    2.93344e-05
187     2.5424e-05
188    2.79877e-05
189    2.08143e-05
190    2.43115e-05
191    2.79093e-05
192    2.36848e-05
193    2.50629e-05
194    2.80268e-05
195    2.65795e-05
196    2.52889e-05
197    2.23269e-05
198    2.13087e-05
199    2.38145e-05
200    2.09766e-05
201    2.68422e-05
202    2.82406e-05
203    2.56898e-05
204    2.09346e-05
205    2.44716e-05
206    2.47967e-05
207    2.99816e-05
208    2.53294e-05
209    2.47749e-05
210    2.31464e-05
211    2.41416e-05
212    2.22966e-05
213    2.37963e-05
214    2.64732e-05
215    2.46285e-05
216    2.49507e-05
217      2.131e-05
218     2.8028e-05
219    2.31953e-05
220     2.0772e-05
221    2.09062e-05
222    2.37163e-05
223    2.16106e-05
224    2.20454e-05
225    2.05944e-05
226    2.23516e-05
227    1.79299e-05
228    2.24633e-05
229    1.81613e-05
230    2.20625e-05
231    1.75957e-05
232    1.97938e-05
233    1.60006e-05
234    1.71504e-05
235    2.04666e-05
236    1.97223e-05
237    1.39904e-05
238     1.6846e-05
239    1.82325e-05
240    2.00521e-05
241    1.64893e-05
242    1.85213e-05
243    1.68458e-05
244    2.06253e-05
245    1.59773e-05
246     1.4834e-05
247    1.45144e-05
248    1.78676e-05
249    1.67736e-05
250    1.68455e-05
251    1.53111e-05
252    1.65127e-05
253    1.58845e-05
254    1.35647e-05
255    1.39018e-05
256    1.51827e-05
257    1.23833e-05
258     1.6667e-05
259    1.53493e-05
260    1.28401e-05
261    1.23036e-05
262    1.46789e-05
263    1.24133e-05
264     1.1945e-05
265    1.35731e-05
266    1.24608e-05
267    1.10452e-05
268    1.15615e-05
269    1.14656e-05
270    1.02556e-05
271    1.18354e-05
272    1.20705e-05
273    1.16385e-05
274    1.10636e-05
275    1.13736e-05
276    1.07158e-05
277    1.05648e-05
278    1.26235e-05
279    1.14969e-05
280    1.23289e-05
281    1.20755e-05
282    1.24861e-05
283    1.30455e-05
284    9.83346e-06
285    1.20116e-05
286    1.01013e-05
287    1.01304e-05
288    9.33504e-06
289    9.89165e-06
290    9.69555e-06
291    7.57315e-06
292    9.55472e-06
293    7.54719e-06
294    9.02798e-06
295    1.13445e-05
296    1.29187e-05
297    1.12333e-05
298    1.05692e-05
299     9.1757e-06
300    1.22079e-05
301    1.17783e-05
302    1.08814e-05
303    1.03461e-05
304    1.18848e-05
305    1.05029e-05
306    1.07313e-05
307    1.10361e-05
308    1.08732e-05
309     1.1752e-05
310    9.59849e-06
311    1.02887e-05
312     1.0134e-05
313    1.09577e-05
314    1.16858e-05
315    1.05478e-05
316    1.09535e-05
317    1.11205e-05
318    9.32839e-06
319     8.5257e-06
320    8.70502e-06
321    1.08336e-05
322    9.74092e-06
323    1.02162e-05
324    1.08806e-05
325    8.92043e-06
326    9.93563e-06
327    1.01413e-05
328    9.94704e-06
329    1.12312e-05
330    1.07707e-05
331    9.94729e-06
332    1.19656e-05
333     1.0876e-05
334    1.04033e-05
335    8.40829e-06
336    1.00644e-05
337    9.93493e-06
338    1.06011e-05
339    8.01951e-06
340     9.0247e-06
341    8.13748e-06
342    7.99988e-06
343    9.16309e-06
344    9.22701e-06
345    8.90485e-06
346    1.08696e-05
347    9.15586e-06
348    1.02238e-05
349      9.574e-06
350    9.12668e-06
351    1.04476e-05
352     1.0861e-05
353    1.01983e-05
354    8.43196e-06
355    1.00282e-05
356      8.386e-06
357    8.32796e-06
358    8.44654e-06
359     8.6085e-06
360    8.94539e-06
361    7.29925e-06
362    7.61177e-06
363    8.48187e-06
364    8.73251e-06
365    8.58436e-06
366     9.9929e-06
367    8.22571e-06
368    8.60461e-06
369    7.83342e-06
370    8.39792e-06
371     9.8826e-06
372    7.88828e-06
373     9.3812e-06
374    8.38928e-06
375    8.49458e-06
376    9.19175e-06
377    9.40918e-06
378     9.5927e-06
379    8.05723e-06
380    7.40995e-06
381    7.24683e-06
382    8.13619e-06
383    7.31709e-06
384    8.40707e-06
385    9.18817e-06
386    9.84047e-06
387    8.71989e-06
388    8.24248e-06
389    7.55559e-06
390    8.72949e-06
391      7.773e-06
392    7.24371e-06
393    7.09583e-06
394    7.91295e-06
395    9.40604e-06
396     8.4736e-06
397    7.34407e-06
398    8.17195e-06
399    6.82485e-06
400    6.47262e-06
401    5.69002e-06
402    7.42046e-06
403    7.32391e-06
404    8.32052e-06
405    7.08825e-06
406    6.81189e-06
407    7.50963e-06
408    7.81691e-06
409     7.6058e-06
410    6.68358e-06
411      5.942e-06
412    6.36464e-06
413    5.91953e-06
414    6.49214e-06
415    5.13714e-06
416    7.63766e-06
417    7.78128e-06
418     6.3133e-06
419    6.82703e-06
420    6.40508e-06
421    4.89267e-06
422    6.28124e-06
423     6.4153e-06
424    5.34212e-06
425    5.75508e-06
426    6.87791e-06
427    6.67477e-06
428    7.24604e-06
429    7.05279e-06
430    6.99584e-06
431    6.28872e-06
432    6.63194e-06
433    6.10267e-06
434    6.35395e-06
435    6.29403e-06
436    7.95056e-06
437    6.13644e-06
438    7.39782e-06
439    7.00506e-06
440    5.89174e-06
441    6.54548e-06
442    6.03382e-06
443    7.41957e-06
444    5.78561e-06
445    4.88518e-06
446    5.11377e-06
447    5.44481e-06
448    6.11724e-06
449    5.34291e-06
450    5.89819e-06
451    5.68288e-06
452     5.8593e-06
453    5.70462e-06
454    5.19861e-06
455    4.93718e-06
456    4.16698e-06
457    5.56355e-06
458    5.68343e-06
459    5.71436e-06
460    6.94725e-06
461    6.36235e-06
462    5.03167e-06
463    5.11971e-06
464    5.94676e-06
465    5.30935e-06
466    6.68907e-06
467    6.45124e-06
468    6.40092e-06
469    6.23829e-06
470    7.33791e-06
471    6.09051e-06
472    5.97749e-06
473    6.50696e-06
474    6.31827e-06
475    5.66619e-06
476    6.22475e-06
477    6.10846e-06
478     6.2822e-06
479    5.57586e-06
480     5.8788e-06
481    5.84307e-06
482    6.36003e-06
483     6.5653e-06
484    6.54191e-06
485    5.78515e-06
486    6.89261e-06
487    5.76368e-06
488    5.81955e-06
489    4.65827e-06
490     6.2112e-06
491    6.46301e-06
492    5.55898e-06
493    6.51495e-06
494    6.64953e-06
495    6.49884e-06
496    6.13141e-06
497    6.29256e-06
498    4.49508e-06
499    6.22334e-06
500    5.40453e-06
501    5.04489e-06
502    7.15649e-06
503    5.87192e-06
504     5.8017e-06
505    6.24115e-06
506    5.42518e-06
507     5.4521e-06
508    5.75551e-06
509    5.06941e-06
510    5.43161e-06
511    5.04695e-06
512    4.76892e-06
