0        45.4735
1       0.850609
2       0.506695
3       0.316205
4      0.0342521
5      0.0311114
6      0.0152148
7      0.0109932
8      0.0104571
9     0.00434292
10     0.00290618
11     0.00200399
12     0.00363237
13     0.00219766
14     0.00349624
15      0.0025596
16     0.00165392
17     0.00210525
18     0.00213916
19      0.0024773
20     0.00174489
21     0.00112384
22     0.00124317
23     0.00086999
24    0.000741825
25    0.000557862
26     0.00108886
27    0.000861221
28    0.000937427
29    0.000615573
30    0.000922218
31    0.000484536
32    0.000765628
33    0.000474875
34     0.00065172
35    0.000411336
36    0.000683099
37    0.000675733
38    0.000839456
39    0.000944432
40    0.000636382
41    0.000628281
42    0.000635874
43    0.000515613
44    0.000505974
45    0.000433872
46    0.000510888
47    0.000501694
48    0.000375217
49    0.000392922
50    0.000401439
51    0.000402693
52    0.000391067
53    0.000495574
54    0.000345437
55    0.000365222
56    0.000357427
57    0.000308285
58    0.000282417
59    0.000275314
60    0.000237631
61    0.000199746
62    0.000174548
63    0.000167542
64    0.000183176
65    0.000184965
66    0.000213798
67     0.00015108
68    0.000220356
69    0.000234492
70    0.000249184
71    0.000222032
72    0.000205664
73    0.000195339
74    0.000175457
75    0.000199672
76    0.000122295
77    0.000146209
78    0.000107914
79    0.000115621
80    9.40362e-05
81    8.74476e-05
82    0.000103837
83    9.39369e-05
84    9.39264e-05
85    8.87144e-05
86    6.47053e-05
87    6.47359e-05
88    9.29039e-05
89    0.000101282
90    0.000116094
91    9.38859e-05
92    9.83574e-05
93    9.64835e-05
94    9.66432e-05
95    5.02814e-05
96    7.54326e-05
97    5.31983e-05
98    5.52727e-05
99    4.94596e-05
100    4.47793e-05
101    4.06339e-05
102    4.13657e-05
103    3.15246e-05
104    5.26369e-05
105    2.16391e-05
106      3.201e-05
107    3.24894e-05
108    4.36656e-05
109    3.58607e-05
110    2.95832e-05
111    2.52722e-05
112    3.08571e-05
113    2.41416e-05
114    2.89338e-05
115    1.28671e-05
116     2.2121e-05
117    1.78909e-05
118    1.25944e-05
119     1.7982e-05
120    1.99684e-05
121    1.54903e-05
122    1.75996e-05
123    1.28985e-05
124    2.65278e-05
125    1.69085e-05
126    1.87384e-05
127     1.4354e-05
128    1.56891e-05
129    1.29786e-05
130    1.20784e-05
131    1.63407e-05
132    1.93249e-05
133    1.22041e-05
134    1.63267e-05
135    1.48147e-05
136    1.54605e-05
137    1.32167e-05
138     1.1738e-05
139    1.25557e-05
140    4.37539e-06
141    1.53538e-05
142    9.80959e-06
143    1.03591e-05
144    1.37714e-05
145    1.74878e-05
146    1.10638e-05
147    1.78456e-05
148    1.18061e-05
149    3.01279e-06
150    1.02312e-05
151    7.10201e-06
152    4.69691e-06
153    8.79135e-06
154    6.49548e-06
155    3.86498e-06
156    3.53623e-06
157    3.98862e-06
158    3.71997e-06
159    7.14112e-06
160    7.64308e-06
161    9.21241e-06
162    5.39167e-06
163    8.52214e-06
164    6.48575e-06
165    5.02311e-06
166    3.44626e-06
167    6.77341e-06
168    3.65126e-06
169    6.30395e-06
170    7.02033e-06
171     5.3373e-06
172    3.42371e-06
173    9.89564e-06
174    4.13103e-06
175    5.55792e-06
176    2.99035e-06
177    5.61773e-06
178    3.78022e-06
179    2.31803e-06
180    3.30603e-06
181    6.35042e-06
182    6.27448e-06
183    8.74462e-06
184    8.32648e-06
185    7.54447e-06
186    1.00331e-05
187    1.05237e-05
188    8.40704e-06
189    8.66165e-06
190    4.95689e-06
191    9.34142e-06
192    6.18049e-06
193     2.2303e-06
194    9.68492e-06
195     7.3398e-06
196    1.06354e-05
197    1.06671e-05
198    1.05156e-05
199    1.36245e-05
200      5.335e-06
201    8.78637e-06
202    8.52034e-06
203     9.3936e-06
204    5.00113e-06
205    6.33808e-06
206    9.76087e-06
207    1.16139e-05
208    6.33358e-06
209    9.38385e-06
210    6.56938e-06
211     5.8757e-06
212    7.92852e-06
213    9.17469e-06
214    9.18487e-06
215    8.13577e-06
216    1.07462e-05
217    7.64277e-06
218     7.4221e-06
219    1.01299e-05
220    7.00939e-06
221     6.9418e-06
222    5.06496e-06
223    7.94653e-06
224    8.46207e-06
225    7.05134e-06
226    7.10948e-06
227    8.10539e-06
228    5.61346e-06
229    3.63643e-06
230    9.12905e-06
231     3.9763e-06
232    5.23905e-06
233    5.16099e-06
234    6.97355e-06
235    6.34929e-06
236    5.35326e-06
237    2.03696e-06
238     4.1054e-06
239    2.97243e-06
240    5.17647e-06
241    3.61073e-06
242    4.77655e-06
243     5.0297e-06
244     6.3117e-06
245    5.10131e-06
246    4.91925e-06
247    2.95158e-06
248    3.20814e-06
249    4.42872e-06
250      5.773e-06
251     2.7398e-06
252    4.23287e-06
253    5.66752e-06
254    4.42809e-06
255    4.23185e-06
256    6.37745e-06
257    2.94486e-06
258    3.63559e-06
259    3.41962e-06
260    2.43822e-06
261    1.73624e-06
262    1.17188e-06
263     1.5613e-06
264    1.59128e-06
265    1.45442e-06
266    3.25181e-06
267    2.75741e-06
268    3.94136e-06
269    2.41059e-06
270    3.67551e-06
271    1.26869e-06
272     1.1936e-06
273     1.0072e-06
274    3.05274e-06
275     1.8017e-06
276   -7.69859e-08
277    2.75729e-06
278    3.29869e-06
279    1.00621e-06
280    3.09031e-06
281    6.56785e-07
282    1.46098e-06
283    1.95755e-06
284     2.4069e-06
285    2.05914e-06
286    1.49733e-06
287    1.01058e-06
288    2.43371e-07
289    2.39545e-06
290   -7.56952e-07
291    1.56504e-06
292    1.59797e-06
293    2.02459e-06
294    2.53164e-06
295    2.81267e-06
296    1.99067e-06
297    1.46005e-06
298    1.16455e-06
299    8.25618e-07
300    1.42377e-07
301   -2.12685e-07
302    4.91764e-07
303   -4.84526e-08
304   -4.17793e-07
305    3.89571e-07
306    2.43013e-06
307    1.30665e-06
308    1.23656e-06
309    2.55867e-06
310    2.35285e-06
311    1.68255e-06
312    2.40131e-06
313    1.36241e-06
314    1.97064e-06
315    1.79302e-06
316    2.04485e-06
317    3.23835e-06
318    1.45788e-06
319    1.17901e-06
320    1.97251e-06
321    9.92591e-07
322    3.97454e-07
323    4.98431e-07
324     1.1376e-06
325    1.72394e-06
326     2.0966e-06
327    2.00469e-06
328    3.29521e-06
329    1.85636e-06
330    2.67087e-06
331    1.15396e-06
332    2.89887e-06
333    1.43961e-06
334    2.95454e-06
335      2.424e-06
336    6.99413e-07
337    3.89528e-06
338    1.61832e-06
339   -1.74074e-07
340    2.37662e-06
341    1.65717e-06
342    2.53456e-06
343    3.24351e-06
344    9.25475e-07
345    2.72438e-06
346    1.01753e-06
347     1.5263e-06
348    2.74599e-06
349    1.78005e-06
350    2.76813e-06
351    1.70609e-06
352    1.65815e-06
353    1.42258e-06
354    2.78027e-06
355     1.1444e-06
356    1.55524e-06
357    2.35879e-06
358    2.19584e-06
359    1.44304e-06
360    2.17268e-06
361    7.51776e-07
362     8.0521e-07
363     2.7675e-06
364    2.34969e-06
365     4.0132e-07
366    3.33632e-06
367    1.18308e-06
368    6.78894e-07
369    1.60579e-06
370    1.98263e-06
371    1.15746e-06
372    1.31958e-06
373    1.36277e-06
374    -1.7883e-07
375    2.05271e-06
376    2.32864e-06
377    2.08745e-06
378    2.90817e-06
379    1.44856e-06
380    6.84972e-07
381    3.26502e-07
382    1.18348e-06
383    8.54191e-07
384     3.2193e-06
385      2.332e-06
386    1.61875e-06
387    2.09494e-06
388    2.56855e-06
389    2.16676e-06
390    5.36758e-07
391    5.92116e-07
392    9.17729e-07
393    1.03176e-06
394    7.68562e-07
395    7.05808e-07
396    5.94041e-07
397   -3.08519e-07
398    7.45008e-07
399    6.62364e-07
400    8.23551e-07
401   -5.12573e-07
402    2.12128e-07
403    6.81961e-07
404    8.45534e-07
405    1.18439e-06
406    1.05748e-06
407    7.80771e-07
408    8.96119e-07
409    1.37601e-06
410    5.77643e-07
411    6.85746e-07
412    1.16904e-06
413    9.13267e-07
414    2.35613e-06
415    1.70784e-07
416    1.40884e-06
417    7.34958e-07
418    1.17313e-06
419    8.65547e-07
420    2.76779e-07
421     1.7533e-06
422     9.8278e-07
423    6.20968e-07
424    1.22264e-06
425    7.23908e-07
426    9.60687e-07
427    9.27303e-07
428    4.84853e-07
429    1.28112e-06
430    2.89811e-07
431    1.33184e-06
432    5.12522e-07
433    1.32534e-06
434    7.87939e-07
435    4.37517e-07
436    8.90799e-07
437    7.57535e-07
438     3.0554e-07
439     2.8094e-07
440    8.44816e-07
441    9.61452e-07
442   -5.10818e-07
443    2.65282e-07
444     2.3538e-07
445   -5.97877e-08
446   -1.44272e-07
447    5.48508e-07
448    8.03208e-07
449   -2.84909e-07
450    9.19811e-07
451   -3.07998e-07
452    3.03602e-07
453   -3.64164e-07
454    2.23623e-07
455    1.14395e-07
456    2.79272e-07
457    1.81217e-09
458    6.65284e-07
459   -3.59979e-07
460     1.5091e-06
461    1.30801e-06
462    5.58585e-07
463    3.79486e-07
464    8.30428e-07
465    1.20814e-06
466    1.30242e-06
467    2.16729e-07
468    1.66284e-06
469    7.32352e-08
470     1.3352e-06
471    1.49672e-06
472    1.70848e-06
473    1.78728e-06
474    6.97746e-07
475    9.86833e-07
476    2.67041e-07
477     1.5798e-06
478    6.89768e-07
479    1.99344e-07
480     1.3801e-07
481    1.04628e-06
482    1.39161e-06
483     6.8039e-07
484    1.96996e-06
485    1.18395e-06
486      5.492e-07
487    9.32848e-07
488    1.08402e-06
489    1.32416e-06
490    2.18971e-07
491    9.94428e-07
492    1.30593e-06
493    9.32635e-07
494      1.187e-06
495    3.13431e-07
496    1.04571e-06
497    2.32215e-07
498    4.78709e-07
499    1.12505e-06
500    5.10966e-07
501    5.11765e-07
502    2.92093e-07
503   -1.24338e-07
504    1.62917e-06
505    3.61432e-07
506    6.16305e-07
507     6.8151e-07
508    -1.5959e-07
509    7.48862e-07
510    1.03887e-06
511    3.91372e-07
512    8.93024e-07
