0        38.3605
1        1.51828
2       0.953002
3       0.572625
4      0.0592656
5      0.0522117
6      0.0233086
7      0.0171356
8      0.0160271
9      0.0108875
10      0.0047314
11     0.00344154
12     0.00593647
13      0.0043706
14     0.00437702
15     0.00366347
16     0.00292424
17     0.00306896
18     0.00326004
19      0.0027818
20     0.00306965
21     0.00247391
22     0.00208014
23     0.00140511
24     0.00112053
25    0.000913468
26     0.00154925
27     0.00119779
28      0.0012504
29      0.0011655
30     0.00146169
31    0.000950976
32     0.00131746
33    0.000973149
34     0.00132415
35    0.000757486
36    0.000929812
37    0.000943813
38     0.00131061
39     0.00132753
40     0.00119943
41    0.000943178
42    0.000948448
43    0.000763805
44    0.000908934
45    0.000935955
46    0.000967492
47    0.000799578
48    0.000728538
49    0.000592827
50    0.000733792
51    0.000657403
52    0.000764201
53    0.000736373
54    0.000618765
55    0.000593715
56     0.00055404
57    0.000537801
58    0.000536537
59    0.000518045
60    0.000518196
61    0.000478662
62    0.000311514
63    0.000436787
64    0.000390964
65    0.000353514
66    0.000399439
67    0.000333341
68    0.000411521
69     0.00034559
70    0.000361895
71    0.000333567
72     0.00032716
73    0.000343941
74    0.000313893
75    0.000330451
76    0.000303869
77     0.00027248
78    0.000293617
79    0.000221559
80    0.000238045
81    0.000212808
82    0.000257474
83     0.00023432
84     0.00021405
85    0.000189911
86    0.000190905
87    0.000169781
88    0.000183059
89    0.000166437
90    0.000185442
91    0.000162662
92    0.000180342
93    0.000165669
94    0.000157224
95    0.000159881
96    0.000167657
97    0.000144979
98     0.00016397
99    0.000121741
100    0.000114813
101    0.000105635
102    0.000134246
103    0.000127337
104    0.000103336
105    0.000116583
106    0.000114042
107     9.5491e-05
108    9.78782e-05
109    9.57026e-05
110    0.000108301
111    0.000101728
112    9.65614e-05
113    9.25632e-05
114    0.000100567
115    9.19113e-05
116     8.7924e-05
117    8.55702e-05
118    8.28853e-05
119    8.21793e-05
120    8.05328e-05
121    7.97427e-05
122    8.02149e-05
123    7.71923e-05
124     7.4675e-05
125    7.88841e-05
126    7.19886e-05
127    6.78189e-05
128    6.35197e-05
129    6.25372e-05
130    5.70501e-05
131     7.0404e-05
132    5.58737e-05
133    6.33462e-05
134    7.05981e-05
135    6.72719e-05
136    5.75148e-05
137    6.11249e-05
138    6.03598e-05
139     5.3778e-05
140    6.63491e-05
141     6.6107e-05
142    6.72536e-05
143    5.63631e-05
144    6.27799e-05
145    5.83623e-05
146    4.81691e-05
147     4.6349e-05
148    5.52245e-05
149    5.00977e-05
150    4.74258e-05
151    5.21573e-05
152     5.7281e-05
153    5.35967e-05
154    5.34462e-05
155    4.27513e-05
156    4.31659e-05
157     4.0447e-05
158    4.31044e-05
159    4.41043e-05
160     4.6065e-05
161    4.40487e-05
162    4.53192e-05
163    4.62937e-05
164     5.2354e-05
165    4.64432e-05
166    5.15498e-05
167    5.28901e-05
168    5.05053e-05
169    4.44519e-05
170    5.02668e-05
171    4.73619e-05
172    4.61152e-05
173    4.37261e-05
174    4.72397e-05
175    4.27626e-05
176    4.28199e-05
177    4.58093e-05
178     3.7515e-05
179    4.22696e-05
180    4.53109e-05
181    4.69959e-05
182     4.8292e-05
183    4.98466e-05
184    4.32834e-05
185    4.25653e-05
186    4.28755e-05
187    4.08046e-05
188    4.20749e-05
189    4.32779e-05
190    4.16823e-05
191    4.48136e-05
192     4.1361e-05
193    4.10922e-05
194    3.91016e-05
195    4.25043e-05
196    4.05467e-05
197    4.09039e-05
198    4.14279e-05
199    3.91614e-05
200    3.81225e-05
201    4.27375e-05
202    3.91849e-05
203    3.97048e-05
204    3.82744e-05
205    3.82086e-05
206    3.47507e-05
207    3.98948e-05
208    3.66174e-05
209    3.89725e-05
210    3.90395e-05
211    3.35783e-05
212     4.0893e-05
213    4.08477e-05
214    3.84904e-05
215    3.64069e-05
216    3.50855e-05
217    3.96524e-05
218     4.1539e-05
219    3.75468e-05
220    4.25448e-05
221    3.52383e-05
222    3.70581e-05
223    3.62045e-05
224    3.74842e-05
225    3.54103e-05
226    3.79484e-05
227    3.59483e-05
228    3.59038e-05
229    3.06335e-05
230    3.18433e-05
231    3.37637e-05
232    3.53049e-05
233    3.48505e-05
234    3.36212e-05
235    3.63354e-05
236    3.06949e-05
237    3.21347e-05
238    2.93377e-05
239    3.07935e-05
240    3.21765e-05
241    2.97599e-05
242    2.84327e-05
243    3.27246e-05
244    3.51993e-05
245    2.73811e-05
246    2.85643e-05
247    2.67081e-05
248    3.01771e-05
249    2.74859e-05
250    2.97348e-05
251    2.95627e-05
252     2.6673e-05
253    2.70545e-05
254    2.82191e-05
255    2.34857e-05
256    2.88569e-05
257    2.98982e-05
258    2.65286e-05
259    2.83495e-05
260      2.657e-05
261    2.52945e-05
262     2.6082e-05
263    2.58598e-05
264     2.4586e-05
265    2.80681e-05
266    2.63772e-05
267    2.55722e-05
268    2.56951e-05
269    2.68988e-05
270    2.35402e-05
271       2.73e-05
272    2.30264e-05
273    2.39387e-05
274    2.44459e-05
275    2.32578e-05
276    2.31776e-05
277    2.36791e-05
278    2.41643e-05
279    2.44228e-05
280    2.47456e-05
281    2.26667e-05
282    2.34852e-05
283    2.29105e-05
284    2.36544e-05
285    2.37676e-05
286    2.13373e-05
287    2.44863e-05
288    2.29792e-05
289    2.35443e-05
290    2.63352e-05
291    2.32603e-05
292    2.54313e-05
293    2.52303e-05
294    2.42273e-05
295    2.55339e-05
296    2.39068e-05
297    2.14847e-05
298    2.43559e-05
299    2.45198e-05
300    2.30679e-05
301    2.24407e-05
302     2.3116e-05
303    2.07342e-05
304    2.07554e-05
305    2.16824e-05
306    2.04623e-05
307    2.10056e-05
308    2.51482e-05
309     2.1843e-05
310     2.3347e-05
311    2.24792e-05
312    2.13102e-05
313    2.16844e-05
314    2.07804e-05
315     2.1182e-05
316    2.15258e-05
317    2.00663e-05
318    2.15906e-05
319    1.92248e-05
320        2.2e-05
321    2.27953e-05
322    2.37196e-05
323    2.37169e-05
324    2.48049e-05
325    2.12734e-05
326    2.15723e-05
327    2.24651e-05
328    2.32582e-05
329    2.20771e-05
330    2.34737e-05
331    2.18646e-05
332    2.07369e-05
333    2.26344e-05
334    2.08257e-05
335    2.18128e-05
336    2.22264e-05
337    2.12217e-05
338    2.36988e-05
339    2.09136e-05
340    2.03455e-05
341    2.05602e-05
342    2.11459e-05
343    2.14042e-05
344    2.33414e-05
345    2.12342e-05
346     2.1116e-05
347    2.05421e-05
348    2.02883e-05
349    2.10521e-05
350    1.95836e-05
351    1.95446e-05
352    1.93927e-05
353    1.85626e-05
354    1.98175e-05
355    1.99303e-05
356    2.01873e-05
357    1.95653e-05
358    1.94885e-05
359    1.94435e-05
360    1.96693e-05
361    1.95709e-05
362     1.8903e-05
363    1.91933e-05
364    1.86576e-05
365    1.84145e-05
366    1.93628e-05
367    1.82168e-05
368    1.82207e-05
369    1.95957e-05
370    1.85171e-05
371    1.98154e-05
372    1.91592e-05
373    2.09867e-05
374    1.97579e-05
375    1.91957e-05
376    2.07086e-05
377    1.99303e-05
378    1.81488e-05
379    1.76763e-05
380    1.69054e-05
381    1.69521e-05
382    1.66433e-05
383    1.59542e-05
384    1.87037e-05
385    1.81855e-05
386    1.91772e-05
387    1.82997e-05
388     1.7868e-05
389    1.90519e-05
390    1.84501e-05
391     1.9508e-05
392    1.89457e-05
393    1.87644e-05
394    1.91297e-05
395    1.79799e-05
396    1.88199e-05
397     1.7783e-05
398    1.87447e-05
399    1.78592e-05
400    1.72099e-05
401    1.63404e-05
402    1.77248e-05
403    1.71459e-05
404    1.68937e-05
405    1.81386e-05
406     1.6326e-05
407    1.71808e-05
408    1.64356e-05
409    1.73533e-05
410    1.69078e-05
411    1.60945e-05
412    1.67058e-05
413    1.73384e-05
414    1.73436e-05
415    1.64024e-05
416    1.68534e-05
417    1.69789e-05
418    1.75063e-05
419    1.68805e-05
420    1.60466e-05
421    1.75428e-05
422    1.65086e-05
423    1.63808e-05
424    1.62792e-05
425    1.56982e-05
426    1.54488e-05
427    1.60412e-05
428     1.6525e-05
429    1.56582e-05
430    1.59163e-05
431    1.48294e-05
432    1.56394e-05
433    1.65205e-05
434    1.70639e-05
435    1.61975e-05
436    1.67085e-05
437     1.8216e-05
438    1.66253e-05
439    1.71615e-05
440    1.81614e-05
441    1.57536e-05
442    1.73238e-05
443    1.75342e-05
444    1.66882e-05
445    1.64943e-05
446    1.73285e-05
447    1.55198e-05
448    1.54796e-05
449    1.66604e-05
450    1.56024e-05
451    1.49759e-05
452    1.49517e-05
453    1.63898e-05
454    1.55959e-05
455    1.54856e-05
456    1.71469e-05
457    1.68495e-05
458    1.64193e-05
459     1.6789e-05
460    1.59917e-05
461    1.57354e-05
462    1.44069e-05
463    1.66705e-05
464    1.56653e-05
465    1.53792e-05
466    1.65925e-05
467    1.60881e-05
468    1.57717e-05
469    1.67406e-05
470    1.69899e-05
471    1.64317e-05
472    1.59678e-05
473    1.45737e-05
474     1.5768e-05
475    1.63183e-05
476    1.43951e-05
477    1.48803e-05
478    1.63972e-05
479    1.48441e-05
480    1.57676e-05
481    1.58335e-05
482    1.43523e-05
483    1.54398e-05
484    1.55082e-05
485    1.42539e-05
486    1.55027e-05
487    1.55533e-05
488    1.54821e-05
489     1.4182e-05
490    1.46406e-05
491    1.51181e-05
492    1.51696e-05
493    1.52459e-05
494    1.59209e-05
495    1.53133e-05
496    1.57406e-05
497    1.53105e-05
498    1.55253e-05
499    1.48188e-05
500    1.60326e-05
501    1.46494e-05
502     1.4035e-05
503    1.45875e-05
504    1.49017e-05
505    1.39299e-05
506     1.4916e-05
507    1.39826e-05
508    1.50064e-05
509    1.52945e-05
510     1.5603e-05
511    1.40421e-05
512    1.29998e-05
