0        46.5785
1        0.81352
2       0.488314
3       0.312276
4      0.0335529
5      0.0305713
6      0.0145805
7     0.00965333
8      0.0083698
9     0.00477289
10     0.00290119
11     0.00191694
12      0.0038213
13     0.00263385
14     0.00296281
15     0.00239578
16     0.00149448
17     0.00193261
18     0.00195933
19     0.00201945
20     0.00199405
21     0.00147641
22     0.00102651
23    0.000807962
24    0.000776298
25    0.000504823
26    0.000993494
27    0.000886111
28    0.000758566
29    0.000650064
30    0.000902527
31    0.000488528
32      0.0007701
33    0.000581759
34    0.000628413
35    0.000489292
36    0.000611387
37    0.000665127
38    0.000843767
39    0.000935014
40    0.000712649
41    0.000631148
42    0.000619044
43    0.000472994
44    0.000523227
45    0.000466674
46    0.000541777
47    0.000469242
48    0.000420924
49    0.000368749
50    0.000392202
51    0.000418307
52    0.000430185
53    0.000533332
54    0.000320465
55    0.000367755
56    0.000355857
57     0.00035123
58    0.000314465
59    0.000274085
60    0.000253832
61    0.000233201
62     0.00018192
63    0.000185631
64     0.00016776
65    0.000189848
66    0.000213861
67    0.000157053
68    0.000233408
69     0.00020992
70    0.000260328
71    0.000215007
72    0.000219436
73    0.000207076
74    0.000181053
75    0.000219315
76    0.000158814
77     0.00017454
78    0.000142764
79    0.000115351
80    0.000112325
81    0.000106864
82    0.000114209
83    0.000123136
84    9.93559e-05
85    9.02862e-05
86    8.42151e-05
87    7.10327e-05
88    9.76354e-05
89    9.41973e-05
90    0.000115026
91    8.96072e-05
92     0.00010153
93    0.000100531
94    8.81289e-05
95      6.859e-05
96     8.3106e-05
97    6.71519e-05
98    7.53474e-05
99    3.54841e-05
100    4.63506e-05
101    4.45848e-05
102    4.52344e-05
103    4.64274e-05
104    4.60597e-05
105    3.28971e-05
106    4.18362e-05
107    3.79634e-05
108    5.44751e-05
109    3.59375e-05
110     4.1829e-05
111    3.61494e-05
112    2.79293e-05
113    3.53305e-05
114    3.08038e-05
115    2.62567e-05
116    3.47099e-05
117    2.92553e-05
118    2.10398e-05
119    3.01447e-05
120    2.73841e-05
121    2.39628e-05
122    2.96601e-05
123    2.49529e-05
124    2.31991e-05
125    2.17625e-05
126    2.67406e-05
127    1.69567e-05
128    1.54996e-05
129    2.00326e-05
130    1.16787e-05
131    2.11892e-05
132    1.90657e-05
133    2.02412e-05
134     2.1287e-05
135    1.44575e-05
136    1.30677e-05
137    1.37208e-05
138    1.57401e-05
139    1.01951e-05
140    1.25948e-05
141    1.86125e-05
142    1.29711e-05
143    2.10181e-05
144    1.66307e-05
145    1.64104e-05
146    1.59027e-05
147    1.34084e-05
148    1.49217e-05
149    9.02969e-06
150    1.19974e-05
151    1.06289e-05
152     1.0565e-05
153     1.0377e-05
154     8.4331e-06
155     8.3459e-06
156    9.09204e-06
157    8.04533e-06
158    1.08426e-05
159    1.19674e-05
160    9.82718e-06
161    1.21094e-05
162    9.80808e-06
163    6.68889e-06
164    1.01813e-05
165    7.53915e-06
166    8.97083e-06
167    9.72696e-06
168     7.4246e-06
169    9.12159e-06
170    1.10264e-05
171    1.10128e-05
172    8.56435e-06
173    6.84236e-06
174    7.44917e-06
175    1.02508e-05
176     5.5224e-06
177    1.10687e-05
178    6.88168e-06
179     1.0942e-05
180    9.70146e-06
181    1.09255e-05
182    1.26088e-05
183    1.25629e-05
184    1.39421e-05
185    1.46652e-05
186    1.23366e-05
187    1.19972e-05
188    8.76593e-06
189    1.08004e-05
190    8.91785e-06
191    1.04065e-05
192     7.2212e-06
193    8.82452e-06
194    1.00862e-05
195    8.59344e-06
196    1.21199e-05
197    1.15082e-05
198    9.23353e-06
199    1.06276e-05
200    9.10275e-06
201    1.11006e-05
202    1.15321e-05
203    1.04324e-05
204    9.77827e-06
205    1.06063e-05
206    1.17624e-05
207    1.35407e-05
208    9.15639e-06
209    8.41658e-06
210    6.74267e-06
211    7.43935e-06
212    7.24389e-06
213    9.63003e-06
214    1.09551e-05
215    1.01787e-05
216    1.00078e-05
217     7.0692e-06
218    9.51034e-06
219    9.79723e-06
220     8.7199e-06
221    9.44177e-06
222    1.15704e-05
223     9.9524e-06
224    1.13638e-05
225     8.9714e-06
226    6.91798e-06
227    8.42463e-06
228     8.4518e-06
229     5.6407e-06
230     8.8006e-06
231     6.2061e-06
232    7.54662e-06
233    8.46836e-06
234    7.91785e-06
235    6.27667e-06
236    6.73643e-06
237    6.93022e-06
238      6.695e-06
239    7.98155e-06
240     7.3416e-06
241     7.1856e-06
242    6.24188e-06
243    5.77607e-06
244    8.35153e-06
245    7.05572e-06
246    7.26282e-06
247     5.6773e-06
248    5.15829e-06
249     4.9472e-06
250    5.27196e-06
251    4.81225e-06
252    4.97337e-06
253    4.29171e-06
254    4.53877e-06
255    4.11145e-06
256     6.1638e-06
257    6.63453e-06
258    3.81341e-06
259    4.05129e-06
260    3.33293e-06
261    3.93806e-06
262    1.65189e-06
263    3.41043e-06
264      3.236e-06
265     3.9497e-06
266    3.42841e-06
267    1.60341e-06
268    5.13818e-06
269    2.38452e-06
270    3.06084e-06
271    2.96693e-06
272     3.4241e-06
273    3.59809e-06
274    2.45205e-06
275    4.29785e-06
276     2.4777e-06
277    3.74048e-06
278    2.52017e-06
279    4.63329e-06
280    4.10366e-06
281    2.83158e-06
282    3.90667e-06
283    2.81534e-06
284    2.47198e-06
285    3.22278e-06
286    3.84704e-06
287    2.57534e-06
288    3.72172e-06
289    1.61027e-06
290    2.93869e-06
291      1.977e-06
292    2.36275e-06
293    1.64522e-06
294    3.53126e-06
295    2.12173e-06
296    2.95216e-06
297    3.64312e-06
298    3.70717e-06
299     3.2062e-06
300     4.3606e-06
301    3.83412e-06
302    1.76281e-06
303    1.65905e-06
304    2.61594e-06
305    2.62217e-06
306    2.15778e-06
307     2.2028e-06
308    2.72134e-06
309    2.71446e-06
310    2.35862e-06
311    2.62976e-06
312    3.07985e-06
313    2.55021e-06
314    3.54668e-06
315     2.6496e-06
316    2.27302e-06
317     2.9458e-06
318    2.96753e-06
319    3.61138e-06
320    3.22737e-06
321     3.6318e-06
322    4.32581e-06
323    2.66159e-06
324    3.49576e-06
325    2.20247e-06
326    3.47835e-06
327    2.59476e-06
328    2.77491e-06
329    1.95181e-06
330     1.8937e-06
331    2.08171e-06
332    2.31413e-06
333     2.0643e-06
334    3.57689e-06
335    2.61438e-06
336    3.22333e-06
337    3.19027e-06
338    2.22712e-06
339    3.25719e-06
340    3.66441e-06
341    2.05397e-06
342    3.08471e-06
343    3.17179e-06
344    3.67366e-06
345    3.39425e-06
346    2.38292e-06
347     4.3125e-06
348     3.2291e-06
349    2.47797e-06
350    2.20344e-06
351    3.58966e-06
352    3.04146e-06
353     2.5285e-06
354    4.09589e-06
355    4.10524e-06
356    3.39185e-06
357    2.94869e-06
358    2.66042e-06
359    2.92564e-06
360     3.9412e-06
361    3.19548e-06
362    2.18684e-06
363    3.46933e-06
364     1.2483e-06
365    1.61316e-06
366    1.28456e-06
367    2.44624e-06
368     1.4625e-06
369    3.22414e-06
370    1.68789e-06
371    2.71588e-06
372    2.61392e-06
373    2.33598e-06
374    2.20418e-06
375    2.25877e-06
376    2.49767e-06
377    1.54435e-06
378    1.98095e-06
379    2.14571e-06
380    2.74008e-06
381    2.35445e-06
382    3.18535e-06
383    2.20655e-06
384     2.6813e-06
385    1.86886e-06
386    3.00946e-06
387    2.31745e-06
388    2.83134e-06
389    2.20649e-06
390    2.70256e-06
391    2.81337e-06
392    2.61966e-06
393    2.68001e-06
394    1.69666e-06
395    1.37565e-06
396    1.44878e-06
397    1.55878e-06
398    1.22302e-06
399    2.00338e-06
400    1.77477e-06
401    1.34573e-06
402    1.32874e-06
403    6.32453e-07
404    1.46026e-06
405     1.1611e-06
406    1.30785e-06
407    1.41914e-06
408    2.51852e-06
409    1.95468e-06
410    1.29853e-06
411    1.75816e-06
412    1.68384e-06
413    1.47837e-06
414    2.81042e-06
415    1.23029e-06
416    1.93052e-06
417    2.34027e-06
418    1.74407e-06
419    1.81907e-06
420    1.82039e-06
421    2.85276e-06
422    1.38857e-06
423    1.23025e-06
424    1.22879e-06
425    1.80035e-06
426    1.32325e-06
427    1.52266e-06
428    1.62229e-06
429    1.72569e-06
430    4.56392e-07
431    1.69025e-06
432    2.89915e-06
433    1.78649e-06
434    2.04326e-06
435    1.56244e-06
436    1.77618e-06
437    2.17626e-06
438    1.32806e-06
439    1.54918e-06
440    1.83642e-06
441    1.42084e-06
442    1.03026e-06
443    9.48414e-07
444    8.57616e-07
445    6.94846e-07
446    1.23207e-06
447    1.33862e-06
448    1.73767e-06
449    1.12166e-06
450    1.08729e-06
451    1.81409e-06
452    2.29628e-07
453    1.95632e-06
454    1.78431e-06
455    1.42902e-06
456    1.36714e-06
457    1.44257e-06
458    1.58385e-06
459    2.27277e-06
460     2.8154e-06
461    1.82203e-06
462    1.66085e-06
463    1.95261e-06
464    1.96572e-06
465    1.55484e-06
466     2.1829e-06
467    1.85999e-06
468     1.1155e-06
469    1.44152e-06
470    1.27185e-06
471    6.42202e-07
472    1.58978e-06
473    2.33104e-06
474    1.81507e-06
475    1.53622e-06
476    2.70003e-06
477    1.11256e-06
478    1.45182e-06
479    9.08175e-07
480    1.42602e-06
481    1.22752e-06
482    1.87367e-06
483    9.93461e-07
484    2.01868e-06
485    1.80806e-06
486    3.14609e-07
487    1.51229e-06
488    1.44724e-06
489    1.91587e-06
490    2.19456e-06
491     2.2916e-06
492    2.55351e-06
493     2.0297e-06
494    2.68612e-06
495    1.63174e-06
496    2.09731e-06
497    1.92339e-06
498    1.77192e-06
499    9.82464e-07
500    2.34461e-06
501    1.06503e-06
502    1.65978e-06
503    2.38903e-06
504    1.93572e-06
505    1.15719e-06
506    1.97925e-06
507    1.21122e-06
508    2.30336e-06
509    1.64614e-06
510    2.52485e-06
511    1.05796e-06
512    1.26787e-06
