0        26.9796
1       0.809886
2       0.396909
3       0.237708
4      0.0229278
5       0.019903
6      0.0133013
7     0.00931496
8      0.0112264
9     0.00447092
10     0.00342921
11     0.00264918
12     0.00403248
13     0.00227019
14     0.00421099
15     0.00259569
16        0.00173
17      0.0027381
18     0.00273461
19     0.00311376
20     0.00172118
21     0.00131972
22     0.00156489
23     0.00103861
24    0.000791268
25    0.000916001
26     0.00119893
27     0.00119662
28     0.00119624
29    0.000616632
30     0.00102478
31    0.000722396
32    0.000863796
33    0.000649964
34     0.00077865
35    0.000620717
36     0.00100555
37    0.000894504
38     0.00089954
39     0.00105597
40    0.000767638
41    0.000586302
42     0.00074547
43    0.000709313
44    0.000571417
45    0.000511416
46    0.000552633
47     0.00060685
48     0.00038056
49    0.000456227
50    0.000546523
51    0.000467808
52    0.000422718
53    0.000498071
54    0.000456503
55    0.000448576
56    0.000494985
57    0.000387368
58    0.000390288
59     0.00037755
60     0.00025809
61    0.000205027
62    0.000259501
63    0.000267689
64    0.000228244
65    0.000273127
66    0.000241669
67    0.000194253
68    0.000214626
69    0.000283016
70     0.00025441
71    0.000251249
72    0.000218331
73    0.000285321
74    0.000250462
75    0.000237758
76    0.000185026
77    0.000183018
78    0.000147142
79    0.000147865
80    0.000139676
81    0.000154764
82    0.000143514
83    0.000135249
84    0.000147488
85    0.000117074
86    0.000125773
87    0.000109189
88    0.000127757
89    0.000159786
90    0.000183732
91    0.000143382
92    0.000170553
93    0.000150486
94    0.000139404
95    8.94989e-05
96    0.000112166
97    8.94708e-05
98    8.84173e-05
99     8.4783e-05
100    8.73554e-05
101    6.85965e-05
102    9.14446e-05
103    7.34114e-05
104    8.70292e-05
105    7.76972e-05
106    8.73088e-05
107     7.7702e-05
108    9.11662e-05
109    7.99859e-05
110    7.61931e-05
111    7.93542e-05
112     7.4062e-05
113    6.83188e-05
114    6.39751e-05
115    6.03134e-05
116    5.80697e-05
117    6.03073e-05
118    6.63318e-05
119    5.27595e-05
120    6.72163e-05
121    6.00895e-05
122    5.71943e-05
123    5.43532e-05
124    6.36374e-05
125    5.98617e-05
126    6.64064e-05
127    5.87544e-05
128    5.86145e-05
129    5.49267e-05
130    5.29401e-05
131    4.72315e-05
132    5.96038e-05
133    4.63684e-05
134    4.72094e-05
135    4.81686e-05
136    4.85521e-05
137    4.91263e-05
138    5.20657e-05
139    4.92862e-05
140    4.96226e-05
141    4.93856e-05
142    3.75642e-05
143    4.14992e-05
144    4.12157e-05
145    4.54624e-05
146    3.71519e-05
147    4.18874e-05
148    4.01614e-05
149    3.80985e-05
150    3.61953e-05
151    4.19639e-05
152    4.33641e-05
153    3.93012e-05
154    3.71312e-05
155     3.9278e-05
156    4.51301e-05
157    4.30966e-05
158     3.3467e-05
159    3.27787e-05
160    3.90437e-05
161     3.3665e-05
162    3.55617e-05
163    3.71438e-05
164    3.59106e-05
165    3.53694e-05
166    3.57686e-05
167    2.91714e-05
168    3.31028e-05
169    3.82098e-05
170    3.21372e-05
171    3.79695e-05
172    3.46523e-05
173    3.94238e-05
174    3.41485e-05
175    3.56914e-05
176    3.44159e-05
177    3.87201e-05
178     3.5061e-05
179    3.44544e-05
180    3.27348e-05
181    3.64599e-05
182    3.60069e-05
183    3.53385e-05
184    3.31506e-05
185    3.31938e-05
186    3.48386e-05
187    3.51827e-05
188    3.62566e-05
189    3.47305e-05
190    3.36217e-05
191     3.1769e-05
192     3.0274e-05
193    3.19398e-05
194    3.69155e-05
195    3.60429e-05
196     3.9236e-05
197    3.44793e-05
198    3.85669e-05
199    3.81865e-05
200    3.67662e-05
201    3.64161e-05
202    3.58838e-05
203    3.31792e-05
204    3.01153e-05
205    3.24183e-05
206    3.30111e-05
207    3.51631e-05
208    3.26823e-05
209    3.10645e-05
210    3.23427e-05
211    3.06736e-05
212    2.95472e-05
213    2.85919e-05
214    3.24689e-05
215    2.57699e-05
216    2.95301e-05
217    2.82938e-05
218    2.90752e-05
219    3.59015e-05
220    3.23286e-05
221    2.92306e-05
222    3.36738e-05
223    2.72627e-05
224    2.85657e-05
225    2.66341e-05
226    2.82065e-05
227    2.89084e-05
228    2.67495e-05
229    2.62644e-05
230    2.64347e-05
231    2.54809e-05
232    2.51329e-05
233    2.91828e-05
234    2.78237e-05
235    2.71325e-05
236    3.04072e-05
237    2.91034e-05
238    2.64016e-05
239    2.74281e-05
240     2.3252e-05
241    2.35983e-05
242    2.34951e-05
243    2.48529e-05
244    2.40972e-05
245    2.50194e-05
246    2.34183e-05
247    2.47538e-05
248    2.57101e-05
249    2.72907e-05
250    2.54965e-05
251    2.38595e-05
252    2.48303e-05
253    2.44485e-05
254    2.22372e-05
255    2.10401e-05
256    2.43976e-05
257    2.23472e-05
258    2.38709e-05
259    2.12311e-05
260    2.17348e-05
261    2.18022e-05
262    2.10981e-05
263    1.98391e-05
264    2.01992e-05
265    2.37707e-05
266    2.02378e-05
267    2.14117e-05
268    2.06605e-05
269    1.93376e-05
270     2.1489e-05
271    2.07417e-05
272    2.27081e-05
273    2.11087e-05
274    2.20129e-05
275    1.82852e-05
276    2.03606e-05
277    1.94795e-05
278    2.05361e-05
279    1.92805e-05
280    2.01997e-05
281    2.06777e-05
282    1.96206e-05
283    2.08263e-05
284    2.16123e-05
285    1.93596e-05
286     1.8569e-05
287    1.93805e-05
288    1.96555e-05
289    2.02988e-05
290    2.10362e-05
291    2.13704e-05
292    1.96172e-05
293    1.94325e-05
294    1.79812e-05
295     1.9291e-05
296    1.78072e-05
297    1.99925e-05
298    1.95936e-05
299    2.14447e-05
300    1.90043e-05
301    1.87429e-05
302    1.67447e-05
303    1.70446e-05
304    1.78956e-05
305    1.75498e-05
306    2.00273e-05
307    1.99193e-05
308    1.86628e-05
309    2.01209e-05
310    1.94176e-05
311    1.86981e-05
312    1.91712e-05
313    1.87862e-05
314    1.95074e-05
315    1.93721e-05
316     1.8476e-05
317    1.89254e-05
318    1.71976e-05
319     1.7473e-05
320    1.92195e-05
321    1.89059e-05
322    1.77565e-05
323    1.97372e-05
324     1.8795e-05
325    1.84188e-05
326    1.84752e-05
327     1.8506e-05
328    1.89763e-05
329    1.98204e-05
330    1.74452e-05
331    1.79459e-05
332    1.78987e-05
333    1.92695e-05
334    1.97199e-05
335    1.88271e-05
336    1.88987e-05
337    1.60314e-05
338    1.98169e-05
339    1.80159e-05
340    1.67063e-05
341    1.97005e-05
342    1.78379e-05
343    1.89555e-05
344    2.01038e-05
345     1.8651e-05
346    1.74563e-05
347    1.74331e-05
348    1.61433e-05
349    1.79219e-05
350    1.57667e-05
351    1.59661e-05
352    1.53991e-05
353    1.73592e-05
354    1.59911e-05
355    1.62647e-05
356    1.71033e-05
357    1.61301e-05
358    1.70248e-05
359    1.91315e-05
360    1.76796e-05
361    1.89329e-05
362    1.73625e-05
363    1.68892e-05
364    1.78612e-05
365     1.5299e-05
366    1.61151e-05
367    1.51945e-05
368    1.55905e-05
369    1.53318e-05
370    1.70333e-05
371    1.61474e-05
372    1.60649e-05
373    1.68519e-05
374    1.51879e-05
375     1.7228e-05
376    1.61064e-05
377    1.57407e-05
378    1.61269e-05
379    1.60985e-05
380    1.63097e-05
381    1.47854e-05
382    1.43351e-05
383    1.46436e-05
384     1.6125e-05
385    1.36439e-05
386    1.47982e-05
387    1.53713e-05
388     1.5658e-05
389    1.44396e-05
390    1.59851e-05
391    1.52912e-05
392    1.54187e-05
393    1.48916e-05
394    1.32574e-05
395      1.333e-05
396     1.4884e-05
397    1.42759e-05
398    1.62502e-05
399    1.43162e-05
400     1.5263e-05
401    1.36464e-05
402    1.48639e-05
403    1.49579e-05
404    1.46933e-05
405     1.3775e-05
406    1.45585e-05
407    1.31906e-05
408     1.2968e-05
409    1.42075e-05
410    1.34877e-05
411    1.35753e-05
412    1.42115e-05
413    1.40421e-05
414    1.37458e-05
415    1.44932e-05
416    1.46572e-05
417    1.31461e-05
418    1.42078e-05
419    1.32421e-05
420    1.52971e-05
421    1.40106e-05
422    1.28117e-05
423    1.42736e-05
424    1.34212e-05
425    1.34411e-05
426    1.33633e-05
427    1.26676e-05
428      1.296e-05
429    1.30517e-05
430    1.32763e-05
431    1.34384e-05
432    1.33055e-05
433    1.39553e-05
434    1.23316e-05
435    1.32311e-05
436    1.36337e-05
437    1.36218e-05
438    1.29141e-05
439    1.26185e-05
440    1.27167e-05
441    1.28645e-05
442    1.23812e-05
443    1.36725e-05
444    1.22734e-05
445    1.25561e-05
446    1.31908e-05
447    1.25313e-05
448    1.33602e-05
449    1.47778e-05
450     1.2467e-05
451    1.41395e-05
452    1.24325e-05
453    1.22518e-05
454    1.21725e-05
455    1.38342e-05
456    1.39269e-05
457    1.24986e-05
458    1.31148e-05
459    1.25661e-05
460    1.29571e-05
461    1.18902e-05
462    1.30207e-05
463    1.23252e-05
464    1.20548e-05
465    1.27434e-05
466    1.24161e-05
467    1.19149e-05
468    1.23557e-05
469    1.32363e-05
470    1.24431e-05
471    1.19821e-05
472    1.21105e-05
473     1.3331e-05
474     1.2407e-05
475     1.1777e-05
476    1.26139e-05
477    1.15893e-05
478    1.21141e-05
479    1.16327e-05
480    1.25385e-05
481    1.20633e-05
482    1.19382e-05
483    1.19751e-05
484    1.29072e-05
485     1.1885e-05
486    1.21499e-05
487    1.25461e-05
488    1.30303e-05
489    1.15967e-05
490    1.20654e-05
491    1.23357e-05
492    1.26331e-05
493    1.21915e-05
494    1.17962e-05
495    1.17814e-05
496    1.21878e-05
497    1.29338e-05
498    1.25046e-05
499    1.24944e-05
500    1.13339e-05
501    1.20674e-05
502    1.26487e-05
503    1.22039e-05
504    1.18423e-05
505     1.1931e-05
506    1.26222e-05
507    1.12673e-05
508    1.13784e-05
509    1.16941e-05
510    1.18412e-05
511    1.16207e-05
512    1.13584e-05
