0         25.297
1       0.932005
2       0.483381
3       0.289207
4      0.0310705
5      0.0242809
6      0.0148849
7      0.0112898
8      0.0123265
9     0.00477692
10     0.00330478
11     0.00221042
12     0.00411724
13     0.00196265
14     0.00405764
15     0.00231725
16     0.00166961
17     0.00221681
18     0.00220232
19     0.00263608
20     0.00167928
21     0.00123735
22       0.001402
23    0.000887468
24     0.00060316
25    0.000688788
26    0.000975099
27    0.000993312
28    0.000922053
29     0.00055568
30    0.000855259
31    0.000568666
32      0.0007511
33    0.000442132
34    0.000747155
35    0.000520892
36    0.000793876
37    0.000700637
38    0.000803766
39    0.000838924
40    0.000633617
41    0.000564525
42    0.000666696
43    0.000583017
44    0.000553142
45    0.000476143
46    0.000439009
47    0.000495799
48    0.000333888
49    0.000370137
50     0.00046442
51    0.000348113
52    0.000369618
53    0.000397454
54     0.00035316
55    0.000381931
56     0.00040777
57    0.000326431
58    0.000293621
59    0.000298651
60    0.000221913
61    0.000179814
62    0.000177536
63    0.000183024
64    0.000184099
65    0.000209406
66    0.000204014
67    0.000159515
68    0.000184456
69    0.000218062
70    0.000212853
71    0.000208383
72    0.000169762
73    0.000211279
74    0.000185482
75    0.000175175
76    0.000130726
77    0.000135628
78    0.000108177
79    0.000113703
80    0.000108248
81    0.000109414
82    0.000118328
83    0.000100825
84    0.000115461
85     9.3742e-05
86    8.82337e-05
87    8.12848e-05
88     9.1251e-05
89    0.000104782
90    0.000121973
91    0.000104198
92    0.000125206
93    0.000111871
94    0.000107785
95     6.2245e-05
96    8.51394e-05
97    6.50939e-05
98    5.88945e-05
99    5.95839e-05
100    5.66255e-05
101    4.11486e-05
102    6.65798e-05
103    4.90804e-05
104    6.57265e-05
105    5.13874e-05
106    5.77127e-05
107    4.99117e-05
108    6.23915e-05
109     5.0472e-05
110    4.48657e-05
111    4.32147e-05
112    4.93728e-05
113     4.0603e-05
114    4.51884e-05
115    4.05384e-05
116    3.60379e-05
117    4.03471e-05
118    4.24671e-05
119    3.12178e-05
120    4.38423e-05
121    3.39696e-05
122    3.65463e-05
123    3.42386e-05
124    3.85666e-05
125    3.48141e-05
126    3.75939e-05
127    3.61045e-05
128     3.4234e-05
129    3.48789e-05
130    3.59107e-05
131    3.26627e-05
132    3.86135e-05
133     2.4964e-05
134    2.85844e-05
135    2.84451e-05
136    3.19034e-05
137    2.99796e-05
138    3.41216e-05
139    2.97203e-05
140    3.13822e-05
141    3.03751e-05
142     2.1868e-05
143     2.4604e-05
144    2.36478e-05
145    3.06517e-05
146    2.29813e-05
147    2.34287e-05
148    2.15398e-05
149    2.00593e-05
150    1.96735e-05
151    1.99758e-05
152    2.29245e-05
153    2.00748e-05
154    2.10093e-05
155    1.85032e-05
156    2.32975e-05
157    2.02368e-05
158    1.63817e-05
159    1.56034e-05
160    2.20802e-05
161    1.56314e-05
162      1.866e-05
163    2.10145e-05
164      1.956e-05
165    1.63601e-05
166    1.70682e-05
167    1.48276e-05
168    1.66131e-05
169    1.83197e-05
170    1.75644e-05
171    1.92205e-05
172    1.74611e-05
173    2.21289e-05
174    1.82817e-05
175     2.1664e-05
176    1.71679e-05
177    2.13848e-05
178    1.86184e-05
179    1.72863e-05
180    1.98536e-05
181    1.95166e-05
182    1.88898e-05
183    1.84424e-05
184     1.8115e-05
185    1.63491e-05
186    2.01413e-05
187    1.91127e-05
188     1.8915e-05
189    1.79127e-05
190    1.84279e-05
191    1.91106e-05
192    1.65782e-05
193    1.47236e-05
194    2.09158e-05
195    1.88139e-05
196    2.16537e-05
197    1.84205e-05
198    1.93684e-05
199    2.07538e-05
200    1.88869e-05
201    2.01796e-05
202    2.05238e-05
203    1.86333e-05
204    1.67133e-05
205    1.89041e-05
206    2.07976e-05
207    2.08608e-05
208    1.66237e-05
209     1.7074e-05
210    1.63811e-05
211    1.47595e-05
212    1.36812e-05
213     1.5122e-05
214    1.71346e-05
215    1.34885e-05
216    1.72575e-05
217    1.39478e-05
218    1.62629e-05
219    1.90986e-05
220    1.63658e-05
221    1.43626e-05
222    1.55895e-05
223    1.40734e-05
224    1.65726e-05
225    1.42399e-05
226    1.70635e-05
227    1.57746e-05
228    1.43344e-05
229      1.358e-05
230    1.47562e-05
231    1.30866e-05
232    1.25163e-05
233     1.4944e-05
234    1.47254e-05
235     1.4347e-05
236    1.46953e-05
237    1.26099e-05
238    1.21883e-05
239    1.49502e-05
240    1.32826e-05
241    1.18435e-05
242    1.27457e-05
243    1.21853e-05
244    1.24984e-05
245    1.12688e-05
246    1.01405e-05
247    1.18292e-05
248    1.26601e-05
249    1.45189e-05
250    1.21901e-05
251    1.14181e-05
252    1.26951e-05
253    1.35512e-05
254    9.76901e-06
255    1.02412e-05
256    1.21118e-05
257    1.02476e-05
258     1.2109e-05
259    1.09293e-05
260     1.0075e-05
261    1.02894e-05
262    1.12091e-05
263    1.00722e-05
264    9.54117e-06
265      1.121e-05
266    7.27415e-06
267    7.87031e-06
268    8.82256e-06
269    7.72126e-06
270    8.28678e-06
271    7.99693e-06
272    1.11578e-05
273     9.6883e-06
274    1.06572e-05
275    7.40376e-06
276    7.28335e-06
277     8.7315e-06
278    9.05829e-06
279    7.85956e-06
280    8.49307e-06
281     8.3945e-06
282    8.48838e-06
283    7.73673e-06
284    7.14033e-06
285    8.07428e-06
286    7.51954e-06
287    7.81686e-06
288    8.73314e-06
289    9.15599e-06
290    9.43688e-06
291    7.92531e-06
292    8.66859e-06
293    8.02018e-06
294    7.65923e-06
295    7.56263e-06
296    8.64456e-06
297    7.81348e-06
298    7.75293e-06
299    9.05808e-06
300    8.35624e-06
301    7.47826e-06
302    7.30107e-06
303    6.04431e-06
304    7.52991e-06
305    6.87409e-06
306    8.91895e-06
307    6.59057e-06
308    7.50787e-06
309    8.73435e-06
310    7.47095e-06
311    7.26351e-06
312    7.97329e-06
313    8.22568e-06
314    7.19577e-06
315    8.12838e-06
316    7.70943e-06
317    8.40413e-06
318    7.08047e-06
319    7.62115e-06
320    8.25036e-06
321    8.29658e-06
322    7.52744e-06
323    8.36845e-06
324    8.34088e-06
325    8.47752e-06
326    8.54146e-06
327    8.35902e-06
328    7.61521e-06
329    8.27774e-06
330    8.32496e-06
331    7.33712e-06
332      7.334e-06
333    8.75376e-06
334    7.87025e-06
335    6.99422e-06
336    8.21491e-06
337    6.00903e-06
338    8.44034e-06
339    6.92073e-06
340    6.51519e-06
341     7.7705e-06
342    7.07378e-06
343    7.40462e-06
344    7.62363e-06
345    6.72508e-06
346    7.82995e-06
347    6.95866e-06
348    7.08274e-06
349     7.9818e-06
350     7.0986e-06
351    6.47129e-06
352    6.14044e-06
353    7.73397e-06
354    6.51222e-06
355    6.64984e-06
356    7.02204e-06
357    6.49477e-06
358    6.94708e-06
359    7.23814e-06
360    7.38396e-06
361    7.09353e-06
362     6.9795e-06
363    6.33705e-06
364    6.75181e-06
365    5.42404e-06
366    6.50404e-06
367    4.63782e-06
368    5.91754e-06
369    6.10199e-06
370    7.07332e-06
371    6.69354e-06
372    5.97907e-06
373     6.0319e-06
374    6.48504e-06
375    6.79996e-06
376    6.17071e-06
377    5.62188e-06
378    5.58164e-06
379    5.69102e-06
380    6.27121e-06
381      5.744e-06
382     5.4995e-06
383    5.34468e-06
384    6.06967e-06
385    5.36108e-06
386    6.23388e-06
387    5.72854e-06
388    5.78755e-06
389    6.25216e-06
390    5.36843e-06
391     5.3183e-06
392     5.1886e-06
393    4.50622e-06
394    5.44297e-06
395    4.21651e-06
396    5.55296e-06
397    5.21524e-06
398    6.41385e-06
399     4.9037e-06
400    5.41949e-06
401    4.12266e-06
402    5.70985e-06
403    5.41349e-06
404    5.67223e-06
405    5.51794e-06
406    6.16472e-06
407    4.82497e-06
408    5.03012e-06
409     5.1994e-06
410    5.40096e-06
411    4.72669e-06
412    4.73251e-06
413     4.2231e-06
414    4.48368e-06
415    4.25282e-06
416    4.72368e-06
417     4.6373e-06
418    4.46866e-06
419    4.16352e-06
420    5.11911e-06
421    4.01827e-06
422    3.55189e-06
423    4.85734e-06
424    4.38873e-06
425    3.89406e-06
426    4.69017e-06
427    4.28249e-06
428    4.79824e-06
429    4.65417e-06
430    4.51468e-06
431    4.35101e-06
432    3.98317e-06
433    4.49926e-06
434     3.8392e-06
435     5.0371e-06
436    5.40345e-06
437     4.8338e-06
438    4.65991e-06
439    4.57691e-06
440    4.09106e-06
441    4.27838e-06
442    3.90092e-06
443     5.0675e-06
444    3.79545e-06
445    3.76411e-06
446      4.288e-06
447    4.29665e-06
448    4.74059e-06
449    5.56454e-06
450    3.53653e-06
451    4.19481e-06
452    4.56532e-06
453    3.70833e-06
454    4.30669e-06
455    4.49991e-06
456    4.35645e-06
457    4.71299e-06
458    4.77451e-06
459    4.17925e-06
460    4.23322e-06
461    3.67762e-06
462    3.61626e-06
463     3.3476e-06
464    3.06473e-06
465    3.67733e-06
466    4.02333e-06
467    3.72667e-06
468    4.30335e-06
469    4.65413e-06
470    4.22928e-06
471    4.06124e-06
472    3.17583e-06
473    4.01869e-06
474     4.0026e-06
475    3.54061e-06
476    4.51799e-06
477    3.04343e-06
478    3.74265e-06
479    3.29571e-06
480    4.13152e-06
481    4.22772e-06
482    4.11252e-06
483    4.17411e-06
484    4.22828e-06
485    3.72218e-06
486    3.75527e-06
487    3.74106e-06
488    3.62183e-06
489    3.62716e-06
490     3.6474e-06
491    4.57215e-06
492    4.85391e-06
493     4.0657e-06
494    3.82213e-06
495    3.90701e-06
496    4.41221e-06
497    4.49399e-06
498    4.11524e-06
499    4.23795e-06
500    3.44843e-06
501    3.73695e-06
502    3.58734e-06
503    4.22826e-06
504    3.78232e-06
505    3.64097e-06
506    3.22647e-06
507     3.0541e-06
508    3.44705e-06
509     2.9367e-06
510    3.54998e-06
511    3.66696e-06
512    3.45706e-06
