0        26.9568
1       0.764788
2       0.410236
3       0.249682
4      0.0241964
5      0.0223144
6      0.0114835
7     0.00795376
8     0.00915324
9     0.00381234
10     0.00242969
11     0.00149483
12     0.00318214
13     0.00186882
14     0.00269117
15     0.00200489
16     0.00116695
17     0.00140335
18     0.00157833
19     0.00184918
20     0.00118748
21    0.000756302
22    0.000772985
23    0.000555243
24    0.000468404
25    0.000377517
26    0.000759327
27    0.000709059
28    0.000721415
29    0.000371722
30    0.000674556
31    0.000364234
32    0.000543425
33    0.000272937
34    0.000522664
35    0.000323944
36    0.000503879
37    0.000510237
38    0.000603044
39     0.00067833
40    0.000427229
41    0.000378606
42    0.000463895
43     0.00035531
44    0.000392946
45    0.000362816
46    0.000392559
47    0.000390836
48    0.000232078
49    0.000252316
50    0.000284025
51    0.000255868
52    0.000270513
53    0.000364943
54    0.000218583
55    0.000255774
56    0.000313278
57    0.000223034
58    0.000231118
59    0.000203177
60    0.000149166
61    0.000113004
62    0.000123508
63    0.000126228
64    0.000119911
65    0.000137461
66    0.000137229
67    0.000108653
68    0.000155699
69    0.000158716
70    0.000162058
71    0.000147995
72    0.000127243
73    0.000154583
74    0.000129392
75    0.000150666
76    9.41761e-05
77    8.54431e-05
78    7.44018e-05
79    7.51348e-05
80    6.91694e-05
81    7.69213e-05
82    7.07656e-05
83    6.99367e-05
84    5.82105e-05
85    5.43235e-05
86     5.8409e-05
87    4.55585e-05
88    6.48155e-05
89    7.46184e-05
90     8.6602e-05
91    6.67466e-05
92    7.96939e-05
93    7.07643e-05
94    7.53208e-05
95    4.39057e-05
96    5.58397e-05
97    4.44947e-05
98    4.11471e-05
99    2.84205e-05
100    3.54021e-05
101    2.31386e-05
102    3.01603e-05
103    2.10881e-05
104     2.8862e-05
105    1.97736e-05
106    2.09722e-05
107    2.08893e-05
108    3.09979e-05
109    2.00682e-05
110    2.44886e-05
111    2.42583e-05
112    2.11631e-05
113    1.67847e-05
114    1.58915e-05
115     1.2679e-05
116    1.48784e-05
117    1.15931e-05
118    1.21845e-05
119     1.2604e-05
120    1.41909e-05
121    9.19461e-06
122    8.65907e-06
123    7.36119e-06
124     8.1737e-06
125    1.21739e-05
126    1.14352e-05
127    1.06756e-05
128    1.06517e-05
129    1.13179e-05
130    7.99826e-06
131    6.39498e-06
132    9.00312e-06
133    4.47495e-06
134    8.14122e-06
135     9.8119e-06
136    9.00091e-06
137    1.02542e-05
138    7.48469e-06
139    7.54009e-06
140    5.56706e-06
141    7.05267e-06
142    6.97768e-06
143    7.49642e-06
144    6.53006e-06
145    8.61984e-06
146     6.6666e-06
147    5.90365e-06
148    8.59977e-06
149    3.62543e-06
150    7.12837e-06
151    3.68761e-06
152     4.4938e-06
153    2.78458e-06
154    4.62606e-06
155     5.7717e-06
156    3.93346e-06
157    7.58751e-06
158    1.96304e-06
159    4.42288e-06
160    3.04752e-06
161    1.88406e-06
162    6.11943e-06
163    3.21662e-06
164    4.34531e-06
165    2.71378e-06
166    3.86562e-06
167    4.89173e-06
168    4.68647e-06
169    4.34793e-06
170    4.18619e-06
171    4.02559e-06
172   -2.39421e-07
173    5.17937e-06
174    2.08268e-06
175    4.25966e-06
176    3.52199e-06
177    4.51977e-06
178    5.30281e-06
179    1.08789e-06
180    3.22252e-06
181    7.03072e-06
182    4.62876e-06
183    7.12181e-06
184    6.03598e-06
185    7.18844e-06
186    6.72704e-06
187    4.42537e-06
188    5.84782e-06
189    5.69665e-06
190    4.90264e-06
191    3.66687e-06
192    2.04456e-06
193    2.85325e-06
194    5.13866e-06
195    3.73082e-06
196    6.39068e-06
197     4.9396e-06
198     7.0454e-06
199    7.52501e-06
200     5.3618e-06
201    6.96439e-06
202    9.91109e-06
203    7.66458e-06
204     6.8964e-06
205    8.79376e-06
206    6.80593e-06
207    8.08245e-06
208    4.34231e-06
209    7.53169e-06
210    4.62458e-06
211    4.31819e-06
212    6.01573e-06
213    6.32126e-06
214    8.13683e-06
215    5.06235e-06
216    5.82852e-06
217     3.7072e-06
218    7.11025e-06
219    8.26879e-06
220    5.38641e-06
221    4.75973e-06
222    5.79113e-06
223    4.17605e-06
224    6.28389e-06
225    3.29228e-06
226    5.19182e-06
227    5.47465e-06
228    6.33811e-06
229    2.93853e-06
230    3.41306e-06
231    4.55825e-06
232    3.76114e-06
233    3.68437e-06
234    3.71192e-06
235    4.02702e-06
236    3.41025e-06
237    3.12689e-06
238    5.38029e-06
239    5.20392e-06
240    3.78279e-06
241    2.94097e-06
242    2.81749e-06
243    3.19759e-06
244    3.71702e-06
245    4.08645e-06
246    2.71768e-06
247    2.13605e-06
248    3.54463e-06
249    3.30455e-06
250    4.17229e-06
251    2.88628e-06
252    2.02316e-06
253    3.37476e-06
254    4.42198e-07
255    9.40808e-07
256    2.15327e-06
257    1.59664e-06
258    1.53859e-06
259    2.71449e-06
260    1.84685e-06
261    1.31938e-06
262    1.54296e-06
263    2.26973e-06
264    1.04651e-06
265    2.77982e-06
266    2.21208e-06
267    1.46052e-06
268    2.13143e-06
269    5.48222e-07
270    2.38586e-07
271     4.4957e-07
272    4.56718e-07
273    3.24058e-07
274    1.50309e-07
275   -1.66493e-07
276    4.03191e-07
277    1.82846e-06
278    7.79276e-07
279    1.58359e-06
280    2.19117e-06
281    1.29068e-06
282    1.64481e-06
283    9.03102e-07
284    1.04729e-06
285    7.65246e-08
286    7.43905e-07
287    5.26553e-07
288    5.87474e-07
289    5.16957e-08
290    5.26194e-07
291   -2.45586e-07
292     8.7997e-07
293   -3.38797e-07
294    4.54776e-07
295    1.37693e-06
296    1.07553e-06
297    6.98346e-07
298    1.56662e-06
299    1.63199e-06
300    9.93466e-07
301    1.03966e-06
302    5.30198e-07
303    8.74167e-07
304    1.21918e-06
305    1.07184e-06
306    5.92746e-07
307    5.04714e-07
308    8.01965e-07
309    1.15824e-06
310    6.61927e-08
311    1.72633e-06
312    1.44826e-06
313    1.13011e-06
314    1.19701e-06
315    1.26505e-06
316    8.34953e-07
317    2.46183e-06
318    4.09779e-07
319    1.39799e-06
320    1.78165e-06
321    3.11604e-06
322    2.28078e-06
323    2.08272e-06
324    1.15158e-06
325    1.91009e-06
326     7.4165e-07
327    2.00419e-06
328    1.99069e-06
329    2.06133e-06
330    1.76153e-06
331    9.92248e-07
332     2.2806e-06
333     1.0333e-06
334    5.47099e-07
335    1.23217e-06
336    1.82928e-06
337    9.09048e-07
338    1.94961e-06
339    3.16176e-07
340    1.87027e-06
341    1.32293e-06
342    3.32854e-07
343    2.05962e-06
344    1.26991e-06
345    1.56787e-06
346    1.41404e-06
347    1.46088e-06
348    1.66681e-06
349    1.25444e-06
350    1.35441e-06
351    1.52371e-06
352    1.24142e-06
353    2.08536e-06
354    1.89491e-06
355    1.82543e-06
356    1.19052e-06
357    1.99777e-06
358    9.08466e-07
359    6.54785e-07
360     1.7276e-06
361    1.00612e-06
362    1.58042e-06
363    1.25575e-06
364    8.90474e-07
365    1.03226e-06
366    1.47218e-06
367    7.72417e-07
368     9.6198e-07
369    1.47388e-06
370    1.48633e-06
371    1.26877e-06
372    9.05485e-07
373    6.08294e-08
374     7.1649e-07
375    1.14066e-06
376   -1.54338e-07
377    6.17994e-07
378    1.88571e-06
379    7.45318e-07
380    6.63485e-07
381    5.84548e-07
382    1.09493e-06
383    4.70597e-07
384     2.2399e-06
385    5.65252e-07
386    1.95198e-06
387    7.57367e-07
388    4.91467e-07
389    1.36021e-06
390     8.0493e-07
391    1.37529e-06
392    8.70942e-07
393    1.27812e-06
394    7.87102e-07
395   -1.61946e-08
396    3.60092e-07
397    1.68433e-07
398      2.832e-07
399    3.87894e-07
400    1.26015e-06
401    4.03835e-07
402    1.42124e-06
403    1.20116e-06
404    1.45833e-06
405    7.73442e-07
406    1.03616e-06
407    5.46156e-07
408      1.146e-06
409    4.60835e-07
410    2.08153e-07
411     4.1862e-07
412    6.04813e-07
413    6.79739e-07
414    1.02011e-06
415    8.50007e-07
416    2.73318e-07
417    6.88685e-07
418   -3.12167e-07
419    1.79067e-07
420   -1.61802e-07
421    1.21172e-07
422   -1.04437e-07
423    1.19563e-08
424    2.09606e-07
425    7.02313e-07
426   -1.78425e-07
427    2.58124e-07
428    7.17923e-07
429    7.51639e-07
430    7.96027e-07
431    7.44567e-07
432    -8.6513e-07
433    3.08692e-07
434    7.62716e-07
435    7.39004e-07
436    1.29055e-06
437    7.30474e-07
438   -2.70464e-07
439    2.33146e-07
440    5.18463e-07
441    1.06706e-06
442    3.89716e-07
443    4.95316e-07
444    7.76498e-07
445    4.59881e-07
446    -5.8577e-08
447    5.26172e-08
448    7.46677e-07
449    1.78764e-07
450    8.05685e-07
451    4.68449e-07
452   -1.00082e-07
453    1.04928e-08
454   -9.25142e-08
455    2.55369e-07
456    2.77304e-07
457    5.08278e-07
458    6.31181e-07
459    9.72084e-07
460    7.20817e-07
461    8.29973e-07
462    9.23088e-07
463    7.48963e-07
464      4.194e-07
465    3.30818e-07
466    3.91957e-07
467    1.85967e-07
468     5.9079e-07
469    5.58924e-07
470    3.97316e-07
471    3.43584e-07
472    3.89732e-07
473    6.86152e-07
474    5.70931e-07
475    9.82261e-07
476    9.31336e-07
477    1.33353e-06
478    7.65964e-07
479    6.33286e-07
480    7.91256e-07
481     6.6393e-07
482    9.68118e-07
483    7.56617e-07
484    8.40467e-07
485    1.58471e-07
486     6.1177e-07
487    8.10691e-07
488    3.37385e-07
489    3.03403e-07
490    7.85812e-07
491    3.95448e-07
492    1.27248e-06
493    4.52165e-07
494    5.43671e-07
495    7.61017e-07
496   -4.99312e-08
497    9.68583e-07
498    5.80781e-07
499     2.2936e-08
500    8.22698e-07
501     3.3507e-07
502    6.74779e-07
503    1.05902e-06
504    9.31644e-07
505    5.68547e-07
506    2.90144e-07
507   -2.29229e-07
508    4.90065e-07
509    5.47161e-07
510    8.86676e-07
511    1.05944e-07
512    9.37517e-07
