0        24.2073
1        1.01137
2       0.546701
3       0.339895
4      0.0370013
5      0.0297998
6      0.0142116
7      0.0107052
8      0.0114104
9       0.005101
10     0.00275344
11     0.00154927
12     0.00392911
13      0.0021328
14     0.00306128
15     0.00225287
16     0.00146121
17     0.00174178
18     0.00182365
19     0.00198064
20     0.00146366
21     0.00113969
22     0.00115558
23    0.000779492
24    0.000558322
25    0.000474259
26    0.000912837
27    0.000723192
28    0.000663798
29    0.000543044
30    0.000702369
31    0.000403211
32    0.000670009
33    0.000392204
34    0.000604539
35    0.000342854
36    0.000518755
37    0.000538946
38    0.000696086
39    0.000756819
40    0.000566289
41    0.000540691
42    0.000568106
43    0.000398818
44    0.000474435
45    0.000415198
46    0.000427781
47     0.00038568
48    0.000342706
49    0.000334038
50    0.000371637
51    0.000295551
52    0.000358383
53    0.000376216
54    0.000297046
55    0.000296569
56    0.000297625
57    0.000270776
58    0.000259208
59    0.000237067
60    0.000222898
61    0.000179221
62    0.000137205
63      0.0001624
64    0.000142601
65     0.00015783
66    0.000189481
67    0.000130278
68    0.000193873
69      0.0001783
70    0.000196228
71    0.000173748
72    0.000154336
73    0.000151678
74     0.00014567
75    0.000147298
76    0.000116372
77     0.00012203
78    0.000112211
79    8.73982e-05
80    8.41426e-05
81    8.09251e-05
82     0.00010108
83    8.18889e-05
84    7.47313e-05
85    7.05083e-05
86    6.20104e-05
87    5.92925e-05
88    7.12268e-05
89    7.30521e-05
90    9.81272e-05
91    6.92003e-05
92    8.13509e-05
93    7.30492e-05
94    7.85274e-05
95    5.13917e-05
96    6.29164e-05
97    5.23737e-05
98    4.25764e-05
99    4.31604e-05
100    3.45091e-05
101    3.20662e-05
102    3.30058e-05
103    2.75082e-05
104    3.99733e-05
105    2.72993e-05
106    3.12416e-05
107    2.34332e-05
108     3.6482e-05
109    2.35379e-05
110    2.73156e-05
111    2.19468e-05
112    2.52146e-05
113     2.1023e-05
114    2.13354e-05
115    1.76094e-05
116    1.66359e-05
117    1.50612e-05
118    1.73393e-05
119    1.51503e-05
120    1.65103e-05
121    1.82141e-05
122    1.57004e-05
123    1.43907e-05
124    2.13431e-05
125     1.4195e-05
126    1.27495e-05
127    1.07332e-05
128    9.15743e-06
129    1.08787e-05
130    1.24463e-05
131    1.46561e-05
132    1.32306e-05
133    1.29998e-05
134    1.39339e-05
135    1.16384e-05
136    1.14987e-05
137    9.28636e-06
138    1.15202e-05
139    7.17135e-06
140     1.1116e-05
141    1.18183e-05
142    1.05001e-05
143    1.02691e-05
144    7.73913e-06
145    1.10701e-05
146    1.27702e-05
147    1.11717e-05
148    1.21377e-05
149    5.27662e-06
150     9.3472e-06
151    6.45762e-06
152    6.07009e-06
153    2.17172e-06
154    5.56979e-06
155    4.55354e-06
156    7.12291e-06
157    7.88264e-06
158    6.00909e-06
159    9.20539e-06
160    6.38633e-06
161    5.51827e-06
162    5.91825e-06
163    5.59016e-06
164     8.0798e-06
165    5.18568e-06
166    4.07025e-06
167    5.38649e-06
168    7.03141e-06
169     5.0686e-06
170    5.73923e-06
171    4.90958e-06
172    2.07598e-06
173    7.47414e-06
174    5.07283e-06
175    6.82838e-06
176    7.13748e-06
177    5.19573e-06
178     6.0325e-06
179    2.32229e-06
180    6.71125e-06
181    8.50863e-06
182    8.03436e-06
183     7.9541e-06
184    7.38464e-06
185    7.81954e-06
186      7.806e-06
187    9.09285e-06
188     8.9911e-06
189    7.58979e-06
190    6.79072e-06
191    4.13732e-06
192    4.25673e-06
193    4.91551e-06
194    6.68337e-06
195    6.23545e-06
196    8.04046e-06
197    5.03969e-06
198    5.45853e-06
199    6.59414e-06
200     7.2868e-06
201    8.31111e-06
202    9.01539e-06
203    8.78639e-06
204    5.98051e-06
205    8.15871e-06
206    1.01253e-05
207    7.84527e-06
208    7.28069e-06
209    8.21289e-06
210    7.88881e-06
211    4.77499e-06
212    5.40651e-06
213    6.34815e-06
214    6.76237e-06
215    4.98603e-06
216    6.42819e-06
217    5.46149e-06
218    7.05161e-06
219    5.43581e-06
220    4.72069e-06
221    5.55505e-06
222    4.83083e-06
223    7.79563e-06
224    6.70131e-06
225    4.26892e-06
226    5.18545e-06
227    4.89351e-06
228    4.27385e-06
229    2.01895e-06
230    5.72832e-06
231    4.19564e-06
232    4.19703e-06
233    4.56333e-06
234    3.62323e-06
235    4.50982e-06
236    4.71972e-06
237    3.62951e-06
238    6.08451e-06
239    4.36651e-06
240    4.66288e-06
241    3.78453e-06
242    4.66368e-06
243    4.58062e-06
244    5.77053e-06
245    4.95384e-06
246    4.89504e-06
247    2.09679e-06
248    4.78956e-06
249    3.36235e-06
250    3.30043e-06
251     8.1004e-07
252    2.48808e-06
253    2.18781e-06
254    3.42277e-06
255    1.99026e-06
256    2.36964e-06
257    2.75514e-06
258     2.7038e-06
259    3.21738e-06
260    3.81955e-06
261    1.72604e-06
262    3.11224e-06
263    1.47191e-06
264    2.11033e-06
265    9.54492e-07
266    6.13767e-07
267    6.99797e-07
268    2.21934e-06
269    5.74297e-07
270    2.02606e-06
271    9.94642e-07
272    5.09371e-07
273    1.34041e-07
274    1.59427e-06
275    3.82268e-07
276    1.30245e-06
277    7.92054e-07
278    2.07153e-06
279    1.08915e-06
280    1.79237e-06
281    1.77513e-06
282    1.57296e-06
283    2.06315e-06
284    1.08083e-06
285    1.16673e-06
286    1.38414e-06
287    2.24222e-07
288    4.04182e-07
289    2.19488e-06
290    1.33779e-06
291    1.19537e-06
292    1.54932e-06
293    1.49961e-06
294    1.53338e-06
295    3.24599e-06
296    2.23345e-06
297    1.97859e-06
298    1.99041e-06
299     2.4437e-06
300    2.86966e-06
301    1.71394e-06
302    1.48564e-06
303    3.65664e-07
304    1.23085e-06
305    9.91743e-07
306    1.12533e-06
307    1.75346e-06
308    1.89103e-06
309    2.30509e-06
310    1.77178e-06
311    1.18948e-06
312    2.41465e-06
313    2.89849e-07
314    2.33048e-07
315    7.24182e-07
316    9.01379e-07
317    1.90543e-06
318    1.64865e-06
319    1.58192e-06
320    1.74508e-06
321    2.05543e-06
322    2.07444e-06
323    2.08276e-06
324    1.58232e-06
325    2.09087e-06
326    2.68803e-06
327    2.49342e-06
328    2.85808e-06
329    2.67748e-06
330    1.90192e-06
331    8.09968e-07
332    1.50828e-06
333    1.00766e-06
334    1.67933e-06
335    1.85494e-06
336    2.12173e-06
337    2.12965e-06
338     2.1145e-06
339    1.02061e-06
340    2.14583e-06
341    1.08959e-06
342    2.10626e-06
343     1.1411e-06
344    9.84605e-07
345    1.90288e-06
346     2.3879e-06
347    2.06992e-06
348    2.05152e-06
349    1.47609e-06
350    2.76308e-06
351    2.30502e-06
352    1.78729e-06
353    2.82049e-06
354    2.24119e-06
355    1.74767e-06
356    8.93266e-07
357    1.85728e-06
358    1.35116e-06
359    1.16823e-06
360    2.50105e-06
361    1.57228e-06
362    1.18264e-06
363    1.31869e-06
364    2.38052e-07
365    5.31032e-07
366    2.02386e-06
367    1.97765e-06
368    9.14877e-07
369    1.38288e-06
370    1.05343e-06
371    2.40786e-06
372    1.43198e-06
373    1.46435e-06
374    7.96832e-07
375    1.19698e-06
376    1.23761e-06
377    5.01653e-07
378    1.45353e-06
379    9.48339e-07
380    1.49401e-06
381    6.96008e-07
382    9.74439e-07
383    6.47014e-07
384    2.63497e-06
385    1.23025e-06
386    1.72692e-06
387    1.45541e-06
388    1.22225e-06
389    1.47037e-06
390    1.00093e-06
391    5.63168e-07
392    1.10455e-06
393    9.42476e-07
394    1.08678e-06
395    7.77201e-07
396     1.0686e-06
397    5.95738e-07
398    4.16153e-07
399    5.83413e-07
400     1.0324e-06
401    8.62682e-07
402    1.45232e-06
403     1.1973e-06
404    8.50734e-07
405    1.31872e-06
406    1.13919e-06
407    1.17431e-06
408    1.04608e-06
409    1.02157e-06
410    6.60206e-07
411    4.16867e-07
412     4.7853e-07
413    1.06145e-07
414    1.33334e-06
415    4.56458e-07
416    3.24283e-07
417    9.26675e-07
418    5.57327e-07
419    7.93851e-07
420    7.45433e-07
421    3.53545e-07
422    8.25652e-07
423    1.08425e-06
424    1.52401e-06
425    1.15584e-06
426    2.01648e-07
427    9.99578e-07
428    1.15391e-06
429    8.84081e-07
430    8.78755e-07
431    8.01848e-07
432    4.07252e-07
433    5.38451e-07
434    5.77234e-07
435    7.27628e-07
436    1.48086e-06
437    1.29603e-06
438    9.40105e-07
439    8.87598e-07
440    6.72604e-07
441    1.25413e-06
442    4.54221e-07
443    4.15822e-07
444    1.86154e-07
445    4.46475e-07
446    4.12382e-07
447    6.89341e-07
448    1.08645e-06
449    2.19863e-07
450     7.2588e-07
451    5.62663e-07
452    3.91686e-07
453    7.82744e-07
454    6.73947e-07
455    3.45708e-07
456    9.47306e-07
457    7.60415e-07
458     5.9807e-07
459    8.05238e-07
460     4.5149e-08
461    8.40255e-07
462    6.69431e-07
463     1.5204e-06
464    1.07506e-06
465    3.90674e-07
466    6.70732e-07
467    9.74735e-07
468    9.90248e-07
469    1.03496e-06
470    7.03943e-07
471    8.24526e-07
472    6.69593e-07
473    9.65138e-07
474    6.62941e-07
475    3.18184e-07
476    5.92318e-07
477    1.19259e-06
478    7.27997e-07
479    8.08806e-07
480     8.5622e-07
481    1.50235e-06
482    1.13039e-06
483    4.75355e-07
484    7.47746e-07
485    2.69734e-07
486    1.08259e-06
487    8.42035e-07
488    1.31795e-06
489    5.55007e-07
490    1.20654e-06
491    6.41846e-07
492    1.08729e-06
493     1.2442e-06
494    1.13571e-06
495    1.03786e-06
496    8.09549e-07
497    6.45186e-07
498    5.15923e-07
499    9.27929e-07
500    1.09513e-06
501     8.1256e-07
502    8.90169e-07
503    8.71735e-07
504    7.71535e-07
505    1.50306e-06
506    5.06406e-07
507    4.22841e-07
508    6.91276e-07
509    5.97153e-07
510    1.42148e-06
511    2.71388e-07
512    7.15323e-07
