0         24.131
1        1.01503
2       0.545203
3       0.348947
4       0.035312
5      0.0321497
6      0.0137624
7      0.0100418
8      0.0105148
9      0.0057315
10     0.00280023
11     0.00180637
12     0.00348551
13     0.00241962
14     0.00276764
15     0.00235843
16     0.00159016
17     0.00174624
18     0.00189463
19     0.00197532
20     0.00171758
21     0.00127237
22     0.00111722
23    0.000737564
24    0.000595155
25    0.000470854
26     0.00093695
27    0.000753729
28    0.000652058
29    0.000647521
30     0.00076061
31    0.000461008
32    0.000720626
33    0.000478127
34    0.000650141
35    0.000357222
36    0.000529175
37    0.000586297
38    0.000750651
39    0.000828784
40     0.00062353
41    0.000572902
42    0.000579793
43    0.000431517
44    0.000528567
45    0.000505523
46    0.000490567
47    0.000424802
48    0.000382108
49    0.000333295
50    0.000397884
51      0.0003292
52    0.000396114
53     0.00043396
54    0.000303173
55    0.000316982
56    0.000306722
57    0.000293328
58    0.000286088
59     0.00025333
60     0.00024587
61    0.000220474
62    0.000149237
63    0.000187921
64     0.00017082
65    0.000169844
66    0.000194768
67    0.000141352
68     0.00021351
69    0.000174826
70    0.000213159
71    0.000184178
72    0.000184016
73    0.000180923
74    0.000168537
75    0.000179501
76    0.000148528
77     0.00013491
78    0.000136741
79    0.000102979
80    9.26383e-05
81    9.87233e-05
82    0.000118714
83     0.00010721
84    9.14552e-05
85     8.6926e-05
86    7.36364e-05
87    6.95457e-05
88     7.9489e-05
89    8.18212e-05
90     9.2996e-05
91    7.56533e-05
92    8.52532e-05
93    8.27327e-05
94    7.94285e-05
95    6.31993e-05
96     7.6029e-05
97     6.5849e-05
98    7.10544e-05
99    4.63293e-05
100    4.38525e-05
101    4.31912e-05
102     4.2235e-05
103    3.94304e-05
104    4.65841e-05
105    3.63411e-05
106    3.77491e-05
107    2.80601e-05
108    3.85511e-05
109    3.04658e-05
110    3.35727e-05
111    3.19299e-05
112    2.77083e-05
113    2.77281e-05
114    3.38553e-05
115    2.45024e-05
116      2.593e-05
117    2.57377e-05
118    2.40362e-05
119    2.54011e-05
120    2.32217e-05
121    2.49672e-05
122    2.15433e-05
123    2.32725e-05
124    2.41976e-05
125    1.98881e-05
126    1.97402e-05
127    1.44648e-05
128    1.17088e-05
129    1.68761e-05
130    1.54152e-05
131    1.83907e-05
132    1.60614e-05
133    1.95134e-05
134    1.90997e-05
135    1.59023e-05
136    1.44569e-05
137    1.36092e-05
138    1.39657e-05
139    9.96767e-06
140    1.33293e-05
141     1.7762e-05
142    1.75641e-05
143    1.47508e-05
144    1.50311e-05
145    1.23475e-05
146    1.26092e-05
147    1.10135e-05
148    1.52785e-05
149    9.02254e-06
150    1.05384e-05
151    9.77614e-06
152    1.08602e-05
153    8.48957e-06
154    6.13745e-06
155    7.97079e-06
156    8.18294e-06
157    1.14959e-05
158    1.28423e-05
159    1.00948e-05
160    1.10867e-05
161     1.0015e-05
162    8.51822e-06
163    9.27788e-06
164    9.59954e-06
165    7.74143e-06
166    9.28592e-06
167    1.07603e-05
168    1.06548e-05
169    9.48481e-06
170    1.08752e-05
171    1.28861e-05
172    9.97376e-06
173     1.0929e-05
174    9.24886e-06
175      9.606e-06
176       9.69e-06
177    8.85407e-06
178    6.48374e-06
179    7.29657e-06
180    7.76166e-06
181    1.12325e-05
182    1.03061e-05
183    1.11695e-05
184    9.62381e-06
185    8.53324e-06
186    9.30925e-06
187    1.00711e-05
188    1.12882e-05
189     7.8974e-06
190    9.84548e-06
191     9.9049e-06
192    6.88529e-06
193     9.1315e-06
194    1.00932e-05
195    1.05254e-05
196    1.09875e-05
197    7.96527e-06
198    9.63287e-06
199    1.00132e-05
200    8.65204e-06
201    1.08804e-05
202    9.91611e-06
203    1.06072e-05
204    8.28991e-06
205    9.02467e-06
206    7.80688e-06
207    1.03032e-05
208    8.97637e-06
209    1.03087e-05
210    1.06755e-05
211     6.9384e-06
212    9.42561e-06
213    9.41179e-06
214     1.0515e-05
215    8.95336e-06
216    1.02561e-05
217     7.7686e-06
218    1.03324e-05
219    8.12398e-06
220    6.85169e-06
221    7.31547e-06
222    7.85535e-06
223    7.73928e-06
224    8.44702e-06
225    7.89288e-06
226    6.69762e-06
227    6.02093e-06
228    5.52463e-06
229    3.03364e-06
230     6.5123e-06
231    5.70075e-06
232    6.39199e-06
233    5.82937e-06
234    7.70358e-06
235    5.73858e-06
236    6.15065e-06
237    5.48804e-06
238    5.21996e-06
239    7.30083e-06
240    6.38828e-06
241    4.87653e-06
242     5.9927e-06
243     5.4888e-06
244       7.47e-06
245    6.27576e-06
246    6.63872e-06
247    3.66765e-06
248    5.97299e-06
249    5.22967e-06
250    5.63803e-06
251    4.35799e-06
252    4.84524e-06
253    4.17177e-06
254       4.27e-06
255      3.192e-06
256    3.79874e-06
257    3.84635e-06
258    4.83406e-06
259    4.20404e-06
260    4.85105e-06
261    4.41734e-06
262    3.57049e-06
263    3.12007e-06
264    2.22624e-06
265     2.6617e-06
266    3.33068e-06
267    2.08432e-06
268    3.11945e-06
269     3.1283e-06
270    2.81488e-06
271    2.99504e-06
272    1.89343e-06
273    2.51998e-06
274    2.51656e-06
275    1.68502e-06
276    2.64272e-06
277    2.68251e-06
278    3.87691e-06
279    3.21858e-06
280    4.03813e-06
281    3.04136e-06
282    4.04408e-06
283    2.98549e-06
284    2.86347e-06
285    2.97197e-06
286    3.19448e-06
287     2.3861e-06
288    1.89091e-06
289    2.97613e-06
290    3.64456e-06
291    2.36609e-06
292    2.32319e-06
293    2.84558e-06
294    2.85053e-06
295    4.37742e-06
296    3.45927e-06
297    3.92971e-06
298    3.64923e-06
299    3.49609e-06
300    3.88054e-06
301    2.83548e-06
302    3.28268e-06
303    2.38448e-06
304    3.17861e-06
305    2.08058e-06
306    2.12521e-06
307    2.19233e-06
308    2.60326e-06
309    2.54675e-06
310    2.85242e-06
311    3.49663e-06
312    3.06874e-06
313    2.56753e-06
314    2.06387e-06
315    2.57657e-06
316    3.09402e-06
317    3.04728e-06
318    3.04869e-06
319    2.79327e-06
320    3.20643e-06
321    3.00861e-06
322    3.95099e-06
323    3.40358e-06
324     2.9965e-06
325    2.97017e-06
326    3.23566e-06
327    2.68702e-06
328    3.51286e-06
329    3.75668e-06
330    3.91066e-06
331    2.93111e-06
332    2.79435e-06
333    2.22978e-06
334     3.2207e-06
335    3.24588e-06
336    3.25189e-06
337    2.97166e-06
338    3.69727e-06
339     2.3312e-06
340    3.42564e-06
341    2.90472e-06
342    3.74819e-06
343    3.13549e-06
344    2.89445e-06
345    3.12705e-06
346    3.50428e-06
347    3.45658e-06
348    3.49066e-06
349     2.2015e-06
350     3.5565e-06
351    2.85977e-06
352    2.49977e-06
353    2.63898e-06
354    2.70246e-06
355     2.8862e-06
356    2.56186e-06
357     2.7673e-06
358    2.17645e-06
359    2.67716e-06
360    3.58778e-06
361    2.81943e-06
362    2.69584e-06
363    2.10973e-06
364    1.40269e-06
365    1.87885e-06
366    2.34845e-06
367      2.269e-06
368    2.10418e-06
369    2.40176e-06
370    1.60145e-06
371    3.12033e-06
372    2.99046e-06
373    3.15654e-06
374    3.00628e-06
375    1.94605e-06
376    2.71001e-06
377    2.37608e-06
378     2.4956e-06
379    1.87523e-06
380    2.42319e-06
381    1.52781e-06
382    2.28597e-06
383    2.43552e-06
384    3.26114e-06
385    1.94165e-06
386    3.60808e-06
387    2.66205e-06
388    2.23718e-06
389    1.92083e-06
390    2.17291e-06
391    1.77044e-06
392    2.05855e-06
393    2.37827e-06
394    2.50911e-06
395    1.61941e-06
396    1.46959e-06
397    1.92099e-06
398    1.81686e-06
399    1.75956e-06
400    2.30817e-06
401    1.47075e-06
402    1.73542e-06
403    1.42666e-06
404    1.39473e-06
405    1.79761e-06
406    1.38263e-06
407      2.298e-06
408    1.71688e-06
409    2.35816e-06
410    2.21966e-06
411    1.56696e-06
412    1.72644e-06
413    8.12162e-07
414    2.05313e-06
415     1.3936e-06
416    1.00286e-06
417    2.02227e-06
418    1.33465e-06
419    1.62029e-06
420    1.23148e-06
421    9.49714e-07
422    8.68876e-07
423     7.3531e-07
424    1.09675e-06
425     1.5331e-06
426    1.14532e-06
427    1.48226e-06
428    1.66235e-06
429    9.33607e-07
430    1.22846e-06
431    1.72351e-06
432    1.11633e-06
433    1.86192e-06
434    7.34938e-07
435    1.64308e-06
436    1.48497e-06
437    1.97527e-06
438    1.83151e-06
439    1.60052e-06
440    1.76633e-06
441    1.51096e-06
442    1.59077e-06
443    9.18942e-07
444    1.19934e-06
445    1.06792e-06
446    1.69822e-06
447    1.42466e-06
448    1.48178e-06
449    1.52931e-06
450    1.62212e-06
451    1.86522e-06
452    1.28666e-06
453    9.42032e-07
454    1.41238e-06
455    1.16148e-06
456    1.56731e-06
457    1.40076e-06
458    1.54087e-06
459    1.45311e-06
460    1.52529e-06
461    1.41936e-06
462    9.16413e-07
463    1.98819e-06
464    1.49742e-06
465    1.37046e-06
466    1.52376e-06
467    1.76448e-06
468    2.17668e-06
469    1.98129e-06
470    1.61398e-06
471    1.60444e-06
472     1.3912e-06
473    1.05512e-06
474    1.48916e-06
475    1.49443e-06
476    1.54641e-06
477    1.70716e-06
478    9.00868e-07
479    1.53745e-06
480    1.98606e-06
481    1.75219e-06
482    1.48196e-06
483    1.98489e-06
484     1.9093e-06
485    1.70109e-06
486    2.08559e-06
487    1.60402e-06
488     1.6867e-06
489    1.72835e-06
490    2.16601e-06
491     1.4442e-06
492    1.52696e-06
493    1.16213e-06
494    1.47125e-06
495    1.05753e-06
496    9.99793e-07
497    1.20207e-06
498    9.54819e-07
499    1.09707e-06
500    1.20641e-06
501    1.21304e-06
502     1.4209e-06
503    1.40666e-06
504    1.17588e-06
505    1.26811e-06
506    1.27507e-06
507    1.10607e-06
508    1.84165e-06
509    1.47009e-06
510    2.01968e-06
511    1.33796e-06
512    1.24676e-06
