0        24.7052
1       0.961513
2       0.506184
3       0.328223
4      0.0325465
5      0.0306827
6      0.0138001
7      0.0097931
8     0.00994226
9     0.00555364
10     0.00316505
11     0.00200587
12     0.00418884
13     0.00311517
14     0.00305706
15     0.00266281
16      0.0017007
17     0.00203447
18     0.00200709
19     0.00191479
20     0.00192335
21     0.00137931
22      0.0011797
23    0.000932297
24    0.000823324
25    0.000552765
26      0.0010274
27    0.000904138
28     0.00084115
29    0.000700498
30    0.000895761
31    0.000557514
32    0.000818496
33    0.000629449
34    0.000663829
35      0.0005186
36    0.000604048
37    0.000727837
38     0.00089296
39    0.000944606
40    0.000710636
41    0.000649735
42     0.00065516
43    0.000475907
44    0.000597903
45    0.000537204
46    0.000613545
47    0.000502299
48    0.000472503
49    0.000421415
50    0.000433327
51    0.000434452
52    0.000445842
53    0.000521696
54    0.000358012
55    0.000376214
56    0.000365756
57    0.000378944
58    0.000357839
59    0.000302873
60    0.000291777
61    0.000263782
62    0.000217473
63    0.000247061
64    0.000217276
65    0.000245411
66     0.00023407
67    0.000220487
68    0.000264285
69    0.000246674
70    0.000281303
71    0.000228885
72    0.000240905
73    0.000240731
74    0.000234885
75      0.0002362
76     0.00019925
77    0.000186881
78    0.000185401
79    0.000143471
80    0.000128571
81    0.000136864
82    0.000146882
83     0.00014159
84    0.000122485
85    0.000119731
86     0.00010987
87    0.000107014
88    0.000119374
89    0.000123166
90    0.000142869
91     0.00010747
92    0.000118485
93    0.000104686
94    0.000105797
95    9.11275e-05
96    0.000101033
97    0.000105184
98    9.71995e-05
99    7.51383e-05
100    7.41474e-05
101     7.1448e-05
102    6.94883e-05
103     7.1247e-05
104    7.11575e-05
105    7.14314e-05
106    6.89155e-05
107    6.55707e-05
108    7.57491e-05
109    6.15292e-05
110    6.88769e-05
111    6.40904e-05
112    6.03856e-05
113    5.74847e-05
114    5.76191e-05
115    5.48656e-05
116    5.68962e-05
117    5.62469e-05
118    4.68748e-05
119    5.22109e-05
120    5.43564e-05
121    4.98677e-05
122    5.04792e-05
123    4.86659e-05
124    4.60377e-05
125    4.66241e-05
126    4.79873e-05
127    3.85383e-05
128    3.56504e-05
129    4.06701e-05
130    3.25405e-05
131    4.38121e-05
132    3.55956e-05
133     3.9972e-05
134    3.99947e-05
135    3.69911e-05
136    3.67509e-05
137     3.6623e-05
138    3.40935e-05
139    3.59405e-05
140    3.84595e-05
141    4.34497e-05
142    3.79882e-05
143    3.60214e-05
144    3.84095e-05
145    3.50693e-05
146    3.48435e-05
147    3.15977e-05
148    3.69899e-05
149    2.76309e-05
150    3.04884e-05
151    2.95565e-05
152    2.90623e-05
153    2.66539e-05
154    2.69198e-05
155    2.81295e-05
156    2.59293e-05
157    2.55929e-05
158    2.94409e-05
159    3.24611e-05
160    3.14478e-05
161    2.90559e-05
162    3.04498e-05
163    2.64347e-05
164    3.09137e-05
165    2.76388e-05
166    2.59944e-05
167    2.78705e-05
168    2.77577e-05
169     2.5315e-05
170    2.74685e-05
171    2.61193e-05
172    2.78604e-05
173    2.60772e-05
174    2.59274e-05
175    2.53187e-05
176    2.53421e-05
177    2.53776e-05
178    2.57209e-05
179    2.40046e-05
180    2.68769e-05
181    2.67813e-05
182    2.56539e-05
183    2.67096e-05
184    2.68691e-05
185    2.43659e-05
186    2.61278e-05
187    2.80254e-05
188    2.56156e-05
189    2.52421e-05
190    2.73039e-05
191    2.14789e-05
192    2.10584e-05
193    2.64975e-05
194    2.51491e-05
195    2.30686e-05
196    2.71557e-05
197    2.42575e-05
198    2.28341e-05
199    2.43642e-05
200    2.19125e-05
201    2.62963e-05
202    2.60953e-05
203    2.61745e-05
204     2.2952e-05
205    2.56261e-05
206    2.39103e-05
207    2.60558e-05
208    2.09529e-05
209    2.41419e-05
210     2.1801e-05
211    2.09828e-05
212    2.26298e-05
213    2.27431e-05
214    2.06148e-05
215    2.32807e-05
216    2.30456e-05
217    2.26553e-05
218    2.33957e-05
219    2.43379e-05
220    2.14824e-05
221    2.07729e-05
222    2.36426e-05
223      2.358e-05
224    2.36355e-05
225    2.10723e-05
226    2.00713e-05
227    2.14842e-05
228    2.15696e-05
229    1.90777e-05
230    2.22572e-05
231    1.92619e-05
232    2.07281e-05
233    2.12704e-05
234     2.1192e-05
235    2.24401e-05
236    1.91281e-05
237    1.93745e-05
238    1.95957e-05
239    1.98636e-05
240     1.8416e-05
241    2.02547e-05
242    1.83161e-05
243    1.91771e-05
244    1.86872e-05
245    1.88074e-05
246    1.71034e-05
247    1.83974e-05
248    1.88602e-05
249    1.91512e-05
250     1.9063e-05
251    1.78204e-05
252    1.61789e-05
253    1.75104e-05
254     1.6764e-05
255    1.69353e-05
256    1.78918e-05
257    1.70742e-05
258    1.61719e-05
259    1.55611e-05
260    1.63036e-05
261    1.73937e-05
262    1.58266e-05
263    1.53007e-05
264    1.72869e-05
265    1.55256e-05
266    1.54709e-05
267    1.54981e-05
268    1.59542e-05
269    1.55594e-05
270    1.33404e-05
271    1.48257e-05
272    1.49451e-05
273    1.43847e-05
274    1.50236e-05
275    1.45683e-05
276    1.50396e-05
277    1.38552e-05
278    1.43408e-05
279    1.58471e-05
280    1.62691e-05
281    1.45705e-05
282    1.54403e-05
283    1.45317e-05
284    1.45003e-05
285    1.46266e-05
286    1.36456e-05
287     1.3227e-05
288    1.33749e-05
289    1.39938e-05
290    1.48464e-05
291    1.43086e-05
292    1.34744e-05
293    1.39752e-05
294    1.47682e-05
295    1.48023e-05
296    1.46779e-05
297    1.47829e-05
298    1.38636e-05
299    1.50411e-05
300    1.56474e-05
301     1.3902e-05
302    1.29388e-05
303    1.27212e-05
304    1.39858e-05
305    1.28729e-05
306    1.37816e-05
307    1.31199e-05
308    1.44126e-05
309    1.38285e-05
310    1.36212e-05
311    1.33986e-05
312    1.31427e-05
313    1.26422e-05
314    1.29472e-05
315    1.27603e-05
316    1.33809e-05
317    1.27528e-05
318    1.29031e-05
319    1.35515e-05
320     1.2799e-05
321    1.33009e-05
322    1.41455e-05
323    1.47106e-05
324     1.4604e-05
325    1.45666e-05
326    1.40972e-05
327    1.29692e-05
328    1.37027e-05
329    1.37078e-05
330    1.24299e-05
331    1.33783e-05
332    1.29388e-05
333     1.3263e-05
334    1.35629e-05
335    1.40873e-05
336    1.43543e-05
337    1.30543e-05
338     1.4468e-05
339    1.22494e-05
340    1.39406e-05
341    1.32582e-05
342    1.32795e-05
343    1.27592e-05
344    1.38066e-05
345    1.38021e-05
346    1.39537e-05
347    1.40868e-05
348    1.36869e-05
349    1.33096e-05
350     1.2876e-05
351    1.41955e-05
352    1.27571e-05
353    1.26145e-05
354    1.41974e-05
355    1.30228e-05
356    1.34616e-05
357    1.30214e-05
358    1.24481e-05
359    1.27572e-05
360    1.42574e-05
361    1.27808e-05
362    1.27451e-05
363    1.32725e-05
364    1.23997e-05
365     1.2649e-05
366    1.16104e-05
367    1.23823e-05
368    1.32918e-05
369    1.18197e-05
370    1.30897e-05
371    1.27018e-05
372    1.21426e-05
373    1.32026e-05
374    1.26511e-05
375    1.24454e-05
376    1.23771e-05
377    1.31334e-05
378    1.28132e-05
379    1.02915e-05
380     1.1079e-05
381    1.15681e-05
382    1.08651e-05
383    1.09332e-05
384    1.17942e-05
385     1.1172e-05
386    1.22303e-05
387    1.14617e-05
388    1.14708e-05
389    1.20564e-05
390    1.11008e-05
391    1.13212e-05
392    1.19002e-05
393    1.21216e-05
394    1.10432e-05
395    1.17836e-05
396    1.07036e-05
397    1.07783e-05
398    1.08437e-05
399    9.95875e-06
400     1.0973e-05
401    1.18844e-05
402    1.17434e-05
403    1.09584e-05
404    1.05806e-05
405    1.02577e-05
406    1.07738e-05
407    1.08792e-05
408    1.05976e-05
409     1.1252e-05
410    1.06887e-05
411    1.02867e-05
412    1.16548e-05
413    1.11298e-05
414    1.11909e-05
415    1.08527e-05
416    1.11229e-05
417    1.16752e-05
418    1.10768e-05
419    1.05044e-05
420    1.09721e-05
421    1.06784e-05
422    1.01611e-05
423    1.05034e-05
424    1.05987e-05
425    1.03079e-05
426    1.12713e-05
427      1.078e-05
428     1.0176e-05
429    9.42985e-06
430    9.66013e-06
431    1.03594e-05
432    1.11865e-05
433    1.14586e-05
434    1.13899e-05
435    1.07607e-05
436     1.0458e-05
437     1.1046e-05
438    1.12795e-05
439    1.02518e-05
440    1.11563e-05
441    1.00462e-05
442    9.89917e-06
443    9.74273e-06
444    9.40328e-06
445    1.12042e-05
446    1.00731e-05
447    1.06208e-05
448    1.08258e-05
449    9.63461e-06
450    1.02626e-05
451    1.05726e-05
452    9.21354e-06
453    9.61027e-06
454    1.03688e-05
455    9.47201e-06
456    9.72113e-06
457    1.08783e-05
458    1.17234e-05
459    1.02737e-05
460    1.09493e-05
461    1.00623e-05
462    1.03723e-05
463    1.01779e-05
464    9.33076e-06
465    1.01876e-05
466    9.72175e-06
467    1.05157e-05
468    1.01014e-05
469    1.00818e-05
470    1.07814e-05
471    9.89289e-06
472    1.06531e-05
473    1.10264e-05
474    1.00631e-05
475    1.06579e-05
476     1.0499e-05
477    1.02679e-05
478    9.72098e-06
479    9.59074e-06
480    9.64419e-06
481    9.59958e-06
482    1.00419e-05
483     1.0498e-05
484    1.06392e-05
485     1.0222e-05
486    1.03184e-05
487    9.87348e-06
488     9.5106e-06
489    9.89904e-06
490    1.02515e-05
491    9.66045e-06
492    9.57669e-06
493    8.78686e-06
494    9.28163e-06
495    9.18075e-06
496    9.72015e-06
497    9.52715e-06
498    9.28618e-06
499    9.34911e-06
500    1.01236e-05
501    9.88051e-06
502    9.93293e-06
503    9.83202e-06
504    1.00389e-05
505    9.43517e-06
506     9.4774e-06
507     9.3109e-06
508    1.02081e-05
509    9.58932e-06
510    1.03296e-05
511    9.25537e-06
512    9.66445e-06
