RMS:    Average: 
0.695757   0.890268
0        7.10501
1        1.23064
2       0.649109
3       0.375347
4      0.0345341
5      0.0294599
6      0.0238035
7      0.0162666
8      0.0186752
9     0.00739114
10     0.00612441
11     0.00441064
12      0.0063879
13     0.00390097
14     0.00691606
15     0.00436786
16     0.00299367
17     0.00497339
18     0.00509971
19     0.00570945
20     0.00294155
21     0.00226394
22     0.00287193
23     0.00165463
24     0.00138574
25     0.00156885
26     0.00203064
27     0.00214311
28     0.00206155
29     0.00103771
30     0.00185392
31     0.00134003
32     0.00157936
33     0.00119046
34     0.00128888
35     0.00111858
36     0.00179635
37      0.0016033
38     0.00162818
39     0.00188381
40     0.00138002
41     0.00100588
42     0.00119846
43     0.00129799
44     0.00096107
45    0.000835623
46     0.00098413
47     0.00107142
48    0.000648876
49    0.000800336
50      0.0009903
51    0.000852794
52    0.000752713
53    0.000872964
54    0.000859795
55    0.000820489
56    0.000871414
57    0.000668953
58    0.000713155
59     0.00070713
60    0.000464657
61    0.000377352
62    0.000504658
63    0.000513142
64    0.000445663
65      0.0005183
66    0.000440258
67    0.000368803
68    0.000427268
69    0.000560505
70    0.000477861
71    0.000446847
72    0.000410744
73    0.000538119
74    0.000461534
75    0.000410313
76    0.000333142
77     0.00032259
78    0.000261531
79     0.00028141
80    0.000265115
81    0.000274226
82    0.000243816
83    0.000257318
84    0.000270353
85    0.000220758
86    0.000228505
87    0.000205748
88    0.000237544
89    0.000331122
90    0.000352549
91    0.000258039
92    0.000305617
93    0.000262355
94    0.000230783
95    0.000165346
96    0.000205056
97    0.000153607
98      0.0001515
99    0.000152541
100      0.0001514
101    0.000118321
102    0.000157694
103     0.00013398
104    0.000149017
105    0.000137607
106    0.000161003
107    0.000140349
108    0.000173728
109    0.000149949
110     0.00013371
111    0.000146942
112    0.000124085
113    0.000116746
114    0.000113651
115     0.00010839
116    0.000103989
117    0.000106547
118    0.000114414
119    9.50389e-05
120    0.000118291
121    9.77685e-05
122    9.73536e-05
123    9.28186e-05
124     0.00010991
125    0.000105376
126    0.000113031
127    9.95709e-05
128     0.00010336
129    9.33328e-05
130     9.4545e-05
131    8.47267e-05
132    0.000102226
133    7.83278e-05
134    8.57603e-05
135    8.42857e-05
136    8.18659e-05
137    8.25808e-05
138    8.86255e-05
139      8.115e-05
140    8.92294e-05
141    8.11586e-05
142    6.73709e-05
143    7.21729e-05
144    7.02812e-05
145    8.33816e-05
146    6.55581e-05
147    7.12723e-05
148    6.81033e-05
149    6.71457e-05
150    6.54553e-05
151    6.94151e-05
152     7.2719e-05
153    6.74733e-05
154     6.2334e-05
155    6.25469e-05
156    7.53933e-05
157    6.61081e-05
158    5.85421e-05
159    5.64501e-05
160     6.9141e-05
161     5.7861e-05
162    6.36478e-05
163    6.29731e-05
164    6.48275e-05
165    6.10955e-05
166    6.23938e-05
167    4.99088e-05
168    5.93494e-05
169     6.9937e-05
170    5.64813e-05
171    6.03337e-05
172    5.52857e-05
173    6.52701e-05
174    5.68362e-05
175    5.91849e-05
176    5.61257e-05
177    6.58178e-05
178    6.02162e-05
179    5.89239e-05
180    5.57785e-05
181    6.35579e-05
182    6.36771e-05
183    6.30866e-05
184    5.88123e-05
185    5.88966e-05
186    6.34281e-05
187    6.24598e-05
188    6.27846e-05
189    5.89773e-05
190    5.62212e-05
191    5.41221e-05
192     5.3672e-05
193    5.35762e-05
194    6.30159e-05
195    6.18459e-05
196    6.99351e-05
197    5.95507e-05
198    6.77014e-05
199    6.66882e-05
200    6.38868e-05
201    6.29204e-05
202    6.31371e-05
203    5.89509e-05
204    5.12603e-05
205    5.57086e-05
206    5.88309e-05
207    6.03264e-05
208    5.54664e-05
209    5.33592e-05
210    5.65972e-05
211    5.34272e-05
212    5.26483e-05
213    5.07671e-05
214    5.49092e-05
215    4.59895e-05
216    5.14175e-05
217    4.97949e-05
218    5.46789e-05
219     6.2752e-05
220     5.5331e-05
221    5.25573e-05
222    5.74078e-05
223    4.58305e-05
224    4.91614e-05
225     4.6574e-05
226    4.79059e-05
227    5.05353e-05
228    4.56523e-05
229    4.69937e-05
230    4.61065e-05
231    4.20666e-05
232    4.34427e-05
233    5.09401e-05
234    4.60635e-05
235    4.72341e-05
236    5.16338e-05
237    4.82083e-05
238    4.19878e-05
239     4.3285e-05
240    3.95282e-05
241    4.08493e-05
242    4.05962e-05
243    4.18961e-05
244    4.45756e-05
245    4.22014e-05
246    3.80662e-05
247    4.19375e-05
248    4.40237e-05
249    4.57037e-05
250    4.30645e-05
251    4.07868e-05
252    4.21322e-05
253    4.24501e-05
254    3.99463e-05
255    3.67105e-05
256    3.99898e-05
257    3.78889e-05
258     3.9842e-05
259    3.62783e-05
260    3.67387e-05
261    3.55398e-05
262      3.631e-05
263    3.40739e-05
264     3.5476e-05
265    3.96174e-05
266    3.37016e-05
267    3.60224e-05
268    3.49338e-05
269    3.19218e-05
270     3.4564e-05
271    3.63314e-05
272    3.90413e-05
273    3.56023e-05
274    3.79537e-05
275    3.10354e-05
276    3.40913e-05
277    3.31582e-05
278    3.51592e-05
279     3.3395e-05
280    3.33965e-05
281    3.63057e-05
282    3.48508e-05
283    3.46409e-05
284    3.52713e-05
285    3.43221e-05
286    3.20518e-05
287    3.33971e-05
288    3.48278e-05
289    3.37841e-05
290    3.46707e-05
291    3.60693e-05
292    3.41069e-05
293    3.37101e-05
294    3.03191e-05
295    3.36189e-05
296    3.07205e-05
297    3.37549e-05
298    3.20946e-05
299     3.6005e-05
300    3.14393e-05
301    3.23542e-05
302    2.96073e-05
303    2.89884e-05
304    3.02996e-05
305    2.96168e-05
306    3.54916e-05
307    3.41184e-05
308    3.06987e-05
309    3.50378e-05
310    3.37814e-05
311    3.11578e-05
312    3.18951e-05
313    3.20001e-05
314    3.28934e-05
315    3.25033e-05
316     3.2686e-05
317     3.2012e-05
318    3.01706e-05
319     2.8872e-05
320    3.32444e-05
321    3.39683e-05
322    2.96493e-05
323    3.16649e-05
324    3.17689e-05
325    3.28243e-05
326    3.08211e-05
327    3.08781e-05
328    3.34558e-05
329    3.37377e-05
330    3.05209e-05
331    3.07729e-05
332    2.86125e-05
333    3.25714e-05
334    3.35602e-05
335    2.99418e-05
336    3.22864e-05
337    2.56001e-05
338    3.42688e-05
339    2.76148e-05
340    2.89728e-05
341    3.12744e-05
342    3.11742e-05
343    3.20884e-05
344     3.3566e-05
345    3.10004e-05
346    2.89218e-05
347    2.89524e-05
348    2.65135e-05
349    2.90531e-05
350    2.74604e-05
351     2.7312e-05
352    2.80231e-05
353    2.97741e-05
354    2.76476e-05
355    2.74206e-05
356    2.98144e-05
357    2.69548e-05
358    3.02998e-05
359    3.32461e-05
360    3.21495e-05
361    3.15767e-05
362    3.03297e-05
363    2.89936e-05
364    3.19712e-05
365    2.67026e-05
366    2.77088e-05
367    2.66813e-05
368    2.64718e-05
369    2.60682e-05
370    2.87328e-05
371    2.62754e-05
372    2.83819e-05
373    2.77934e-05
374    2.56335e-05
375    2.77563e-05
376    2.75248e-05
377    2.70919e-05
378    2.71415e-05
379    2.65067e-05
380    2.71967e-05
381    2.64026e-05
382    2.35725e-05
383    2.37154e-05
384    2.55643e-05
385    2.35157e-05
386    2.48594e-05
387    2.56773e-05
388    2.61755e-05
389    2.47214e-05
390    2.60756e-05
391    2.40627e-05
392    2.60657e-05
393    2.47789e-05
394    2.25578e-05
395    2.15332e-05
396    2.50864e-05
397    2.48806e-05
398    2.73424e-05
399    2.39841e-05
400    2.54996e-05
401    2.26734e-05
402    2.47838e-05
403    2.57744e-05
404    2.54448e-05
405    2.36507e-05
406     2.3593e-05
407    2.31165e-05
408    2.27801e-05
409    2.34125e-05
410     2.3785e-05
411    2.28625e-05
412    2.25758e-05
413    2.38714e-05
414    2.23422e-05
415    2.40517e-05
416    2.44927e-05
417    2.22128e-05
418    2.43197e-05
419    2.28397e-05
420    2.39214e-05
421    2.30488e-05
422    2.12295e-05
423    2.31812e-05
424    2.25528e-05
425    2.16297e-05
426    2.20861e-05
427    2.13926e-05
428    2.01664e-05
429    2.15931e-05
430    2.20406e-05
431    2.27614e-05
432    2.21427e-05
433    2.30066e-05
434    2.10673e-05
435    2.32806e-05
436    2.33804e-05
437    2.30781e-05
438    2.18087e-05
439     2.0717e-05
440    2.09226e-05
441    2.17557e-05
442    2.14698e-05
443      2.184e-05
444    1.94585e-05
445    2.09017e-05
446    2.17183e-05
447    2.12173e-05
448    2.30158e-05
449    2.36344e-05
450    2.16957e-05
451    2.27614e-05
452    2.08326e-05
453    2.14027e-05
454    2.03312e-05
455    2.34055e-05
456    2.37473e-05
457    2.19288e-05
458    2.21451e-05
459    2.07469e-05
460    2.23804e-05
461     2.0842e-05
462    2.09189e-05
463     2.0309e-05
464    1.90875e-05
465    2.11309e-05
466    2.15863e-05
467    2.01821e-05
468     2.0088e-05
469     2.1965e-05
470    2.00805e-05
471    1.99365e-05
472    2.02233e-05
473    2.22151e-05
474     2.0223e-05
475     1.9419e-05
476    2.15451e-05
477     1.9068e-05
478    1.98618e-05
479    1.95556e-05
480    2.13419e-05
481    2.03516e-05
482    1.95025e-05
483    1.94623e-05
484    2.03429e-05
485    1.93463e-05
486    2.01919e-05
487     2.0566e-05
488    2.05263e-05
489    1.97575e-05
490    1.94416e-05
491    2.05981e-05
492    2.13328e-05
493    2.06747e-05
494    2.04925e-05
495    1.97538e-05
496    2.07483e-05
497    2.18614e-05
498    2.13234e-05
499    2.03915e-05
500    1.91885e-05
501    1.94547e-05
502    2.10181e-05
503    2.07746e-05
504    1.95974e-05
505     1.9236e-05
506    2.09314e-05
507    1.83535e-05
508    1.85272e-05
509    1.93123e-05
510    1.95301e-05
511    1.93813e-05
512    1.88276e-05
