0        9.05614
1        1.51828
2       0.953012
3       0.572625
4      0.0592635
5      0.0522117
6      0.0233105
7      0.0171356
8      0.0160266
9      0.0108875
10     0.00473215
11     0.00344154
12     0.00593554
13      0.0043706
14     0.00437721
15     0.00366347
16     0.00292388
17     0.00306896
18     0.00326036
19      0.0027818
20     0.00306977
21     0.00247391
22     0.00208036
23     0.00140511
24     0.00112047
25    0.000913468
26     0.00154937
27     0.00119779
28      0.0012503
29      0.0011655
30     0.00146161
31    0.000950976
32     0.00131734
33    0.000973149
34     0.00132431
35    0.000757486
36     0.00092974
37    0.000943813
38     0.00131082
39     0.00132753
40     0.00119927
41    0.000943178
42    0.000948603
43    0.000763805
44    0.000908764
45    0.000935955
46    0.000967611
47    0.000799578
48    0.000728376
49    0.000592827
50    0.000733955
51    0.000657403
52    0.000764121
53    0.000736373
54    0.000618875
55    0.000593715
56    0.000553923
57    0.000537801
58    0.000536599
59    0.000518045
60    0.000518124
61    0.000478662
62    0.000311524
63    0.000436787
64    0.000390905
65    0.000353514
66    0.000399496
67    0.000333341
68    0.000411483
69     0.00034559
70    0.000361946
71    0.000333567
72     0.00032709
73    0.000343941
74    0.000313931
75    0.000330451
76     0.00030382
77     0.00027248
78    0.000293666
79    0.000221559
80    0.000238026
81    0.000212808
82     0.00025751
83     0.00023432
84    0.000214036
85    0.000189911
86    0.000190923
87    0.000169781
88    0.000183071
89    0.000166437
90    0.000185438
91    0.000162662
92    0.000180337
93    0.000165669
94    0.000157228
95    0.000159881
96    0.000167653
97    0.000144979
98    0.000163989
99    0.000121741
100    0.000114768
101    0.000105635
102    0.000134288
103    0.000127337
104    0.000103302
105    0.000116583
106     0.00011407
107     9.5491e-05
108    9.78432e-05
109    9.57026e-05
110    0.000108363
111    0.000101728
112    9.65106e-05
113    9.25632e-05
114    0.000100607
115    9.19113e-05
116    8.78905e-05
117    8.55702e-05
118    8.29055e-05
119    8.21793e-05
120    8.05165e-05
121    7.97427e-05
122    8.02246e-05
123    7.71923e-05
124    7.46591e-05
125    7.88841e-05
126    7.20058e-05
127    6.78189e-05
128    6.35047e-05
129    6.25372e-05
130    5.70612e-05
131     7.0404e-05
132    5.58569e-05
133    6.33462e-05
134    7.06073e-05
135    6.72719e-05
136    5.74979e-05
137    6.11249e-05
138    6.03709e-05
139     5.3778e-05
140    6.63478e-05
141     6.6107e-05
142    6.72644e-05
143    5.63631e-05
144    6.27654e-05
145    5.83623e-05
146    4.81697e-05
147     4.6349e-05
148    5.52152e-05
149    5.00977e-05
150    4.74286e-05
151    5.21573e-05
152    5.72944e-05
153    5.35967e-05
154    5.34421e-05
155    4.27513e-05
156    4.31802e-05
157     4.0447e-05
158    4.30958e-05
159    4.41043e-05
160    4.60632e-05
161    4.40487e-05
162    4.53131e-05
163    4.62937e-05
164    5.23673e-05
165    4.64432e-05
166    5.15443e-05
167    5.28901e-05
168    5.05119e-05
169    4.44519e-05
170    5.02549e-05
171    4.73619e-05
172    4.61231e-05
173    4.37261e-05
174    4.72331e-05
175    4.27626e-05
176     4.2841e-05
177    4.58093e-05
178    3.74953e-05
179    4.22696e-05
180    4.53229e-05
181    4.69959e-05
182    4.82767e-05
183    4.98466e-05
184    4.33052e-05
185    4.25653e-05
186    4.28547e-05
187    4.08046e-05
188    4.20991e-05
189    4.32779e-05
190    4.16444e-05
191    4.48136e-05
192    4.13859e-05
193    4.10922e-05
194    3.90854e-05
195    4.25043e-05
196    4.05641e-05
197    4.09039e-05
198    4.14121e-05
199    3.91614e-05
200    3.81348e-05
201    4.27375e-05
202    3.91718e-05
203    3.97048e-05
204    3.82764e-05
205    3.82086e-05
206    3.47483e-05
207    3.98948e-05
208    3.66212e-05
209    3.89725e-05
210      3.903e-05
211    3.35783e-05
212     4.0913e-05
213    4.08477e-05
214    3.84694e-05
215    3.64069e-05
216    3.50978e-05
217    3.96524e-05
218    4.15234e-05
219    3.75468e-05
220    4.25647e-05
221    3.52383e-05
222    3.70505e-05
223    3.62044e-05
224    3.74945e-05
225    3.54103e-05
226    3.79369e-05
227    3.59483e-05
228    3.59188e-05
229    3.06335e-05
230    3.18324e-05
231    3.37637e-05
232    3.53136e-05
233    3.48505e-05
234    3.36141e-05
235    3.63354e-05
236    3.07013e-05
237    3.21347e-05
238    2.93319e-05
239    3.07935e-05
240    3.21786e-05
241    2.97599e-05
242    2.84194e-05
243    3.27246e-05
244    3.52133e-05
245    2.73811e-05
246    2.85593e-05
247    2.67081e-05
248    3.01898e-05
249    2.74859e-05
250    2.97186e-05
251    2.95627e-05
252    2.66823e-05
253    2.70545e-05
254    2.82137e-05
255    2.34857e-05
256    2.88637e-05
257    2.98982e-05
258    2.65232e-05
259    2.83495e-05
260    2.65686e-05
261    2.52945e-05
262    2.60831e-05
263    2.58598e-05
264    2.45879e-05
265    2.80681e-05
266    2.63769e-05
267    2.55722e-05
268    2.56868e-05
269    2.68988e-05
270    2.35422e-05
271       2.73e-05
272    2.30283e-05
273    2.39387e-05
274    2.44383e-05
275    2.32578e-05
276    2.31845e-05
277    2.36791e-05
278    2.41592e-05
279    2.44228e-05
280     2.4755e-05
281    2.26667e-05
282     2.3476e-05
283    2.29105e-05
284    2.36554e-05
285    2.37676e-05
286    2.13378e-05
287    2.44863e-05
288    2.29804e-05
289    2.35443e-05
290    2.63355e-05
291    2.32603e-05
292    2.54332e-05
293    2.52303e-05
294    2.42295e-05
295    2.55339e-05
296    2.39008e-05
297    2.14847e-05
298    2.43597e-05
299    2.45198e-05
300    2.30651e-05
301    2.24407e-05
302    2.31224e-05
303    2.07342e-05
304    2.07483e-05
305    2.16824e-05
306    2.04714e-05
307    2.10056e-05
308    2.51398e-05
309     2.1843e-05
310    2.33593e-05
311    2.24792e-05
312    2.13013e-05
313    2.16844e-05
314    2.07859e-05
315     2.1182e-05
316    2.15145e-05
317    2.00663e-05
318    2.16017e-05
319    1.92248e-05
320    2.19907e-05
321    2.27953e-05
322    2.37252e-05
323    2.37169e-05
324    2.47973e-05
325    2.12734e-05
326    2.15857e-05
327    2.24651e-05
328    2.32459e-05
329    2.20771e-05
330    2.34868e-05
331    2.18646e-05
332    2.07216e-05
333    2.26344e-05
334    2.08306e-05
335    2.18128e-05
336    2.22224e-05
337    2.12217e-05
338     2.3706e-05
339    2.09136e-05
340    2.03365e-05
341    2.05602e-05
342     2.1149e-05
343    2.14042e-05
344    2.33357e-05
345    2.12342e-05
346    2.11213e-05
347    2.05421e-05
348     2.0285e-05
349    2.10521e-05
350    1.95888e-05
351    1.95446e-05
352    1.93869e-05
353    1.85626e-05
354    1.98231e-05
355    1.99303e-05
356    2.01858e-05
357    1.95653e-05
358    1.94887e-05
359    1.94435e-05
360    1.96675e-05
361    1.95709e-05
362    1.89134e-05
363    1.91933e-05
364    1.86503e-05
365    1.84145e-05
366     1.9371e-05
367    1.82168e-05
368    1.82153e-05
369    1.95957e-05
370    1.85197e-05
371    1.98154e-05
372    1.91553e-05
373    2.09867e-05
374    1.97612e-05
375    1.91957e-05
376    2.07033e-05
377    1.99303e-05
378    1.81517e-05
379    1.76763e-05
380    1.69004e-05
381    1.69521e-05
382    1.66492e-05
383    1.59542e-05
384     1.8699e-05
385    1.81855e-05
386     1.9179e-05
387    1.82997e-05
388    1.78644e-05
389    1.90519e-05
390    1.84497e-05
391     1.9508e-05
392    1.89421e-05
393    1.87644e-05
394    1.91376e-05
395    1.79799e-05
396     1.8816e-05
397     1.7783e-05
398    1.87486e-05
399    1.78592e-05
400    1.72078e-05
401    1.63404e-05
402     1.7724e-05
403    1.71459e-05
404    1.68915e-05
405    1.81386e-05
406    1.63268e-05
407    1.71808e-05
408    1.64327e-05
409    1.73533e-05
410    1.69134e-05
411    1.60945e-05
412    1.67024e-05
413    1.73384e-05
414    1.73464e-05
415    1.64024e-05
416    1.68477e-05
417    1.69789e-05
418    1.75126e-05
419    1.68805e-05
420    1.60455e-05
421    1.75428e-05
422    1.65103e-05
423    1.63808e-05
424    1.62799e-05
425    1.56982e-05
426    1.54474e-05
427    1.60412e-05
428    1.65279e-05
429    1.56582e-05
430    1.59116e-05
431    1.48294e-05
432    1.56415e-05
433    1.65205e-05
434    1.70659e-05
435    1.61975e-05
436    1.67043e-05
437     1.8216e-05
438    1.66239e-05
439    1.71615e-05
440    1.81583e-05
441    1.57536e-05
442    1.73245e-05
443    1.75342e-05
444    1.66898e-05
445    1.64943e-05
446    1.73273e-05
447    1.55198e-05
448    1.54816e-05
449    1.66604e-05
450    1.56001e-05
451    1.49759e-05
452    1.49538e-05
453    1.63898e-05
454    1.55921e-05
455    1.54856e-05
456      1.715e-05
457    1.68495e-05
458    1.64181e-05
459     1.6789e-05
460    1.59965e-05
461    1.57354e-05
462    1.44039e-05
463    1.66705e-05
464    1.56689e-05
465    1.53792e-05
466    1.65888e-05
467    1.60881e-05
468    1.57718e-05
469    1.67406e-05
470    1.69884e-05
471    1.64317e-05
472    1.59714e-05
473    1.45737e-05
474    1.57647e-05
475    1.63183e-05
476    1.43982e-05
477    1.48803e-05
478    1.63935e-05
479    1.48441e-05
480    1.57692e-05
481    1.58335e-05
482    1.43517e-05
483    1.54397e-05
484    1.55079e-05
485    1.42539e-05
486    1.54994e-05
487    1.55533e-05
488    1.54839e-05
489     1.4182e-05
490    1.46411e-05
491    1.51181e-05
492    1.51684e-05
493    1.52459e-05
494    1.59201e-05
495    1.53133e-05
496    1.57411e-05
497    1.53105e-05
498    1.55224e-05
499    1.48188e-05
500    1.60364e-05
501    1.46494e-05
502    1.40365e-05
503    1.45875e-05
504    1.49025e-05
505    1.39299e-05
506     1.4912e-05
507    1.39826e-05
508    1.50095e-05
509    1.52945e-05
510     1.5603e-05
511    1.40421e-05
512    1.30013e-05
