RMS:    Average: 
3.21074   6.3554
0   -2.51424e-06
1        2.96415
2         2.2855
3       0.321482
4       0.381686
5      0.0951733
6      0.0950084
7      0.0814944
8      0.0676035
9      0.0184011
10       0.039128
11        0.04404
12      0.0642791
13      0.0494638
14      0.0396467
15      0.0388781
16      0.0319045
17      0.0290518
18      0.0364341
19      0.0426262
20      0.0414928
21      0.0240465
22      0.0294608
23      0.0214402
24      0.0230243
25      0.0191532
26       0.020478
27      0.0164311
28      0.0262149
29      0.0206801
30       0.023317
31      0.0222457
32      0.0197092
33      0.0185297
34      0.0152343
35      0.0157944
36      0.0179457
37        0.01561
38      0.0220772
39      0.0188111
40      0.0171451
41      0.0165852
42      0.0161879
43      0.0146527
44      0.0117173
45       0.012865
46      0.0120965
47      0.0139024
48      0.0122551
49      0.0102256
50      0.0112407
51      0.0109969
52     0.00966099
53      0.0103708
54     0.00987021
55     0.00819791
56     0.00867273
57     0.00694108
58     0.00784382
59     0.00735307
60     0.00707333
61     0.00762857
62     0.00548403
63     0.00721324
64     0.00607687
65     0.00539239
66     0.00612268
67     0.00581482
68     0.00621871
69     0.00562917
70     0.00598305
71     0.00571209
72     0.00402386
73     0.00566373
74     0.00422632
75      0.0049392
76     0.00434509
77     0.00407097
78     0.00382374
79     0.00408256
80     0.00312077
81      0.0035289
82     0.00330512
83     0.00297485
84     0.00381752
85     0.00326882
86      0.0032525
87     0.00258766
88     0.00287576
89     0.00291063
90     0.00303441
91      0.0028508
92     0.00310805
93     0.00269531
94     0.00269092
95     0.00268356
96      0.0028129
97     0.00258828
98     0.00259538
99     0.00186174
100     0.00195425
101     0.00192782
102     0.00186127
103     0.00216767
104     0.00179818
105     0.00183682
106     0.00183511
107     0.00144407
108     0.00147126
109     0.00170108
110     0.00172751
111     0.00179566
112     0.00171456
113     0.00146013
114     0.00172283
115     0.00144862
116     0.00149057
117     0.00151841
118     0.00148227
119     0.00144982
120     0.00131902
121     0.00126042
122     0.00132991
123     0.00124581
124     0.00125375
125     0.00113755
126     0.00115279
127     0.00112723
128    0.000994873
129     0.00105712
130     0.00102853
131     0.00111679
132    0.000943657
133     0.00101117
134     0.00114314
135     0.00107592
136     0.00094342
137     0.00106878
138    0.000997531
139    0.000866746
140     0.00088657
141    0.000917014
142    0.000902457
143    0.000859782
144    0.000934549
145    0.000943776
146     0.00075044
147    0.000797695
148    0.000831725
149    0.000895755
150    0.000812007
151    0.000895057
152     0.00085121
153    0.000777471
154    0.000824053
155    0.000715851
156    0.000687092
157    0.000669017
158    0.000661076
159    0.000806999
160    0.000724456
161    0.000701088
162    0.000718448
163    0.000694378
164    0.000778412
165    0.000783062
166    0.000838979
167     0.00087746
168    0.000729692
169    0.000725462
170     0.00085304
171    0.000779133
172    0.000801895
173    0.000751387
174    0.000796427
175    0.000655106
176    0.000665919
177    0.000745385
178    0.000598971
179    0.000601141
180    0.000617707
181    0.000687793
182    0.000726381
183     0.00070702
184    0.000671447
185    0.000639698
186    0.000605138
187    0.000599461
188    0.000610075
189    0.000693328
190    0.000683588
191    0.000675591
192    0.000670491
193    0.000659545
194    0.000603623
195    0.000653084
196    0.000633264
197    0.000654748
198    0.000592746
199    0.000588307
200    0.000615186
201    0.000686192
202    0.000607594
203    0.000659881
204    0.000553185
205    0.000592298
206    0.000546245
207    0.000606874
208    0.000588194
209    0.000616596
210    0.000581648
211    0.000522811
212    0.000626161
213    0.000650454
214    0.000615284
215    0.000538525
216    0.000547817
217    0.000654224
218    0.000628054
219    0.000564489
220     0.00059576
221    0.000506627
222    0.000557013
223    0.000524382
224    0.000580909
225    0.000603651
226    0.000627941
227    0.000552305
228    0.000582539
229    0.000529327
230    0.000487147
231     0.00055196
232    0.000534687
233    0.000530875
234    0.000477423
235    0.000554615
236    0.000487233
237    0.000490335
238     0.00044821
239    0.000509712
240     0.00048622
241    0.000454085
242     0.00044987
243    0.000535983
244    0.000539426
245    0.000400977
246    0.000446469
247    0.000425171
248    0.000474079
249    0.000416005
250    0.000477609
251    0.000487326
252    0.000413843
253    0.000451507
254    0.000427479
255    0.000398609
256    0.000441286
257     0.00048199
258    0.000418936
259    0.000439528
260    0.000410666
261    0.000439273
262    0.000414217
263    0.000402707
264    0.000380992
265    0.000447902
266    0.000408624
267    0.000427801
268    0.000409552
269    0.000409536
270    0.000395709
271    0.000423699
272    0.000376301
273    0.000393053
274     0.00038429
275    0.000351215
276    0.000362774
277    0.000364613
278    0.000363256
279    0.000368904
280    0.000378217
281    0.000362633
282    0.000354961
283    0.000350395
284    0.000366366
285    0.000377237
286    0.000321406
287     0.00039561
288    0.000351319
289    0.000378898
290    0.000395249
291    0.000354103
292    0.000394904
293    0.000361287
294     0.00037549
295    0.000382608
296    0.000335268
297    0.000342223
298    0.000353936
299    0.000403965
300    0.000374438
301    0.000370487
302    0.000387176
303    0.000338332
304    0.000343829
305    0.000338724
306    0.000328785
307    0.000345683
308    0.000354457
309    0.000343469
310    0.000358324
311    0.000318333
312      0.0003031
313    0.000331125
314    0.000324312
315    0.000310804
316    0.000356488
317    0.000318589
318    0.000330097
319    0.000307619
320    0.000338416
321    0.000367117
322    0.000381619
323    0.000357564
324     0.00039291
325    0.000324912
326    0.000332065
327    0.000334861
328     0.00033876
329    0.000342298
330    0.000364375
331    0.000335272
332    0.000323912
333    0.000346366
334    0.000325791
335    0.000325713
336    0.000351825
337    0.000317309
338    0.000343038
339    0.000316394
340    0.000319335
341    0.000324099
342    0.000333187
343    0.000339414
344    0.000356285
345    0.000324435
346    0.000317278
347    0.000279037
348    0.000309359
349    0.000305241
350    0.000291033
351    0.000303697
352    0.000296976
353    0.000294143
354    0.000306386
355     0.00031729
356    0.000330891
357    0.000281281
358      0.0003141
359    0.000292138
360    0.000304717
361    0.000293935
362     0.00028917
363    0.000307466
364    0.000299213
365     0.00028226
366    0.000285375
367     0.00029554
368     0.00027533
369     0.00029049
370    0.000305278
371    0.000295329
372     0.00028471
373    0.000319878
374    0.000310014
375      0.0002976
376    0.000323265
377    0.000311974
378    0.000301225
379    0.000279642
380    0.000285199
381    0.000266241
382    0.000257981
383    0.000258606
384    0.000282878
385    0.000293965
386    0.000290763
387    0.000288275
388    0.000284621
389    0.000290017
390    0.000290979
391    0.000298963
392    0.000299778
393    0.000291615
394    0.000276998
395    0.000275554
396    0.000279125
397     0.00028427
398    0.000280313
399    0.000271972
400    0.000275517
401     0.00026192
402    0.000280817
403    0.000279897
404    0.000262384
405    0.000281442
406    0.000262263
407    0.000274025
408    0.000271344
409    0.000261838
410    0.000266604
411    0.000259029
412    0.000252842
413    0.000278651
414    0.000258964
415    0.000264234
416    0.000247077
417    0.000265245
418    0.000273087
419    0.000265575
420    0.000237958
421    0.000278301
422    0.000259962
423    0.000256688
424    0.000266729
425     0.00025222
426    0.000252476
427    0.000248613
428    0.000258477
429    0.000252009
430    0.000254835
431    0.000228359
432    0.000244089
433    0.000262049
434    0.000262862
435    0.000246536
436    0.000263639
437    0.000275594
438    0.000247833
439    0.000259433
440    0.000268022
441    0.000232787
442    0.000256868
443    0.000270235
444     0.00025461
445    0.000252572
446     0.00027197
447    0.000247792
448    0.000239839
449    0.000257182
450    0.000245865
451    0.000226951
452    0.000231308
453    0.000256833
454    0.000247886
455    0.000242456
456    0.000252979
457    0.000267449
458    0.000250795
459     0.00026343
460    0.000256453
461    0.000238897
462    0.000228328
463    0.000256719
464    0.000245212
465    0.000243743
466    0.000247705
467     0.00024691
468    0.000255542
469    0.000262023
470    0.000247023
471    0.000260384
472    0.000255489
473    0.000223616
474    0.000237723
475     0.00024717
476    0.000217383
477    0.000239758
478    0.000264481
479    0.000231336
480    0.000237914
481    0.000250567
482    0.000227065
483    0.000239354
484    0.000237027
485    0.000214932
486    0.000246405
487    0.000245906
488    0.000240967
489    0.000223871
490    0.000244362
491    0.000244528
492    0.000236232
493    0.000239418
494    0.000248347
495    0.000243315
496    0.000242444
497    0.000237427
498    0.000243827
499    0.000229796
500    0.000237933
501    0.000229723
502     0.00022963
503    0.000233986
504    0.000247328
505    0.000224017
506    0.000232869
507    0.000226263
508    0.000247857
509    0.000249827
510    0.000237257
511    0.000221511
512    0.000211642
