RMS:    Average: 
2.44321   4.74417
0   -3.36813e-06
1          1.491
2        1.04916
3       0.114962
4       0.190882
5      0.0309745
6      0.0422671
7      0.0262532
8      0.0208512
9     0.00943136
10      0.0204094
11      0.0160564
12       0.022791
13       0.021185
14      0.0156048
15      0.0160337
16     0.00993035
17      0.0110491
18      0.0157473
19      0.0177795
20      0.0164823
21      0.0110456
22      0.0137821
23     0.00764207
24     0.00879533
25     0.00574512
26     0.00701285
27     0.00706956
28     0.00871259
29     0.00684866
30     0.00880614
31     0.00701308
32     0.00716113
33     0.00636007
34     0.00510727
35     0.00594331
36     0.00729464
37     0.00673291
38     0.00913277
39     0.00756172
40     0.00641727
41     0.00621268
42        0.00632
43     0.00506658
44     0.00497024
45     0.00457616
46     0.00454114
47     0.00490946
48     0.00506839
49     0.00409106
50     0.00445484
51      0.0041409
52     0.00336279
53     0.00434439
54      0.0033406
55     0.00317733
56     0.00330346
57     0.00289388
58     0.00295434
59     0.00267191
60     0.00209806
61     0.00241275
62     0.00223707
63     0.00227103
64     0.00207625
65     0.00201544
66     0.00217642
67     0.00178831
68     0.00224196
69     0.00178655
70     0.00234884
71     0.00208995
72      0.0016286
73     0.00202594
74     0.00152362
75     0.00199128
76      0.0013501
77     0.00166111
78     0.00119296
79     0.00130048
80    0.000994795
81     0.00119431
82     0.00112889
83     0.00108066
84     0.00116902
85     0.00114582
86    0.000982273
87    0.000932126
88     0.00103012
89     0.00113448
90     0.00119793
91    0.000973736
92    0.000993474
93    0.000883664
94    0.000866119
95    0.000876777
96     0.00088765
97     0.00086368
98    0.000800781
99    0.000521577
100    0.000586356
101    0.000595238
102    0.000576483
103    0.000688637
104     0.00067763
105    0.000601423
106    0.000565199
107    0.000430685
108    0.000560096
109    0.000488436
110    0.000532442
111    0.000506077
112    0.000469929
113    0.000482692
114    0.000453107
115    0.000394588
116    0.000440187
117     0.00043294
118    0.000420592
119    0.000488613
120    0.000408623
121    0.000370297
122    0.000418826
123    0.000421821
124    0.000355856
125    0.000298937
126    0.000375912
127    0.000310075
128    0.000268132
129    0.000306898
130    0.000278298
131    0.000362678
132    0.000338667
133    0.000289347
134    0.000269968
135    0.000308894
136    0.000265125
137    0.000284221
138     0.00027706
139    0.000273371
140    0.000249132
141    0.000266688
142    0.000197691
143    0.000228114
144    0.000232338
145     0.00020314
146    0.000219956
147    0.000216667
148    0.000227996
149    0.000208384
150     0.00020283
151    0.000224095
152     0.00017374
153    0.000166884
154    0.000185045
155    0.000173022
156    0.000141789
157    0.000169696
158    0.000167172
159    0.000253866
160    0.000204194
161    0.000211296
162    0.000230445
163     0.00019418
164    0.000189846
165    0.000182774
166    0.000189129
167    0.000188917
168    0.000189039
169    0.000180072
170    0.000181641
171    0.000192099
172    0.000211268
173     0.00017602
174     0.00016648
175     0.00015074
176    0.000167377
177    0.000172255
178    0.000172404
179    0.000165089
180    0.000130967
181    0.000181213
182    0.000178268
183    0.000174913
184    0.000175133
185      0.0001659
186    0.000143452
187    0.000142836
188    0.000138781
189    0.000151369
190     0.00016685
191    0.000153853
192    0.000137134
193    0.000141597
194    0.000157843
195    0.000128182
196    0.000172126
197    0.000169037
198    0.000154878
199    0.000170209
200     0.00016769
201    0.000180475
202     0.00017202
203    0.000171073
204    0.000120784
205     0.00016625
206    0.000140265
207     0.00014509
208     0.00012958
209    0.000144729
210    0.000129736
211    0.000131238
212    0.000141816
213    0.000155955
214    0.000147542
215    0.000148956
216    0.000141056
217    0.000147735
218    0.000141505
219    0.000149201
220    0.000134393
221    0.000115865
222     0.00013904
223    0.000125771
224    0.000139843
225    0.000132198
226    0.000121197
227    0.000128333
228    0.000137262
229    0.000131006
230     0.00013841
231    0.000130416
232    0.000135164
233    0.000150812
234    0.000127408
235    0.000136393
236    0.000123986
237    0.000118494
238    0.000106362
239    0.000125639
240    0.000103797
241    0.000109516
242    9.62319e-05
243    9.89229e-05
244     0.00010887
245    9.55788e-05
246    0.000114723
247    0.000109376
248    0.000107431
249     0.00011307
250    9.77049e-05
251     0.00010886
252    9.24745e-05
253    9.51346e-05
254      7.968e-05
255    8.35838e-05
256    0.000103943
257    0.000113298
258    8.53277e-05
259    7.96984e-05
260    8.44135e-05
261    0.000102228
262     9.0893e-05
263    7.21771e-05
264     8.5148e-05
265     8.4207e-05
266    8.89316e-05
267    9.13401e-05
268    9.18292e-05
269    7.05412e-05
270     8.1992e-05
271    7.41861e-05
272    9.05641e-05
273    7.72272e-05
274    7.56663e-05
275    6.63347e-05
276    6.27075e-05
277    7.71437e-05
278    6.93982e-05
279    8.33984e-05
280     7.5179e-05
281    6.80455e-05
282    6.80516e-05
283    6.35282e-05
284    5.96571e-05
285    6.40733e-05
286    6.55565e-05
287    6.36007e-05
288    6.57547e-05
289    7.77655e-05
290     8.2812e-05
291     5.7116e-05
292    6.91814e-05
293    5.35159e-05
294    7.11443e-05
295    7.71869e-05
296    6.75526e-05
297    7.30383e-05
298    7.36512e-05
299    6.87818e-05
300    7.83129e-05
301    6.68625e-05
302    6.60307e-05
303    6.41576e-05
304     6.3524e-05
305    6.40796e-05
306    6.98444e-05
307    6.64958e-05
308    6.11711e-05
309    6.41488e-05
310      6.651e-05
311    6.32393e-05
312    5.51148e-05
313    5.91839e-05
314    6.87168e-05
315    5.60943e-05
316    6.53684e-05
317    5.48709e-05
318    5.62634e-05
319    5.66568e-05
320     6.7123e-05
321    6.77855e-05
322    6.98961e-05
323    6.67973e-05
324     6.8069e-05
325    6.40657e-05
326    6.36868e-05
327    6.12728e-05
328    5.61529e-05
329    6.04918e-05
330     4.9507e-05
331    5.96249e-05
332    5.77822e-05
333    5.86488e-05
334    7.42443e-05
335     5.1912e-05
336    7.05168e-05
337     4.3927e-05
338    6.17695e-05
339    4.90507e-05
340    6.73787e-05
341    5.66549e-05
342    4.66986e-05
343    5.90322e-05
344    5.65554e-05
345    6.47633e-05
346    6.58884e-05
347    6.80852e-05
348    6.16842e-05
349    5.90166e-05
350    5.80831e-05
351     6.3853e-05
352    6.25883e-05
353    5.65462e-05
354    6.19474e-05
355    6.45463e-05
356    5.60013e-05
357    5.52757e-05
358    5.92038e-05
359    6.24451e-05
360    6.49574e-05
361    5.73913e-05
362    6.29434e-05
363    5.57746e-05
364    5.08775e-05
365    5.41281e-05
366     4.6117e-05
367    5.00806e-05
368    4.70942e-05
369    5.07644e-05
370    5.69104e-05
371    5.92444e-05
372    5.23183e-05
373    5.95607e-05
374    5.95275e-05
375    5.02659e-05
376    5.16956e-05
377    5.91374e-05
378    5.48467e-05
379    3.96294e-05
380    5.14543e-05
381    4.39738e-05
382    4.08625e-05
383     4.4366e-05
384    5.02172e-05
385    5.44273e-05
386     5.3971e-05
387    5.53619e-05
388     5.4495e-05
389    5.22187e-05
390    4.39552e-05
391    4.45825e-05
392     4.6638e-05
393    5.04943e-05
394    4.12417e-05
395    4.51257e-05
396    4.18564e-05
397    4.46607e-05
398    4.31378e-05
399    4.31505e-05
400    3.53282e-05
401    4.78179e-05
402    5.26064e-05
403    3.26618e-05
404    4.02826e-05
405     4.0309e-05
406    3.42589e-05
407    3.40932e-05
408     3.2518e-05
409    3.04665e-05
410    4.06393e-05
411    4.20393e-05
412    4.66473e-05
413    4.65803e-05
414    4.78435e-05
415     4.2338e-05
416    3.26727e-05
417    4.68772e-05
418    3.76434e-05
419    4.22268e-05
420    3.43683e-05
421    3.79915e-05
422     4.0263e-05
423    4.07092e-05
424    4.39524e-05
425    4.45366e-05
426    4.49264e-05
427    4.55596e-05
428    4.12617e-05
429    3.69037e-05
430     4.0724e-05
431    4.01864e-05
432    4.34522e-05
433     4.3724e-05
434    4.74787e-05
435    3.60566e-05
436    3.22888e-05
437     2.8579e-05
438    3.34792e-05
439    3.33336e-05
440     3.5629e-05
441    3.12477e-05
442    3.82597e-05
443    2.98441e-05
444    3.31562e-05
445    3.80923e-05
446    3.36596e-05
447    4.29351e-05
448    3.65041e-05
449    3.17233e-05
450    3.98094e-05
451    4.45199e-05
452    2.96848e-05
453    4.35147e-05
454    3.91523e-05
455    3.38069e-05
456    3.74367e-05
457    3.99017e-05
458    4.37096e-05
459    3.56362e-05
460    4.43238e-05
461    4.50006e-05
462    3.94961e-05
463    3.46911e-05
464    2.95288e-05
465    2.52301e-05
466    3.15571e-05
467    3.34666e-05
468     4.0255e-05
469    4.06421e-05
470    4.20979e-05
471    3.35803e-05
472    4.27331e-05
473     4.1266e-05
474    3.95198e-05
475     4.3708e-05
476    3.70264e-05
477    3.33574e-05
478     3.4434e-05
479    2.43376e-05
480    3.34971e-05
481    3.54291e-05
482    3.77571e-05
483    3.34714e-05
484    3.62623e-05
485    3.90115e-05
486    3.35958e-05
487    3.62298e-05
488    3.24046e-05
489    4.10517e-05
490    4.52695e-05
491    3.52461e-05
492    3.91864e-05
493    2.72118e-05
494    3.65013e-05
495    3.60814e-05
496    3.29758e-05
497    3.69837e-05
498    3.69475e-05
499    3.25383e-05
500     3.5422e-05
501    3.98958e-05
502    4.75614e-05
503    3.48266e-05
504    3.65217e-05
505    3.29721e-05
506    3.42642e-05
507    3.38984e-05
508     3.9162e-05
509    3.68949e-05
510    2.90204e-05
511    3.19255e-05
512      3.615e-05
