RMS:    Average: 
2.06295   5.84633
0   -2.73316e-06
1         8.7728
2        5.04915
3       0.889585
4        1.13084
5        0.46718
6       0.254982
7       0.109923
8      0.0590659
9      0.0433586
10      0.0503795
11       0.062612
12      0.0819392
13      0.0622552
14       0.105304
15      0.0361144
16      0.0779244
17      0.0549319
18       0.064208
19      0.0735908
20       0.065698
21      0.0334291
22      0.0352807
23      0.0372438
24      0.0274875
25      0.0295291
26      0.0268359
27      0.0186613
28       0.027207
29      0.0146315
30      0.0202496
31      0.0180029
32      0.0188933
33      0.0155643
34      0.0191838
35        0.01234
36      0.0260572
37      0.0175199
38      0.0177231
39      0.0221305
40      0.0146025
41       0.012872
42       0.013824
43      0.0121439
44      0.0103571
45      0.0109307
46      0.0108355
47      0.0152414
48      0.0102471
49      0.0138157
50      0.0100061
51      0.0110234
52     0.00861776
53       0.011644
54      0.0106186
55      0.0122253
56     0.00957906
57     0.00829367
58     0.00852671
59     0.00792952
60     0.00689396
61     0.00704486
62     0.00693669
63     0.00725058
64     0.00436794
65     0.00642406
66     0.00539805
67      0.0052241
68      0.0050167
69     0.00591361
70     0.00516917
71     0.00553982
72      0.0042797
73     0.00547986
74     0.00519511
75     0.00597889
76     0.00389808
77     0.00462497
78     0.00351575
79      0.0035933
80      0.0027761
81     0.00355909
82     0.00298135
83     0.00311314
84     0.00320317
85     0.00327673
86     0.00333443
87     0.00260297
88     0.00299798
89      0.0040709
90     0.00390316
91     0.00312878
92     0.00359419
93     0.00354745
94     0.00258339
95     0.00192092
96     0.00231663
97     0.00229828
98     0.00215387
99     0.00255968
100     0.00236406
101      0.0022065
102     0.00214434
103     0.00194672
104     0.00205418
105     0.00213672
106     0.00172473
107     0.00246663
108     0.00193158
109     0.00195457
110      0.0018493
111     0.00192326
112     0.00149971
113     0.00150459
114     0.00140014
115      0.0013859
116     0.00132288
117     0.00135557
118     0.00152422
119     0.00147532
120      0.0016438
121     0.00164993
122     0.00146987
123     0.00139173
124     0.00118429
125     0.00142492
126     0.00128342
127     0.00131726
128     0.00118938
129     0.00140854
130     0.00125845
131     0.00119818
132     0.00135883
133     0.00117158
134     0.00114326
135     0.00123965
136     0.00114032
137     0.00100984
138     0.00112647
139     0.00120588
140     0.00108282
141     0.00141535
142     0.00127986
143     0.00149763
144     0.00137737
145     0.00113391
146     0.00118665
147     0.00110802
148     0.00110315
149    0.000996489
150    0.000845541
151     0.00096338
152     0.00104898
153     0.00110786
154      0.0010266
155     0.00107891
156      0.0011302
157     0.00101859
158    0.000755675
159    0.000754464
160    0.000976325
161    0.000805678
162    0.000854496
163    0.000922727
164    0.000832512
165    0.000817725
166    0.000843744
167    0.000772556
168    0.000800629
169     0.00084212
170    0.000811544
171    0.000888417
172    0.000837603
173    0.000927215
174    0.000840755
175    0.000838002
176    0.000859515
177    0.000920603
178    0.000927192
179    0.000743723
180    0.000843383
181    0.000805923
182    0.000729648
183    0.000722012
184    0.000641768
185    0.000794489
186    0.000837682
187    0.000790329
188    0.000792762
189    0.000666807
190    0.000711802
191    0.000684565
192    0.000640855
193    0.000619029
194    0.000800879
195    0.000704217
196     0.00076122
197    0.000725329
198    0.000751643
199    0.000774162
200    0.000785015
201    0.000776133
202      0.0007245
203    0.000685689
204    0.000639018
205    0.000655684
206    0.000653783
207    0.000639695
208    0.000610985
209    0.000637412
210    0.000596149
211    0.000674204
212    0.000631377
213    0.000583623
214    0.000620454
215    0.000567569
216     0.00067263
217    0.000640339
218    0.000622123
219    0.000737971
220    0.000662767
221     0.00058797
222    0.000694071
223    0.000579273
224    0.000610023
225    0.000536736
226    0.000550549
227    0.000581299
228    0.000544239
229    0.000540698
230    0.000497037
231    0.000520201
232    0.000485762
233    0.000550606
234    0.000550154
235    0.000481256
236    0.000516168
237    0.000554183
238    0.000501579
239    0.000535654
240    0.000498671
241     0.00049379
242    0.000485798
243    0.000506036
244     0.00047994
245     0.00049516
246    0.000469067
247     0.00047431
248    0.000491086
249    0.000521951
250    0.000514678
251    0.000493636
252    0.000487286
253     0.00047631
254    0.000446381
255    0.000442487
256    0.000492364
257    0.000468892
258    0.000461768
259    0.000426099
260    0.000468532
261     0.00044614
262    0.000436537
263    0.000424657
264    0.000442389
265    0.000458235
266    0.000437736
267    0.000395961
268     0.00042384
269    0.000384081
270    0.000443041
271    0.000441331
272    0.000448674
273    0.000442699
274    0.000430145
275    0.000381341
276    0.000421333
277    0.000425505
278    0.000420899
279     0.00040917
280     0.00044342
281      0.0004026
282    0.000423688
283    0.000397832
284    0.000404558
285    0.000419014
286    0.000388048
287    0.000411814
288    0.000421808
289     0.00043046
290    0.000425786
291    0.000408253
292    0.000413688
293    0.000387767
294    0.000348321
295    0.000392378
296    0.000405865
297    0.000415573
298    0.000415368
299    0.000437079
300    0.000416345
301    0.000393937
302    0.000342599
303    0.000338535
304    0.000364332
305    0.000342521
306    0.000379121
307    0.000394447
308    0.000344563
309    0.000373218
310    0.000358004
311    0.000363549
312    0.000354306
313    0.000363735
314    0.000380902
315    0.000356267
316    0.000361018
317    0.000387674
318    0.000338525
319    0.000379934
320     0.00037173
321    0.000370705
322    0.000346697
323    0.000383666
324    0.000369822
325    0.000373735
326    0.000372354
327    0.000356334
328    0.000377103
329    0.000404692
330    0.000345686
331    0.000382774
332    0.000360383
333    0.000378773
334    0.000388653
335     0.00035699
336    0.000384632
337    0.000346873
338    0.000394644
339    0.000379828
340    0.000335651
341     0.00035647
342     0.00035342
343     0.00034392
344    0.000361212
345    0.000361642
346    0.000345665
347    0.000339517
348    0.000315088
349     0.00034134
350    0.000307305
351    0.000291678
352    0.000295911
353    0.000339578
354    0.000314391
355     0.00033278
356    0.000342618
357    0.000306673
358    0.000323324
359    0.000372474
360    0.000363643
361    0.000384106
362    0.000365765
363    0.000360839
364    0.000371062
365    0.000338148
366    0.000340057
367    0.000299747
368    0.000309226
369    0.000303407
370    0.000314672
371    0.000329764
372    0.000314725
373    0.000330236
374    0.000296137
375    0.000328698
376    0.000323343
377    0.000316365
378    0.000315962
379    0.000330086
380    0.000314112
381    0.000285357
382     0.00029363
383    0.000292658
384    0.000321742
385    0.000265646
386    0.000314429
387    0.000298808
388    0.000327154
389    0.000282701
390    0.000327539
391    0.000303867
392     0.00032309
393      0.0002926
394    0.000280083
395    0.000299009
396    0.000320549
397    0.000283758
398    0.000306492
399    0.000264795
400    0.000292805
401    0.000258705
402    0.000298716
403    0.000302569
404    0.000302263
405    0.000279662
406    0.000288773
407    0.000273438
408    0.000281644
409    0.000284813
410    0.000266945
411    0.000270833
412      0.0002601
413    0.000276839
414    0.000281924
415    0.000304276
416    0.000296563
417    0.000265153
418     0.00026985
419    0.000267437
420    0.000290889
421    0.000282705
422    0.000268566
423    0.000291952
424    0.000263476
425    0.000276867
426     0.00026192
427    0.000248955
428    0.000278116
429    0.000268555
430    0.000260956
431    0.000285627
432     0.00028065
433    0.000288924
434    0.000256301
435    0.000258594
436     0.00026097
437     0.00024929
438    0.000247457
439    0.000240044
440    0.000251656
441    0.000253098
442    0.000255486
443    0.000272345
444    0.000255915
445    0.000278402
446    0.000268073
447    0.000268139
448    0.000276254
449    0.000303028
450    0.000246339
451    0.000300137
452    0.000233884
453      0.0002374
454    0.000237624
455    0.000255797
456    0.000257529
457    0.000256956
458    0.000262938
459    0.000245964
460    0.000264716
461    0.000245514
462    0.000267952
463    0.000239253
464     0.00023968
465    0.000252829
466    0.000239326
467    0.000248419
468    0.000243861
469    0.000268085
470    0.000251454
471    0.000233388
472    0.000264172
473    0.000263654
474    0.000251707
475    0.000249995
476    0.000255736
477    0.000238458
478    0.000250961
479    0.000234615
480    0.000250636
481    0.000240097
482    0.000243143
483    0.000241482
484    0.000255188
485      0.0002477
486    0.000240429
487    0.000248286
488    0.000251783
489    0.000240417
490    0.000228052
491    0.000230903
492    0.000233123
493    0.000241576
494     0.00024051
495    0.000241915
496     0.00024865
497    0.000267886
498    0.000260681
499    0.000242919
500    0.000221393
501    0.000238995
502    0.000245578
503    0.000238529
504    0.000243187
505    0.000241798
506    0.000258083
507    0.000225911
508     0.00023989
509    0.000233312
510    0.000235273
511    0.000241513
512     0.00024074
