RMS:    Average: 
2.06295   5.84633
0   -2.73316e-06
1        9.04898
2        4.73105
3       0.682576
4        1.19653
5       0.391081
6        0.24444
7      0.0879854
8      0.0431491
9       0.036558
10      0.0377161
11      0.0518029
12      0.0730341
13      0.0489564
14      0.0729771
15      0.0264595
16      0.0555827
17      0.0305975
18      0.0439876
19      0.0509151
20      0.0498804
21      0.0241962
22      0.0234408
23      0.0276468
24      0.0215712
25      0.0201677
26      0.0182693
27      0.0140418
28        0.02125
29      0.0109006
30      0.0156988
31      0.0136527
32      0.0138636
33     0.00854373
34      0.0141575
35     0.00691527
36       0.016706
37      0.0134245
38      0.0121382
39      0.0152808
40     0.00875654
41     0.00916249
42     0.00927695
43     0.00757327
44     0.00715546
45     0.00846412
46      0.0080985
47      0.0109655
48      0.0068059
49      0.0089844
50     0.00618051
51     0.00772029
52     0.00642955
53     0.00930268
54     0.00624212
55     0.00871825
56     0.00661254
57     0.00615851
58     0.00590249
59     0.00585075
60     0.00466314
61     0.00584568
62     0.00459091
63     0.00542427
64     0.00302773
65     0.00510626
66     0.00360193
67     0.00396936
68      0.0036855
69     0.00384617
70     0.00348847
71     0.00356314
72     0.00275709
73     0.00359098
74     0.00315695
75     0.00436328
76      0.0023591
77     0.00295501
78     0.00221493
79     0.00246411
80     0.00155371
81     0.00250605
82     0.00207461
83     0.00201884
84     0.00190504
85     0.00239178
86      0.0020674
87     0.00156179
88     0.00193507
89     0.00255687
90     0.00236705
91     0.00205087
92     0.00236428
93      0.0022967
94     0.00169524
95     0.00119021
96     0.00155193
97     0.00174448
98     0.00148864
99     0.00154751
100     0.00150818
101     0.00143651
102     0.00143288
103     0.00131423
104     0.00110236
105     0.00132434
106    0.000928144
107     0.00146977
108     0.00107393
109     0.00109035
110     0.00101671
111     0.00104638
112    0.000671081
113    0.000810828
114     0.00069738
115    0.000659941
116     0.00064718
117    0.000643755
118    0.000728688
119    0.000812367
120     0.00076081
121    0.000648879
122    0.000662723
123    0.000624069
124     0.00045179
125    0.000747378
126     0.00054981
127    0.000679751
128    0.000512586
129    0.000724985
130    0.000568417
131    0.000696997
132     0.00062232
133    0.000535615
134    0.000480281
135    0.000538609
136    0.000483148
137    0.000432925
138    0.000457971
139    0.000526015
140    0.000456791
141     0.00070515
142    0.000762877
143    0.000860164
144    0.000834626
145    0.000564651
146    0.000624216
147    0.000508684
148    0.000549384
149    0.000409381
150    0.000434622
151    0.000382486
152    0.000427976
153    0.000488144
154    0.000426725
155    0.000500833
156    0.000440944
157    0.000454543
158    0.000287182
159    0.000314966
160    0.000378784
161    0.000349823
162    0.000396353
163     0.00039874
164      0.0003837
165    0.000331853
166    0.000323636
167    0.000394146
168    0.000382337
169    0.000334651
170    0.000358067
171    0.000369434
172    0.000317651
173    0.000368384
174    0.000333955
175     0.00030003
176    0.000374994
177    0.000345301
178    0.000429485
179     0.00027114
180    0.000323278
181    0.000320166
182    0.000245338
183    0.000309687
184    0.000271734
185    0.000362479
186    0.000361751
187    0.000270412
188    0.000291843
189    0.000217801
190    0.000256733
191    0.000214802
192    0.000212195
193    0.000207744
194    0.000292401
195    0.000214207
196    0.000252243
197    0.000273991
198    0.000252084
199    0.000306924
200    0.000314678
201    0.000328421
202    0.000318316
203    0.000304414
204    0.000266963
205    0.000279843
206    0.000294663
207    0.000254207
208    0.000237391
209     0.00029429
210    0.000230882
211    0.000251033
212    0.000254631
213    0.000235948
214    0.000265093
215    0.000233153
216    0.000274307
217    0.000258694
218    0.000286778
219    0.000307132
220    0.000259868
221    0.000225596
222    0.000280845
223    0.000227102
224    0.000248436
225    0.000183549
226    0.000193544
227     0.00021113
228    0.000241798
229    0.000187389
230    0.000166838
231    0.000179775
232    0.000164779
233    0.000178697
234    0.000172083
235    0.000162674
236    0.000122766
237    0.000192412
238      0.0001987
239    0.000201961
240    0.000189994
241     0.00017348
242    0.000164064
243    0.000183415
244    0.000180605
245    0.000177551
246    0.000158605
247    0.000130962
248    0.000142099
249    0.000159968
250      0.0001847
251    0.000184181
252    0.000154482
253    0.000157118
254    0.000124485
255     0.00014217
256    0.000145638
257    0.000149185
258    0.000117166
259    0.000153718
260    0.000155998
261    0.000131411
262    0.000140927
263    0.000153874
264    0.000137927
265    0.000139897
266    0.000148326
267    0.000113866
268    0.000135823
269    0.000111919
270    0.000121795
271    0.000139624
272    0.000121206
273    0.000126185
274     0.00011102
275    0.000102795
276    0.000111623
277    0.000150547
278    0.000116909
279    0.000141199
280    0.000154195
281    0.000108931
282    0.000138333
283    0.000108955
284    0.000108105
285    0.000130949
286     0.00012474
287    0.000133516
288    0.000126915
289    0.000128267
290     0.00012989
291    9.88658e-05
292    0.000122927
293    9.65275e-05
294    9.43971e-05
295    0.000120319
296    0.000131846
297    0.000116648
298    0.000118519
299    0.000123477
300    0.000116642
301    0.000116505
302    9.57479e-05
303    9.11153e-05
304    0.000107927
305    0.000102792
306    8.79254e-05
307    0.000110617
308    8.91815e-05
309    9.71533e-05
310    8.64916e-05
311    0.000117191
312    8.83776e-05
313    0.000102653
314    9.95864e-05
315    9.09459e-05
316    0.000105464
317    0.000126233
318    9.30876e-05
319    0.000129855
320    0.000108919
321    0.000130798
322    0.000114101
323    0.000112962
324    0.000107714
325    0.000124781
326    9.63824e-05
327     0.00010366
328    0.000112245
329    0.000115364
330    9.98999e-05
331    0.000104033
332    0.000121763
333    9.98041e-05
334    0.000101646
335    9.43096e-05
336    0.000115463
337    9.89203e-05
338     0.00011885
339    9.81197e-05
340    0.000112587
341    9.40342e-05
342    8.05204e-05
343    9.04144e-05
344    8.34764e-05
345    0.000100661
346     9.3049e-05
347    9.45796e-05
348    9.44734e-05
349    8.96264e-05
350    8.81359e-05
351    7.75122e-05
352    9.18947e-05
353    0.000114186
354    0.000115079
355    0.000112929
356    0.000103009
357    9.20494e-05
358    8.71776e-05
359    8.65272e-05
360    0.000114336
361    9.12296e-05
362    0.000106999
363    0.000100935
364    8.54145e-05
365    0.000106759
366    0.000107907
367    8.50923e-05
368    9.13495e-05
369    9.60619e-05
370    8.90063e-05
371    0.000101441
372     8.8231e-05
373    8.16435e-05
374     8.6603e-05
375    9.23935e-05
376    7.87783e-05
377    8.96493e-05
378    9.70343e-05
379      9.152e-05
380    7.76685e-05
381    7.57396e-05
382    9.02952e-05
383    7.49357e-05
384    0.000114576
385    8.45367e-05
386     0.00011241
387    8.23332e-05
388    9.32651e-05
389    8.28884e-05
390    9.04048e-05
391    9.47319e-05
392    8.84086e-05
393    8.86778e-05
394    8.67364e-05
395    9.08831e-05
396    8.87379e-05
397    6.92106e-05
398    6.13876e-05
399    6.80157e-05
400    8.77154e-05
401    6.28319e-05
402    8.28698e-05
403    7.79534e-05
404    8.62104e-05
405    7.66012e-05
406    8.62758e-05
407    7.49117e-05
408     9.5091e-05
409    7.30502e-05
410    6.24723e-05
411    7.15132e-05
412    6.86023e-05
413    7.80239e-05
414    8.62486e-05
415    9.40749e-05
416    8.07173e-05
417     7.4556e-05
418    5.81638e-05
419    7.48255e-05
420    6.63998e-05
421    7.38687e-05
422     7.5452e-05
423    7.05745e-05
424     7.5171e-05
425     8.5074e-05
426    6.12986e-05
427    6.53287e-05
428    8.82458e-05
429    8.19956e-05
430     6.5825e-05
431    8.59987e-05
432    5.20621e-05
433    6.93437e-05
434      7.856e-05
435    6.46727e-05
436    7.90094e-05
437    5.61605e-05
438    4.83307e-05
439    5.54483e-05
440    6.69262e-05
441    7.53383e-05
442    6.96984e-05
443    6.35723e-05
444    7.80127e-05
445    8.03166e-05
446    6.09689e-05
447    6.79997e-05
448    7.29198e-05
449     7.2189e-05
450    6.87777e-05
451     9.1547e-05
452    4.80267e-05
453    5.42899e-05
454    5.52026e-05
455     5.6196e-05
456    5.56545e-05
457    6.67145e-05
458    7.34723e-05
459    7.06546e-05
460     7.6946e-05
461    7.82171e-05
462    7.81574e-05
463     6.9362e-05
464    6.73571e-05
465    6.60939e-05
466    6.26543e-05
467     6.1558e-05
468    6.98125e-05
469    7.05085e-05
470    6.52979e-05
471    6.02138e-05
472    7.79196e-05
473    6.84101e-05
474    6.98011e-05
475    7.69165e-05
476    7.32657e-05
477     7.8635e-05
478    7.63569e-05
479    6.61769e-05
480    7.07851e-05
481     7.0195e-05
482    7.43171e-05
483    7.36232e-05
484    7.46571e-05
485    6.66035e-05
486    6.68865e-05
487    7.55782e-05
488    6.12356e-05
489    6.35112e-05
490    6.17735e-05
491    6.19064e-05
492    6.56321e-05
493    6.40799e-05
494    6.89655e-05
495    7.22391e-05
496    5.87296e-05
497    8.03774e-05
498    7.36463e-05
499    5.30619e-05
500    6.12267e-05
501    5.95143e-05
502    6.90325e-05
503    6.77859e-05
504    7.29741e-05
505    7.33135e-05
506    6.58695e-05
507    6.12137e-05
508    6.70694e-05
509    6.51147e-05
510     7.0512e-05
511    6.73364e-05
512    8.19448e-05
