RMS:    Average: 
2.06295   5.84633
0   -2.73316e-06
1        3.60933
2        1.81175
3       0.262733
4       0.472545
5       0.146819
6      0.0955384
7      0.0325362
8      0.0154793
9      0.0155934
10      0.0132394
11      0.0196081
12      0.0267152
13      0.0160467
14        0.02659
15     0.00946469
16      0.0199899
17      0.0115652
18      0.0160323
19      0.0184232
20      0.0196172
21     0.00932126
22     0.00833212
23      0.0106915
24     0.00828986
25      0.0074549
26     0.00641099
27     0.00501943
28     0.00826665
29     0.00437834
30     0.00518786
31     0.00505031
32     0.00526486
33     0.00296115
34     0.00479727
35     0.00262053
36     0.00594814
37     0.00478234
38     0.00464928
39     0.00563309
40     0.00322401
41     0.00362107
42     0.00345134
43     0.00268998
44      0.0025277
45     0.00297397
46     0.00293963
47     0.00395105
48     0.00240842
49     0.00346365
50     0.00220731
51     0.00273116
52      0.0023546
53     0.00321528
54     0.00241873
55     0.00328762
56     0.00235624
57     0.00243182
58     0.00209412
59     0.00203538
60     0.00187249
61     0.00215349
62     0.00177619
63     0.00194877
64     0.00121501
65     0.00190045
66     0.00132029
67     0.00140938
68     0.00132061
69     0.00139588
70     0.00131561
71     0.00127754
72    0.000989143
73     0.00123109
74     0.00122441
75     0.00163541
76    0.000903836
77     0.00107777
78    0.000864954
79    0.000845697
80    0.000665865
81    0.000823755
82    0.000790094
83     0.00072808
84    0.000737669
85     0.00080914
86    0.000709512
87    0.000550996
88    0.000673635
89    0.000868514
90    0.000837678
91    0.000732182
92    0.000766172
93    0.000805968
94    0.000558741
95    0.000422837
96    0.000557755
97    0.000609424
98     0.00051925
99    0.000600362
100    0.000588615
101     0.00059031
102    0.000420548
103    0.000476409
104    0.000389596
105    0.000482324
106    0.000347584
107    0.000609504
108    0.000350961
109    0.000449633
110    0.000349926
111    0.000406417
112    0.000258601
113    0.000245342
114    0.000261509
115    0.000221728
116    0.000211719
117    0.000209257
118    0.000240913
119    0.000306251
120    0.000286207
121    0.000263128
122    0.000214811
123     0.00022894
124    0.000176124
125    0.000262093
126    0.000243448
127    0.000255937
128    0.000205307
129    0.000262582
130    0.000226017
131    0.000288815
132    0.000264828
133    0.000228635
134      0.0002037
135    0.000224778
136    0.000210972
137    0.000151695
138    0.000162528
139     0.00019976
140    0.000143436
141     0.00027566
142    0.000278582
143    0.000315616
144     0.00033086
145    0.000200932
146    0.000216138
147    0.000209512
148    0.000202602
149    0.000160595
150    0.000177441
151    0.000153178
152    0.000166052
153    0.000166346
154    0.000157605
155    0.000154479
156    0.000140291
157    0.000150626
158    8.62375e-05
159      0.0001204
160    0.000142895
161    0.000122206
162    0.000128771
163    0.000145675
164    9.28797e-05
165    0.000116294
166    0.000104991
167    0.000142822
168    0.000112442
169    0.000121296
170    0.000108772
171     0.00012648
172     0.00012149
173    0.000136414
174    0.000132184
175    0.000118252
176    0.000126455
177    0.000136748
178    0.000131359
179    9.31803e-05
180    0.000117854
181    9.62741e-05
182    8.25779e-05
183    0.000114156
184    8.73168e-05
185    0.000114436
186    0.000111118
187    0.000110036
188    0.000118518
189    8.06293e-05
190    9.72817e-05
191    0.000102923
192    8.69211e-05
193    6.87343e-05
194    0.000108046
195    7.96178e-05
196    7.80633e-05
197    8.77336e-05
198     8.9716e-05
199    9.35799e-05
200    0.000102056
201     0.00010427
202    0.000102662
203    0.000112436
204    9.65766e-05
205    7.86277e-05
206    9.09073e-05
207    9.34061e-05
208    7.88041e-05
209    0.000105316
210    7.89618e-05
211    8.97544e-05
212    8.99375e-05
213    7.83212e-05
214    8.81736e-05
215    9.18761e-05
216    9.82024e-05
217    9.39425e-05
218    9.92811e-05
219    0.000112678
220    8.66562e-05
221    8.94151e-05
222    8.09994e-05
223    8.20083e-05
224     9.4361e-05
225    6.15814e-05
226    7.51169e-05
227    6.90131e-05
228    7.62758e-05
229    7.49764e-05
230    6.12228e-05
231    6.96684e-05
232    4.71417e-05
233    7.10476e-05
234     6.2684e-05
235     5.2624e-05
236    4.90565e-05
237    4.43728e-05
238     7.3802e-05
239    6.69203e-05
240     6.9206e-05
241    6.17548e-05
242    5.51561e-05
243    6.50172e-05
244    6.50108e-05
245    7.46768e-05
246    6.52059e-05
247    5.04812e-05
248    5.20609e-05
249    6.29856e-05
250    7.04408e-05
251    6.12443e-05
252    5.81744e-05
253    5.73443e-05
254    4.63026e-05
255    5.51297e-05
256    5.53402e-05
257    4.66972e-05
258    5.03093e-05
259    5.41236e-05
260    5.16271e-05
261    6.42029e-05
262    3.88228e-05
263    5.49424e-05
264    4.45162e-05
265     4.4419e-05
266    5.20752e-05
267    4.26656e-05
268    4.78769e-05
269    3.07898e-05
270    4.62947e-05
271    3.35394e-05
272    3.22722e-05
273    3.73431e-05
274    4.51323e-05
275    4.14851e-05
276    4.37145e-05
277    6.43781e-05
278    4.63939e-05
279    5.35848e-05
280    4.68364e-05
281    2.83897e-05
282    4.65653e-05
283    3.56514e-05
284     4.5022e-05
285    5.21855e-05
286     4.5538e-05
287    4.93576e-05
288    4.51234e-05
289    4.79172e-05
290    4.79117e-05
291    4.84293e-05
292    5.05711e-05
293    4.79735e-05
294    3.24175e-05
295    3.74853e-05
296    4.51819e-05
297    3.57541e-05
298    4.30148e-05
299    4.35737e-05
300    3.94801e-05
301      3.233e-05
302    3.81253e-05
303    2.67079e-05
304    3.42814e-05
305    3.15542e-05
306    2.61792e-05
307    3.43079e-05
308    3.17476e-05
309     3.5731e-05
310    3.28266e-05
311    3.11044e-05
312    2.93594e-05
313    3.12648e-05
314    3.34302e-05
315    3.17589e-05
316    2.93473e-05
317    3.97668e-05
318    3.74081e-05
319    3.73119e-05
320    4.39174e-05
321     3.9209e-05
322    2.97147e-05
323    3.93677e-05
324    3.37459e-05
325    4.33618e-05
326    4.51625e-05
327    4.48771e-05
328    3.87418e-05
329    3.63197e-05
330    3.72237e-05
331    3.30379e-05
332    4.60114e-05
333    3.66717e-05
334    3.75881e-05
335    4.17598e-05
336    3.56432e-05
337    4.07377e-05
338    3.59843e-05
339    3.56852e-05
340    3.64296e-05
341    2.64722e-05
342    3.15645e-05
343    2.58792e-05
344    2.68277e-05
345     4.0809e-05
346    4.13554e-05
347    3.26203e-05
348    3.80102e-05
349    3.59626e-05
350      2.927e-05
351    3.08566e-05
352    3.30118e-05
353    3.43264e-05
354     3.3599e-05
355    3.42964e-05
356    3.60163e-05
357     3.3057e-05
358    3.87481e-05
359    3.68318e-05
360    2.99805e-05
361    3.92771e-05
362    3.41722e-05
363    4.17621e-05
364    3.74983e-05
365    3.44858e-05
366     3.5928e-05
367    2.73173e-05
368    3.03714e-05
369    3.26718e-05
370    2.76651e-05
371    3.29919e-05
372    3.16355e-05
373    3.10692e-05
374    3.40218e-05
375    4.10704e-05
376    3.09223e-05
377    3.75834e-05
378    3.50463e-05
379     3.8482e-05
380    3.00113e-05
381    3.20954e-05
382    2.91625e-05
383     2.5694e-05
384    3.67895e-05
385    3.19517e-05
386    3.25718e-05
387    2.81268e-05
388    4.13203e-05
389      2.632e-05
390    3.62823e-05
391    3.30669e-05
392    3.35829e-05
393    2.28457e-05
394     2.4656e-05
395    2.70101e-05
396    3.29278e-05
397    2.69303e-05
398    2.47501e-05
399    2.24781e-05
400    2.66046e-05
401    2.11201e-05
402    2.39745e-05
403    3.48326e-05
404    2.42605e-05
405    2.42492e-05
406    3.24168e-05
407    2.91386e-05
408    3.84971e-05
409     2.6656e-05
410    2.50173e-05
411    2.87411e-05
412    2.53216e-05
413    3.43463e-05
414    3.32621e-05
415    3.62179e-05
416    2.54526e-05
417    1.83647e-05
418    2.01351e-05
419    1.55677e-05
420    2.30914e-05
421    2.77529e-05
422    2.85966e-05
423    3.20154e-05
424     2.9299e-05
425    3.44255e-05
426    3.00866e-05
427    2.34058e-05
428    3.24337e-05
429    3.52695e-05
430    2.90833e-05
431    3.62847e-05
432    2.81984e-05
433    3.28613e-05
434    3.21957e-05
435    2.96429e-05
436     3.3453e-05
437    2.17647e-05
438    1.93644e-05
439    2.50717e-05
440    2.16676e-05
441    2.19557e-05
442     2.1468e-05
443    2.75062e-05
444    2.00927e-05
445    3.27851e-05
446    2.44585e-05
447    1.95611e-05
448    2.24841e-05
449    1.84797e-05
450    2.40386e-05
451    3.50889e-05
452    1.39529e-05
453    2.76401e-05
454    2.36682e-05
455    2.53691e-05
456    2.91913e-05
457    2.83302e-05
458    2.67546e-05
459    2.19549e-05
460    2.65105e-05
461      2.784e-05
462    2.20992e-05
463    2.12548e-05
464    2.53868e-05
465    2.33949e-05
466    2.11452e-05
467      1.684e-05
468    2.27957e-05
469    2.42742e-05
470    2.42616e-05
471    1.61442e-05
472    2.65033e-05
473    1.67117e-05
474    2.19978e-05
475    2.39848e-05
476    2.42552e-05
477    2.71702e-05
478     2.7218e-05
479    2.22313e-05
480    2.86143e-05
481    2.72223e-05
482    2.16898e-05
483    1.70814e-05
484    2.52737e-05
485    2.17981e-05
486    2.22615e-05
487    2.40703e-05
488      2.446e-05
489    2.62138e-05
490    1.97116e-05
491     1.9666e-05
492    2.16299e-05
493    2.47319e-05
494    1.95607e-05
495    2.45307e-05
496    2.63179e-05
497    2.72779e-05
498     2.8387e-05
499    2.04367e-05
500    1.94259e-05
501    2.41265e-05
502    2.04659e-05
503    2.10292e-05
504    2.68188e-05
505     2.5747e-05
506    3.20874e-05
507    2.60626e-05
508    3.16596e-05
509    3.21801e-05
510    2.46532e-05
511    2.31866e-05
512    2.68669e-05
