RMS:    Average: 
3.70826   11.6083
0   -1.37649e-06
1        34.2009
2        17.9285
3        3.12206
4        5.11331
5        1.84316
6        1.13488
7       0.514198
8       0.256315
9       0.179269
10       0.160884
11        0.24343
12       0.341107
13       0.198942
14       0.347684
15       0.123495
16       0.269391
17       0.165055
18       0.189179
19       0.216048
20       0.235784
21       0.112999
22       0.115133
23       0.118323
24       0.102948
25      0.0901513
26      0.0759598
27      0.0654767
28      0.0901947
29       0.056488
30      0.0618416
31      0.0638947
32      0.0623786
33      0.0484815
34      0.0681972
35      0.0352753
36       0.077111
37      0.0520867
38       0.055828
39      0.0633311
40        0.04947
41      0.0467653
42      0.0462723
43      0.0385108
44      0.0362494
45      0.0387435
46      0.0330575
47      0.0449682
48      0.0314074
49      0.0371104
50       0.030841
51      0.0349012
52      0.0323126
53       0.034717
54      0.0323493
55      0.0378275
56      0.0252314
57      0.0270462
58      0.0249499
59      0.0264488
60      0.0213033
61      0.0275289
62      0.0195598
63      0.0228297
64      0.0155405
65      0.0232607
66      0.0186346
67      0.0190027
68      0.0174157
69      0.0181375
70      0.0174618
71       0.019296
72      0.0138311
73      0.0147664
74      0.0150379
75       0.018396
76      0.0121765
77      0.0159284
78       0.011694
79      0.0104352
80     0.00906458
81      0.0114098
82      0.0106099
83      0.0112915
84      0.0109447
85      0.0121256
86      0.0102653
87     0.00924332
88     0.00961339
89      0.0124315
90      0.0100247
91     0.00970093
92       0.011084
93      0.0108311
94     0.00878397
95     0.00771308
96     0.00780907
97     0.00854508
98      0.0068522
99     0.00793708
100     0.00693776
101     0.00784778
102     0.00747541
103     0.00690485
104     0.00777031
105     0.00765689
106     0.00589643
107     0.00739283
108     0.00589451
109     0.00588984
110     0.00503189
111     0.00617733
112     0.00519079
113     0.00457475
114     0.00484411
115     0.00483206
116       0.004753
117     0.00494236
118     0.00496221
119     0.00536157
120     0.00577698
121     0.00488349
122     0.00495626
123     0.00454033
124     0.00429733
125      0.0047039
126     0.00380066
127     0.00413518
128     0.00369127
129      0.0043326
130     0.00417619
131     0.00441528
132     0.00423028
133     0.00369445
134     0.00354284
135     0.00390292
136     0.00375586
137     0.00352975
138     0.00364373
139     0.00372444
140     0.00340923
141     0.00489594
142     0.00458947
143     0.00560726
144     0.00541784
145     0.00447796
146     0.00439079
147      0.0043483
148     0.00413712
149     0.00355106
150     0.00352015
151     0.00332679
152     0.00349977
153     0.00318125
154     0.00332056
155     0.00346041
156     0.00325315
157      0.0030875
158     0.00297472
159     0.00248992
160     0.00304297
161     0.00239192
162      0.0029575
163     0.00286099
164      0.0031413
165     0.00243354
166     0.00250613
167     0.00264993
168     0.00269074
169     0.00235374
170     0.00242089
171     0.00273766
172     0.00271948
173     0.00260285
174     0.00239029
175     0.00245486
176     0.00278774
177     0.00249941
178     0.00281387
179     0.00220149
180     0.00265204
181      0.0025266
182      0.0022486
183     0.00235437
184     0.00226883
185     0.00234048
186     0.00262124
187     0.00231923
188     0.00228944
189      0.0017233
190     0.00209511
191     0.00206073
192     0.00207574
193     0.00187236
194     0.00232719
195     0.00211352
196     0.00220291
197     0.00201229
198     0.00205807
199     0.00215542
200     0.00203897
201     0.00230785
202       0.002044
203      0.0019546
204     0.00185318
205     0.00221376
206     0.00228203
207     0.00229895
208     0.00207616
209     0.00223426
210     0.00194025
211     0.00200191
212     0.00183362
213     0.00174911
214     0.00194515
215     0.00185148
216     0.00198772
217     0.00177034
218     0.00181226
219     0.00195903
220     0.00154769
221     0.00171671
222     0.00188467
223     0.00169535
224     0.00193039
225     0.00198734
226     0.00181021
227     0.00180339
228      0.0016994
229     0.00154272
230     0.00147171
231     0.00144976
232      0.0015214
233     0.00145617
234     0.00160464
235     0.00154434
236      0.0014093
237     0.00144869
238     0.00142361
239     0.00159623
240     0.00154738
241     0.00147255
242     0.00150706
243     0.00153847
244     0.00149336
245     0.00146183
246     0.00137155
247     0.00143262
248     0.00144653
249      0.0016272
250     0.00145845
251     0.00145892
252     0.00165413
253       0.001516
254       0.001434
255      0.0014833
256     0.00136231
257     0.00134876
258     0.00135959
259     0.00131845
260     0.00129426
261     0.00123758
262     0.00123666
263     0.00128252
264     0.00132424
265     0.00127653
266     0.00131102
267     0.00114766
268     0.00132264
269     0.00117696
270     0.00122863
271     0.00130196
272     0.00129759
273     0.00135235
274      0.0012228
275     0.00124028
276     0.00124203
277     0.00127781
278     0.00120208
279     0.00116405
280       0.001185
281     0.00102455
282      0.0012082
283     0.00115452
284     0.00108313
285     0.00129889
286     0.00120329
287     0.00136314
288     0.00132253
289     0.00129177
290     0.00123508
291     0.00120248
292     0.00131389
293      0.0010101
294     0.00113993
295     0.00111007
296     0.00123415
297     0.00116412
298     0.00113645
299     0.00114366
300      0.0011489
301     0.00126586
302     0.00113046
303     0.00103653
304     0.00112014
305     0.00107329
306     0.00112087
307     0.00114602
308     0.00100812
309     0.00105823
310     0.00106975
311     0.00108594
312     0.00107614
313     0.00115328
314     0.00117126
315     0.00101824
316     0.00115142
317     0.00114431
318    0.000995314
319     0.00113396
320     0.00105965
321    0.000966038
322     0.00105438
323     0.00105127
324     0.00111444
325     0.00112997
326     0.00104323
327     0.00103392
328    0.000956745
329     0.00106068
330     0.00100827
331     0.00102941
332     0.00103587
333     0.00108967
334     0.00109855
335     0.00100479
336     0.00104284
337    0.000987807
338     0.00104424
339    0.000968946
340    0.000941787
341    0.000887039
342    0.000927697
343     0.00092614
344    0.000930018
345    0.000942896
346    0.000974921
347    0.000971772
348    0.000982731
349    0.000914456
350    0.000922038
351    0.000834277
352    0.000945695
353    0.000997849
354    0.000979485
355     0.00101596
356     0.00102375
357    0.000939552
358     0.00102565
359     0.00101685
360    0.000942187
361    0.000968451
362    0.000992348
363    0.000926464
364    0.000905938
365    0.000956192
366    0.000965089
367    0.000822064
368    0.000917423
369    0.000864148
370    0.000814474
371    0.000948994
372    0.000862452
373    0.000939519
374    0.000888734
375    0.000823145
376     0.00090717
377    0.000853393
378    0.000847178
379     0.00089693
380    0.000904276
381    0.000870456
382    0.000861626
383    0.000913646
384    0.000927598
385    0.000870176
386    0.000891304
387    0.000898964
388     0.00094238
389    0.000862318
390     0.00091523
391    0.000865628
392    0.000868755
393    0.000888548
394    0.000935318
395    0.000895087
396    0.000916849
397    0.000831879
398    0.000821958
399    0.000727869
400    0.000779832
401     0.00081751
402     0.00083643
403    0.000854011
404    0.000877407
405    0.000787396
406    0.000824478
407    0.000798229
408    0.000879809
409    0.000858856
410    0.000856082
411    0.000814864
412    0.000747436
413    0.000769373
414    0.000795475
415    0.000807549
416    0.000831559
417    0.000822594
418    0.000805293
419    0.000814247
420     0.00076159
421    0.000832939
422    0.000817698
423    0.000831086
424    0.000790604
425     0.00083491
426    0.000819589
427    0.000806155
428     0.00089679
429    0.000871199
430    0.000827609
431    0.000810926
432     0.00079199
433    0.000781237
434     0.00076591
435    0.000814103
436    0.000842347
437    0.000766163
438    0.000789657
439    0.000740932
440    0.000755297
441    0.000737982
442    0.000760783
443    0.000829877
444    0.000758616
445    0.000742799
446    0.000783166
447    0.000755341
448    0.000790264
449    0.000785226
450    0.000721792
451    0.000783018
452    0.000715073
453      0.0007039
454    0.000717405
455    0.000724271
456    0.000671174
457    0.000739571
458    0.000757249
459    0.000732241
460     0.00078777
461    0.000744886
462    0.000762744
463     0.00070015
464    0.000733403
465    0.000755798
466    0.000739123
467     0.00072393
468    0.000710745
469    0.000708981
470    0.000703301
471    0.000698671
472     0.00070829
473    0.000738172
474    0.000763449
475    0.000743326
476     0.00079201
477    0.000751655
478    0.000748794
479    0.000730871
480    0.000751138
481    0.000764839
482    0.000723181
483    0.000709861
484    0.000686949
485    0.000644958
486    0.000711228
487    0.000704338
488    0.000665019
489    0.000686612
490    0.000679063
491    0.000730017
492    0.000739515
493    0.000796803
494    0.000728675
495    0.000709217
496    0.000792796
497    0.000768299
498    0.000758157
499    0.000745149
500    0.000703581
501    0.000705318
502    0.000740414
503    0.000684716
504    0.000718078
505    0.000703416
506    0.000690619
507    0.000694397
508    0.000735455
509    0.000730558
510    0.000719983
511    0.000725238
512    0.000755941
