RMS:    Average: 
3.70826   11.6083
0   -1.37649e-06
1        36.2462
2        18.4609
3         2.9827
4        5.14639
5        1.78024
6        1.17682
7       0.488836
8       0.246995
9        0.18965
10        0.13447
11       0.238266
12       0.326724
13       0.186297
14       0.326721
15       0.114455
16       0.253671
17       0.152718
18       0.180209
19       0.213128
20       0.232242
21       0.118163
22       0.107142
23        0.12389
24       0.102347
25       0.088182
26      0.0778202
27      0.0663131
28      0.0875993
29      0.0587533
30      0.0609019
31      0.0632895
32      0.0633525
33      0.0439904
34      0.0611786
35      0.0292081
36      0.0745008
37      0.0535162
38      0.0535382
39      0.0639795
40      0.0449511
41      0.0451867
42       0.043538
43      0.0375594
44      0.0328379
45      0.0376349
46      0.0328265
47       0.043843
48      0.0291942
49      0.0343673
50      0.0280363
51      0.0326684
52      0.0318295
53      0.0326514
54      0.0300142
55      0.0369109
56      0.0228263
57      0.0265449
58      0.0234909
59      0.0266927
60      0.0208711
61      0.0274622
62      0.0181535
63      0.0230538
64      0.0142341
65      0.0213639
66      0.0176476
67      0.0180735
68      0.0174721
69      0.0170324
70      0.0176151
71      0.0183174
72      0.0127568
73      0.0140651
74      0.0143486
75      0.0184451
76      0.0113239
77      0.0151707
78      0.0118202
79      0.0105547
80     0.00848349
81      0.0111918
82     0.00969668
83      0.0102494
84     0.00965689
85      0.0109774
86     0.00910834
87     0.00828267
88     0.00853856
89      0.0115023
90     0.00903447
91     0.00881269
92      0.0100819
93      0.0095475
94     0.00797778
95     0.00698868
96     0.00707135
97     0.00787201
98     0.00652723
99     0.00722172
100     0.00643574
101     0.00745105
102     0.00692318
103     0.00658317
104     0.00657138
105     0.00705894
106     0.00514987
107     0.00656681
108     0.00500929
109     0.00503983
110     0.00453259
111     0.00565276
112      0.0042626
113     0.00402643
114     0.00408261
115      0.0041132
116     0.00395621
117     0.00413867
118     0.00423349
119     0.00460278
120     0.00453937
121     0.00408313
122     0.00388169
123     0.00367969
124     0.00347257
125     0.00389386
126     0.00314057
127     0.00358925
128     0.00308338
129     0.00354222
130     0.00332154
131      0.0037938
132     0.00327378
133     0.00326185
134     0.00278167
135     0.00307396
136     0.00291676
137     0.00274369
138      0.0028656
139     0.00300554
140     0.00254618
141     0.00389832
142      0.0037906
143     0.00495053
144     0.00476568
145     0.00388193
146     0.00380861
147     0.00366723
148     0.00356153
149      0.0029304
150     0.00269067
151        0.00267
152     0.00280838
153     0.00259702
154     0.00262387
155     0.00289885
156      0.0025334
157     0.00243883
158     0.00236632
159     0.00191693
160     0.00239731
161     0.00194284
162     0.00251278
163     0.00235463
164     0.00251453
165      0.0018785
166     0.00186237
167     0.00210493
168     0.00217443
169     0.00181596
170     0.00188526
171     0.00209728
172      0.0019091
173     0.00185859
174     0.00182247
175     0.00176082
176      0.0021501
177     0.00187741
178     0.00215611
179      0.0016459
180     0.00207858
181     0.00193023
182     0.00177864
183     0.00180094
184      0.0017821
185     0.00183536
186     0.00200071
187     0.00176868
188     0.00183424
189     0.00114115
190     0.00159306
191     0.00148137
192     0.00144949
193     0.00140269
194     0.00164796
195     0.00137973
196     0.00152207
197     0.00141277
198     0.00146554
199     0.00157237
200     0.00149801
201     0.00173471
202     0.00155094
203     0.00147803
204     0.00125677
205     0.00163972
206      0.0016051
207     0.00170545
208     0.00152436
209     0.00173308
210     0.00147495
211     0.00156019
212     0.00135645
213     0.00131865
214     0.00142831
215     0.00136477
216     0.00143822
217     0.00127581
218     0.00138662
219      0.0013685
220     0.00106946
221     0.00131707
222     0.00141347
223     0.00120615
224     0.00138551
225     0.00137465
226     0.00119033
227     0.00125055
228     0.00132055
229     0.00106895
230      0.0010686
231     0.00102469
232      0.0010712
233    0.000930004
234     0.00102505
235     0.00100862
236    0.000933326
237    0.000967992
238     0.00109175
239      0.0011258
240     0.00116467
241      0.0010945
242      0.0010415
243     0.00109492
244     0.00111679
245      0.0010562
246     0.00101817
247     0.00099404
248     0.00102228
249     0.00111209
250     0.00102654
251     0.00102308
252     0.00110799
253    0.000992368
254    0.000987984
255     0.00107466
256    0.000885296
257    0.000887158
258    0.000959871
259    0.000908267
260    0.000857092
261    0.000815591
262    0.000863617
263    0.000865163
264    0.000953657
265    0.000858599
266    0.000939237
267    0.000759305
268    0.000903849
269    0.000834291
270    0.000772777
271    0.000884801
272    0.000766431
273    0.000834596
274    0.000759886
275    0.000847801
276    0.000869292
277    0.000883065
278    0.000781601
279     0.00079783
280    0.000825008
281    0.000632412
282    0.000824541
283     0.00078579
284    0.000706715
285    0.000913209
286    0.000806263
287    0.000884635
288    0.000842879
289    0.000838097
290    0.000794197
291    0.000779459
292    0.000847329
293    0.000604943
294    0.000726634
295    0.000725665
296    0.000782495
297    0.000735282
298    0.000697397
299    0.000713828
300    0.000834493
301    0.000807983
302    0.000726057
303    0.000699971
304    0.000786802
305    0.000734081
306    0.000716674
307     0.00078662
308    0.000676214
309    0.000707829
310    0.000670385
311    0.000725289
312      0.0006977
313    0.000750608
314    0.000745677
315     0.00064892
316    0.000712212
317     0.00074942
318    0.000607455
319    0.000759889
320     0.00066871
321    0.000627111
322    0.000663981
323    0.000683962
324    0.000770526
325      0.0007453
326    0.000642262
327    0.000653612
328    0.000625481
329    0.000696951
330    0.000643562
331    0.000698388
332    0.000730485
333     0.00071706
334    0.000745033
335    0.000648592
336    0.000671027
337    0.000633547
338    0.000652672
339    0.000589824
340    0.000568783
341    0.000548846
342    0.000583786
343    0.000546308
344    0.000594291
345    0.000608383
346    0.000608432
347    0.000625769
348    0.000618584
349    0.000546332
350    0.000551091
351    0.000517433
352    0.000660518
353    0.000649487
354     0.00064726
355    0.000698221
356    0.000631341
357    0.000621358
358    0.000629814
359    0.000615283
360    0.000595996
361    0.000567982
362    0.000591918
363    0.000580426
364    0.000597101
365    0.000675564
366    0.000693359
367    0.000554847
368    0.000594998
369    0.000545214
370    0.000528478
371    0.000608182
372    0.000565091
373    0.000630354
374    0.000552567
375    0.000505314
376    0.000582685
377    0.000581748
378    0.000537942
379    0.000540634
380    0.000515715
381    0.000534384
382    0.000556177
383    0.000557415
384    0.000589915
385    0.000532111
386    0.000578661
387    0.000558458
388    0.000597591
389    0.000482642
390    0.000570612
391    0.000491489
392     0.00054185
393    0.000496374
394    0.000539967
395    0.000594534
396    0.000556661
397    0.000492582
398     0.00048483
399    0.000428894
400     0.00043476
401    0.000470055
402    0.000482301
403     0.00049622
404    0.000533449
405    0.000445785
406    0.000468409
407    0.000463349
408    0.000563874
409    0.000556054
410     0.00050643
411    0.000497601
412    0.000460773
413    0.000439727
414    0.000480903
415     0.00049195
416    0.000523166
417    0.000558314
418    0.000519755
419    0.000537728
420    0.000486585
421    0.000543935
422    0.000528605
423    0.000582348
424    0.000469774
425    0.000480898
426    0.000480753
427     0.00048178
428     0.00055067
429    0.000535161
430    0.000497854
431    0.000518316
432    0.000471799
433    0.000463762
434    0.000458999
435    0.000499106
436    0.000538812
437    0.000440032
438    0.000472449
439    0.000413859
440    0.000473179
441    0.000451334
442    0.000448957
443     0.00051358
444    0.000436259
445    0.000449765
446    0.000434109
447    0.000430976
448    0.000475683
449    0.000461516
450    0.000425107
451    0.000506993
452    0.000441127
453    0.000408914
454    0.000399179
455    0.000427871
456    0.000366798
457    0.000415989
458    0.000445772
459    0.000428016
460    0.000485866
461      0.0004319
462     0.00042345
463     0.00038743
464    0.000418883
465    0.000420812
466    0.000439081
467    0.000420847
468    0.000441215
469    0.000458522
470    0.000451299
471    0.000374715
472    0.000463899
473    0.000420661
474    0.000476374
475    0.000470129
476    0.000496227
477     0.00046232
478    0.000483703
479    0.000460897
480    0.000447392
481    0.000456078
482    0.000397525
483    0.000443185
484    0.000441383
485    0.000396324
486    0.000440801
487    0.000421685
488    0.000401204
489    0.000389669
490    0.000428864
491    0.000438469
492    0.000409228
493    0.000493245
494    0.000478496
495    0.000458634
496    0.000489919
497    0.000475577
498    0.000450906
499    0.000471569
500    0.000422113
501    0.000446329
502    0.000470112
503    0.000426891
504    0.000481599
505    0.000446888
506    0.000430149
507    0.000445498
508    0.000484028
509     0.00047827
510    0.000476949
511    0.000452028
512    0.000473025
