RMS:    Average: 
3.70826   11.6083
0   -1.37649e-06
1        31.5173
2        15.9265
3        2.54129
4        4.40204
5        1.47214
6        1.01975
7       0.369218
8       0.193023
9       0.155652
10       0.109215
11       0.191863
12       0.279118
13       0.166759
14       0.269667
15       0.100666
16       0.203292
17       0.122399
18       0.146763
19       0.171015
20       0.190704
21      0.0990269
22      0.0826667
23       0.103023
24      0.0855166
25      0.0733675
26      0.0679327
27      0.0518603
28      0.0738192
29      0.0481094
30      0.0562617
31      0.0546981
32        0.05455
33      0.0359075
34       0.050991
35      0.0241159
36      0.0564438
37      0.0443683
38      0.0419172
39      0.0521181
40      0.0360446
41      0.0366131
42       0.034041
43       0.030764
44        0.02438
45        0.03144
46      0.0276252
47      0.0362531
48      0.0253254
49      0.0292695
50      0.0233417
51      0.0284222
52      0.0268095
53      0.0294133
54      0.0252085
55      0.0311506
56      0.0208779
57      0.0215638
58      0.0191969
59      0.0216086
60      0.0168364
61      0.0225764
62      0.0145429
63      0.0197912
64      0.0116943
65      0.0168834
66      0.0132907
67      0.0139472
68      0.0137377
69      0.0134629
70      0.0135134
71      0.0143392
72      0.0098205
73      0.0114944
74      0.0115249
75      0.0146484
76     0.00922535
77      0.0121903
78     0.00959159
79      0.0090215
80     0.00657387
81     0.00907528
82     0.00818256
83      0.0079227
84     0.00810205
85     0.00836987
86     0.00702755
87     0.00594468
88     0.00621209
89     0.00860504
90     0.00719734
91     0.00665822
92     0.00791514
93     0.00754201
94     0.00646441
95      0.0052864
96     0.00554197
97     0.00651273
98     0.00541197
99     0.00567849
100     0.00566798
101       0.005913
102     0.00569939
103     0.00519568
104     0.00460689
105      0.0055424
106     0.00364951
107     0.00482544
108     0.00368175
109      0.0040831
110     0.00345572
111      0.0043458
112     0.00311923
113     0.00300819
114     0.00276205
115     0.00289677
116     0.00284616
117     0.00279984
118     0.00318751
119     0.00332069
120     0.00280224
121     0.00295302
122     0.00262866
123     0.00261583
124     0.00232839
125     0.00301246
126     0.00230413
127     0.00263489
128     0.00201757
129     0.00237341
130     0.00210669
131     0.00286236
132     0.00222043
133      0.0022935
134     0.00181403
135     0.00235306
136     0.00198206
137     0.00187928
138      0.0021341
139      0.0021123
140     0.00172846
141     0.00279528
142     0.00266482
143     0.00371335
144     0.00344775
145     0.00282643
146     0.00285047
147     0.00248189
148     0.00246012
149      0.0021458
150     0.00202606
151      0.0019092
152     0.00207194
153     0.00184866
154     0.00187756
155     0.00212921
156     0.00193253
157     0.00166942
158     0.00160449
159     0.00128503
160     0.00165422
161     0.00138385
162      0.0017251
163     0.00165015
164     0.00183117
165     0.00141013
166     0.00127641
167     0.00143788
168     0.00152028
169     0.00135844
170     0.00140439
171      0.0015547
172      0.0014342
173     0.00140018
174      0.0012972
175     0.00124908
176     0.00156455
177     0.00122776
178     0.00158846
179     0.00120735
180     0.00139167
181     0.00122178
182     0.00107202
183     0.00111325
184     0.00115047
185       0.001189
186     0.00144635
187     0.00114803
188     0.00130879
189    0.000796606
190     0.00106005
191    0.000977318
192    0.000952692
193    0.000884791
194     0.00103998
195    0.000849853
196      0.0010599
197    0.000951143
198    0.000940154
199     0.00109788
200     0.00114285
201     0.00121888
202     0.00101697
203     0.00105824
204    0.000843215
205     0.00110298
206     0.00115974
207     0.00110152
208    0.000951721
209     0.00131552
210     0.00104714
211     0.00107923
212     0.00104884
213    0.000880523
214      0.0010103
215    0.000901235
216    0.000970515
217    0.000913977
218    0.000992564
219     0.00101583
220     0.00078965
221     0.00092535
222    0.000930213
223    0.000898726
224    0.000851722
225    0.000891046
226    0.000758846
227    0.000796534
228     0.00080069
229    0.000637368
230      0.0007185
231    0.000649572
232    0.000724815
233    0.000663702
234    0.000692544
235    0.000720576
236    0.000597008
237    0.000692278
238    0.000764569
239    0.000818499
240    0.000780319
241    0.000745447
242    0.000664065
243    0.000777383
244    0.000760826
245    0.000738454
246    0.000681586
247    0.000643668
248    0.000727322
249    0.000740439
250    0.000683547
251    0.000720237
252    0.000749411
253    0.000585785
254    0.000656899
255    0.000726548
256    0.000555554
257    0.000636813
258    0.000620836
259    0.000580207
260    0.000614303
261    0.000546845
262    0.000556334
263    0.000493046
264    0.000619921
265    0.000506093
266    0.000581212
267    0.000422532
268    0.000598368
269    0.000526663
270    0.000508706
271    0.000522932
272    0.000492292
273    0.000525035
274    0.000483058
275    0.000500868
276    0.000549634
277    0.000552516
278    0.000498597
279    0.000431391
280    0.000518839
281    0.000352343
282    0.000554747
283    0.000527609
284    0.000537829
285    0.000610766
286    0.000585278
287    0.000580461
288    0.000540434
289    0.000595709
290    0.000545943
291    0.000538467
292    0.000560392
293    0.000431678
294    0.000473872
295    0.000474694
296    0.000489645
297    0.000437449
298     0.00042272
299    0.000428255
300    0.000503917
301    0.000550962
302    0.000464671
303    0.000442275
304    0.000491708
305    0.000462306
306    0.000418266
307    0.000473596
308    0.000425195
309    0.000428066
310    0.000444651
311    0.000464366
312    0.000436638
313    0.000442538
314    0.000460537
315    0.000367945
316    0.000508953
317    0.000546894
318    0.000446206
319    0.000531823
320    0.000460203
321    0.000442472
322    0.000395453
323    0.000421841
324    0.000421133
325    0.000457792
326    0.000430648
327    0.000403563
328    0.000374805
329    0.000489573
330    0.000437117
331    0.000462892
332    0.000446601
333    0.000429919
334    0.000440928
335      0.0004027
336    0.000448275
337    0.000409933
338    0.000453277
339    0.000391177
340    0.000358866
341    0.000382655
342    0.000380257
343    0.000359732
344    0.000385162
345    0.000383651
346    0.000405955
347    0.000369146
348    0.000374869
349    0.000337284
350    0.000414412
351    0.000341623
352     0.00039357
353      0.0004301
354    0.000398641
355    0.000466143
356    0.000396803
357    0.000360462
358    0.000406631
359    0.000401565
360    0.000397554
361    0.000397773
362     0.00035238
363    0.000422573
364    0.000392668
365    0.000462188
366    0.000474521
367    0.000412017
368    0.000366852
369    0.000388917
370    0.000314976
371     0.00038097
372    0.000334044
373    0.000423994
374      0.0003869
375    0.000325293
376    0.000409513
377    0.000391188
378    0.000359711
379     0.00038585
380    0.000342543
381    0.000320173
382    0.000341552
383    0.000328036
384    0.000411095
385    0.000363534
386    0.000379111
387    0.000364604
388    0.000388787
389    0.000342695
390    0.000373168
391    0.000308625
392    0.000375766
393    0.000381467
394    0.000353918
395    0.000397514
396    0.000383861
397    0.000339901
398     0.00030496
399    0.000275419
400    0.000302367
401    0.000307162
402     0.00034277
403    0.000330423
404    0.000346585
405    0.000316868
406    0.000313199
407     0.00030265
408    0.000352052
409    0.000371047
410    0.000342867
411     0.00032032
412    0.000325345
413    0.000314474
414     0.00033543
415    0.000337468
416    0.000346926
417    0.000384463
418    0.000329187
419    0.000376988
420    0.000333613
421    0.000380364
422    0.000352137
423    0.000336173
424     0.00032108
425     0.00036226
426    0.000303032
427    0.000302286
428    0.000369182
429    0.000326504
430     0.00036423
431    0.000335075
432    0.000308586
433    0.000309715
434    0.000281438
435      0.0003134
436    0.000344946
437     0.00028373
438    0.000289245
439    0.000259508
440    0.000295252
441    0.000277626
442    0.000297035
443    0.000309268
444    0.000267979
445    0.000310053
446     0.00026955
447    0.000296551
448    0.000305747
449    0.000302701
450    0.000270456
451    0.000329646
452    0.000279778
453    0.000248462
454    0.000254333
455    0.000260003
456    0.000246722
457    0.000260708
458    0.000287737
459    0.000292333
460    0.000293053
461    0.000297233
462    0.000290119
463    0.000262048
464    0.000268598
465    0.000285656
466    0.000249767
467    0.000277321
468    0.000284828
469    0.000288238
470    0.000308187
471    0.000259366
472     0.00032332
473     0.00026369
474    0.000342166
475    0.000289639
476    0.000314119
477    0.000322926
478    0.000321664
479    0.000317127
480    0.000288968
481    0.000317537
482    0.000271342
483    0.000267194
484    0.000258938
485    0.000247658
486    0.000281421
487     0.00030429
488    0.000254821
489     0.00025839
490    0.000261817
491    0.000272775
492    0.000264019
493    0.000316577
494    0.000308366
495    0.000292353
496    0.000306355
497    0.000316241
498    0.000317169
499    0.000326554
500     0.00025602
501     0.00028918
502    0.000300627
503    0.000279945
504     0.00030586
505    0.000305928
506    0.000308427
507     0.00030587
508    0.000350588
509    0.000329567
510    0.000359665
511    0.000315986
512    0.000331998
