RMS:    Average: 
3.70826   11.6083
0   -1.37651e-06
1        7.15153
2         3.4504
3       0.530298
4        1.02594
5        0.29629
6        0.20476
7      0.0711906
8      0.0355413
9      0.0346216
10      0.0248367
11       0.042584
12      0.0570218
13       0.029764
14      0.0499989
15      0.0201572
16      0.0379427
17      0.0228208
18      0.0294719
19      0.0330637
20      0.0380777
21      0.0195412
22      0.0167183
23      0.0197528
24      0.0174816
25      0.0137259
26      0.0114724
27      0.0104591
28      0.0164019
29     0.00982001
30     0.00965667
31      0.0106024
32      0.0104564
33     0.00664828
34     0.00949487
35     0.00479178
36      0.0110835
37     0.00905732
38      0.0084604
39      0.0103064
40     0.00694585
41     0.00748929
42     0.00695098
43     0.00549742
44     0.00507419
45     0.00580832
46     0.00565584
47     0.00719399
48     0.00458628
49     0.00592303
50     0.00415575
51     0.00549061
52     0.00485852
53     0.00580028
54     0.00469971
55     0.00604748
56     0.00398595
57     0.00461259
58     0.00386202
59     0.00417184
60      0.0033987
61     0.00471344
62     0.00324682
63      0.0038846
64     0.00245205
65     0.00383154
66     0.00266064
67     0.00264151
68       0.002519
69     0.00258622
70     0.00247676
71     0.00253206
72     0.00195122
73     0.00214767
74     0.00220533
75     0.00296957
76     0.00184447
77     0.00231431
78     0.00177724
79      0.0015536
80     0.00130001
81     0.00153298
82     0.00167327
83     0.00147041
84     0.00151185
85     0.00170563
86     0.00133766
87     0.00115867
88     0.00134141
89     0.00170595
90     0.00152009
91     0.00133874
92     0.00141998
93     0.00153507
94     0.00111179
95     0.00088827
96     0.00111763
97     0.00128711
98    0.000986617
99     0.00115171
100     0.00106301
101     0.00127046
102    0.000849664
103     0.00098935
104    0.000921368
105    0.000979869
106    0.000794116
107     0.00111615
108    0.000716219
109    0.000812669
110    0.000619883
111    0.000811628
112    0.000526669
113    0.000517508
114    0.000519453
115    0.000480947
116    0.000493223
117    0.000491821
118    0.000492035
119    0.000655357
120    0.000572219
121    0.000511011
122    0.000477801
123    0.000470222
124    0.000460759
125     0.00057831
126    0.000507657
127     0.00051603
128    0.000427652
129    0.000460319
130    0.000437894
131    0.000630474
132    0.000528111
133    0.000447855
134    0.000370936
135    0.000416357
136    0.000405874
137    0.000352043
138    0.000320027
139    0.000393982
140    0.000299694
141     0.00057936
142    0.000580094
143    0.000659253
144    0.000715334
145    0.000487902
146    0.000455452
147    0.000492214
148    0.000442191
149    0.000317978
150    0.000384568
151    0.000352745
152    0.000310643
153    0.000341959
154    0.000302184
155    0.000322319
156    0.000304692
157    0.000287585
158    0.000249678
159    0.000243107
160    0.000288815
161    0.000252941
162    0.000274453
163    0.000280076
164    0.000249039
165    0.000231878
166    0.000221098
167     0.00028673
168    0.000243378
169    0.000229422
170    0.000209968
171    0.000266231
172    0.000273052
173    0.000255559
174    0.000227769
175    0.000205261
176    0.000230188
177    0.000238726
178    0.000233907
179      0.0001968
180    0.000199132
181    0.000193006
182    0.000169638
183    0.000230651
184    0.000217951
185     0.00024771
186    0.000249532
187    0.000227754
188    0.000243663
189    0.000149224
190    0.000179194
191    0.000182081
192    0.000176853
193    0.000126336
194    0.000212199
195    0.000177064
196    0.000195263
197    0.000170929
198    0.000203449
199    0.000223168
200    0.000205487
201    0.000237593
202    0.000194914
203    0.000198205
204    0.000157665
205    0.000161101
206    0.000189264
207    0.000193498
208    0.000185404
209    0.000229907
210    0.000188077
211    0.000192106
212    0.000176745
213     0.00014866
214    0.000159234
215    0.000157759
216    0.000194046
217    0.000191046
218    0.000175973
219    0.000198517
220    0.000139072
221     0.00017118
222    0.000157917
223    0.000165489
224    0.000187508
225    0.000141435
226    0.000146169
227    0.000154014
228    0.000163083
229    0.000129278
230    0.000135568
231     0.00012926
232    0.000117757
233    0.000123247
234     0.00013443
235    0.000124717
236    9.03037e-05
237    9.96937e-05
238    0.000130323
239     9.7644e-05
240     0.00012435
241    0.000126724
242    0.000112831
243    0.000130772
244    0.000132365
245    0.000140766
246    0.000131051
247    0.000107108
248    0.000114993
249    0.000133303
250    0.000118912
251    0.000120195
252    0.000128542
253    0.000129295
254    0.000119707
255    0.000147416
256    0.000139169
257    0.000111499
258    0.000111439
259    0.000106951
260     9.1312e-05
261    0.000101086
262    7.82789e-05
263    0.000108105
264    0.000100065
265    8.21793e-05
266    0.000106677
267    7.64682e-05
268    0.000104034
269      8.663e-05
270    8.89051e-05
271    8.17665e-05
272    7.25578e-05
273    8.97177e-05
274    9.00876e-05
275    8.20205e-05
276    7.54621e-05
277    0.000103837
278    0.000100009
279    8.25597e-05
280    8.86938e-05
281     5.4569e-05
282    9.03709e-05
283    8.05025e-05
284    0.000108135
285    0.000117325
286    9.32108e-05
287     0.00011102
288    8.21914e-05
289    0.000113284
290    0.000102273
291    0.000104825
292    0.000108976
293    8.33421e-05
294    8.38815e-05
295    7.43917e-05
296    8.55064e-05
297    8.03416e-05
298    7.93316e-05
299     7.8806e-05
300    7.47448e-05
301    6.05498e-05
302    7.70216e-05
303    6.11866e-05
304    6.25655e-05
305     6.1905e-05
306    6.56134e-05
307    7.33307e-05
308    6.65342e-05
309    7.78774e-05
310    7.95927e-05
311    8.20694e-05
312    8.59754e-05
313    6.97052e-05
314    8.18802e-05
315    6.80124e-05
316    6.63189e-05
317    9.28782e-05
318    8.27516e-05
319    9.10477e-05
320     8.4161e-05
321    6.72259e-05
322    6.77972e-05
323     7.1434e-05
324    6.92075e-05
325    8.85482e-05
326    7.51913e-05
327     8.8558e-05
328    7.93333e-05
329    7.77755e-05
330    7.47975e-05
331     7.1778e-05
332    9.14182e-05
333    8.98275e-05
334    8.43965e-05
335    8.47867e-05
336    7.12925e-05
337     8.6081e-05
338    6.81673e-05
339     5.8568e-05
340    7.24818e-05
341     5.3046e-05
342    6.81993e-05
343    6.05204e-05
344    5.24236e-05
345    7.41443e-05
346    6.13473e-05
347    6.19992e-05
348    6.95713e-05
349    4.87119e-05
350       6.51e-05
351    5.40089e-05
352    6.63801e-05
353     7.7439e-05
354    7.22818e-05
355    7.25769e-05
356    6.70334e-05
357    7.16713e-05
358    8.91325e-05
359    7.57006e-05
360    6.94756e-05
361    7.42923e-05
362    6.72393e-05
363    6.67041e-05
364    6.28806e-05
365    6.48142e-05
366       7.94e-05
367    5.06064e-05
368    5.60035e-05
369    6.48078e-05
370    6.12254e-05
371    7.07079e-05
372    6.56629e-05
373    7.52743e-05
374    6.11458e-05
375    7.11404e-05
376     7.0495e-05
377     6.9826e-05
378    6.19939e-05
379    6.26761e-05
380    5.45303e-05
381     5.5836e-05
382    6.10127e-05
383    5.81283e-05
384    7.30393e-05
385    6.65626e-05
386    4.82031e-05
387    6.21684e-05
388    8.34574e-05
389    6.55043e-05
390    7.08123e-05
391    5.45794e-05
392    5.73123e-05
393    5.39624e-05
394    4.87548e-05
395    5.73295e-05
396    6.33981e-05
397    4.69513e-05
398    4.37257e-05
399    4.37306e-05
400    4.94863e-05
401    5.34143e-05
402    5.12667e-05
403    6.08085e-05
404    5.34246e-05
405    4.78504e-05
406    6.08667e-05
407    4.88862e-05
408    6.33097e-05
409    5.05513e-05
410    5.12333e-05
411    6.29285e-05
412    5.73057e-05
413    5.89786e-05
414     6.3545e-05
415    5.68523e-05
416    5.05034e-05
417    4.93054e-05
418     5.5095e-05
419    4.12067e-05
420    4.91605e-05
421    6.69555e-05
422      6.273e-05
423    6.18057e-05
424     6.2844e-05
425    6.12408e-05
426    6.66573e-05
427    6.29696e-05
428    7.48506e-05
429    7.01351e-05
430     6.0119e-05
431    5.58937e-05
432    5.78713e-05
433    5.70139e-05
434     6.1949e-05
435     6.9048e-05
436     6.0103e-05
437    4.96018e-05
438     4.6589e-05
439    5.04812e-05
440    5.56607e-05
441    5.36466e-05
442    4.83502e-05
443    6.17647e-05
444    4.31757e-05
445    5.82682e-05
446    5.11739e-05
447    4.51163e-05
448    5.84214e-05
449    4.51736e-05
450    4.81421e-05
451    6.64106e-05
452    3.01399e-05
453    5.12849e-05
454    4.70798e-05
455    4.83708e-05
456    4.74353e-05
457    4.59865e-05
458     5.5882e-05
459    3.64217e-05
460    5.99555e-05
461    6.41744e-05
462    5.09369e-05
463    4.19569e-05
464     5.3488e-05
465    5.06312e-05
466    4.40937e-05
467    4.07882e-05
468    4.84395e-05
469    4.84559e-05
470    4.17311e-05
471    4.28837e-05
472    5.72682e-05
473    4.19005e-05
474    5.22948e-05
475    5.03186e-05
476    5.26511e-05
477     6.7409e-05
478    5.15946e-05
479    5.73892e-05
480    5.74808e-05
481    6.58285e-05
482    5.31206e-05
483    5.25772e-05
484    5.67241e-05
485     4.3846e-05
486    5.04717e-05
487     5.3108e-05
488     4.3865e-05
489    4.94111e-05
490    3.84798e-05
491    3.69449e-05
492    4.08825e-05
493    5.90613e-05
494    4.07309e-05
495    4.70768e-05
496    5.73689e-05
497    5.62873e-05
498    5.98955e-05
499    5.28563e-05
500    3.98701e-05
501    5.53434e-05
502      4.537e-05
503    4.42776e-05
504    4.99537e-05
505    4.65689e-05
506    5.88066e-05
507    5.18411e-05
508    5.76088e-05
509     5.3017e-05
510    5.37337e-05
511    4.67232e-05
512    5.83745e-05
