RMS:    Average: 
3.23732   10.2644
0   -1.55673e-06
1        29.1056
2        14.1633
3        2.10184
4        3.83598
5         1.2169
6       0.952906
7       0.321167
8       0.181444
9       0.166066
10        0.09943
11       0.181212
12       0.255715
13       0.167629
14       0.237975
15       0.102488
16        0.17124
17       0.108218
18       0.129034
19       0.147519
20        0.17492
21       0.103964
22       0.074466
23       0.103062
24      0.0839746
25      0.0732318
26      0.0707566
27      0.0520698
28      0.0745531
29      0.0508768
30      0.0625751
31      0.0593109
32      0.0568059
33       0.036668
34      0.0489658
35      0.0267844
36      0.0498078
37      0.0462161
38      0.0416049
39       0.049961
40      0.0332712
41      0.0365087
42      0.0322659
43      0.0314435
44      0.0235582
45      0.0338709
46      0.0304326
47      0.0373528
48      0.0265476
49      0.0288179
50      0.0243236
51       0.030085
52      0.0274765
53      0.0308695
54       0.024977
55      0.0306428
56      0.0218518
57      0.0224721
58      0.0193755
59      0.0224097
60      0.0190197
61      0.0241689
62      0.0147502
63      0.0214809
64      0.0134962
65       0.017426
66      0.0131399
67      0.0154007
68      0.0143508
69      0.0137215
70      0.0141397
71      0.0142845
72      0.0105829
73      0.0131101
74      0.0120326
75      0.0155682
76         0.0104
77      0.0125775
78      0.0113066
79      0.0111201
80     0.00791426
81      0.0106253
82     0.00966833
83     0.00835425
84     0.00924667
85     0.00875387
86     0.00801183
87     0.00666268
88     0.00669553
89      0.0082609
90     0.00750149
91     0.00700566
92      0.0082492
93      0.0079274
94      0.0070431
95       0.006138
96     0.00656619
97     0.00740558
98     0.00714066
99     0.00645464
100     0.00707047
101     0.00668833
102     0.00673912
103     0.00646838
104     0.00441827
105     0.00626381
106     0.00463178
107     0.00530275
108     0.00435584
109     0.00511025
110     0.00428813
111     0.00504402
112     0.00346547
113     0.00378063
114     0.00360741
115      0.0035163
116     0.00368239
117     0.00342736
118     0.00414614
119     0.00400572
120     0.00302152
121     0.00335679
122      0.0033419
123     0.00336971
124     0.00272485
125     0.00372975
126     0.00326049
127     0.00351954
128     0.00273188
129     0.00287984
130     0.00256123
131     0.00348749
132      0.0027983
133     0.00298145
134     0.00242906
135     0.00275014
136     0.00245206
137     0.00256555
138     0.00273845
139     0.00253397
140     0.00241738
141      0.0030354
142     0.00296716
143     0.00365109
144     0.00365826
145     0.00313262
146      0.0029558
147      0.0025358
148     0.00266515
149      0.0025546
150     0.00257294
151     0.00254465
152     0.00273818
153      0.0025901
154     0.00236804
155     0.00247603
156     0.00217258
157     0.00195347
158     0.00190715
159     0.00166446
160     0.00209703
161     0.00187613
162     0.00215888
163     0.00208599
164     0.00221887
165     0.00188901
166     0.00185558
167     0.00206276
168      0.0019708
169     0.00192476
170     0.00204367
171     0.00206059
172     0.00217992
173     0.00190146
174      0.0018008
175     0.00168324
176     0.00193985
177     0.00166646
178     0.00194262
179     0.00179565
180     0.00171774
181      0.0016625
182     0.00160303
183     0.00171683
184     0.00166821
185     0.00161573
186     0.00187211
187     0.00151622
188     0.00171948
189     0.00135846
190     0.00161158
191      0.0014705
192     0.00153315
193     0.00141895
194     0.00147595
195     0.00136996
196     0.00134092
197     0.00150355
198     0.00133671
199     0.00150088
200     0.00152702
201     0.00153442
202     0.00141999
203     0.00157938
204     0.00120739
205     0.00145057
206     0.00143952
207     0.00148865
208     0.00127645
209     0.00173293
210     0.00149728
211     0.00141476
212     0.00151268
213     0.00131877
214     0.00145793
215     0.00128352
216     0.00130073
217     0.00140815
218     0.00143727
219      0.0014363
220     0.00129891
221     0.00134748
222     0.00132117
223     0.00129785
224     0.00125413
225     0.00130556
226     0.00123969
227     0.00123609
228     0.00120697
229     0.00107471
230     0.00109176
231     0.00113016
232     0.00120975
233     0.00116715
234     0.00111287
235     0.00123562
236     0.00105079
237     0.00125688
238     0.00118007
239     0.00124576
240     0.00117282
241     0.00109883
242    0.000997851
243     0.00119334
244     0.00117812
245      0.0010468
246     0.00112111
247     0.00107138
248     0.00108056
249      0.0011842
250     0.00117418
251     0.00125296
252     0.00112185
253    0.000925527
254    0.000985828
255    0.000977045
256    0.000902624
257     0.00100011
258    0.000987303
259    0.000931124
260     0.00100179
261     0.00091248
262    0.000959294
263    0.000842976
264    0.000925384
265    0.000933606
266    0.000921164
267    0.000826213
268    0.000961212
269    0.000980681
270    0.000896329
271     0.00100371
272    0.000859098
273    0.000869932
274    0.000889275
275    0.000856942
276    0.000931431
277    0.000985831
278    0.000857936
279      0.0008064
280    0.000858848
281    0.000745331
282    0.000916706
283    0.000859015
284    0.000836061
285    0.000982461
286    0.000890701
287    0.000958727
288    0.000941373
289    0.000995761
290    0.000962086
291    0.000871691
292    0.000945856
293    0.000844579
294    0.000861111
295    0.000832082
296     0.00081879
297    0.000764267
298    0.000777534
299    0.000788214
300    0.000848599
301    0.000880584
302    0.000846171
303    0.000815605
304    0.000795236
305    0.000755363
306    0.000732748
307    0.000775454
308    0.000839106
309    0.000772692
310    0.000775929
311    0.000816663
312    0.000685744
313    0.000730794
314    0.000682537
315    0.000718288
316    0.000792345
317    0.000823356
318    0.000797881
319    0.000856818
320    0.000803279
321    0.000824645
322    0.000778563
323      0.0008261
324    0.000814016
325    0.000803026
326    0.000755987
327    0.000778299
328    0.000786943
329    0.000769899
330    0.000779429
331    0.000739054
332    0.000737796
333    0.000738288
334    0.000712105
335    0.000696701
336     0.00075599
337     0.00073534
338      0.0007647
339    0.000730075
340    0.000617947
341    0.000755502
342    0.000705015
343     0.00072683
344    0.000753533
345    0.000692065
346    0.000702988
347     0.00067736
348    0.000685823
349    0.000708464
350    0.000697173
351    0.000627485
352     0.00065422
353    0.000704361
354    0.000690888
355    0.000813489
356    0.000700283
357    0.000653524
358    0.000700647
359     0.00067568
360    0.000705944
361    0.000720773
362    0.000621923
363    0.000739942
364    0.000694724
365    0.000761713
366    0.000748572
367    0.000687779
368     0.00065703
369    0.000675101
370    0.000637562
371    0.000677643
372    0.000642416
373    0.000716067
374    0.000678024
375    0.000660101
376    0.000718484
377    0.000718809
378    0.000652628
379    0.000624021
380    0.000575957
381    0.000569818
382    0.000634214
383    0.000597737
384    0.000683154
385    0.000666889
386    0.000684772
387    0.000636322
388    0.000655208
389    0.000622346
390    0.000647625
391     0.00058896
392    0.000670119
393    0.000643408
394    0.000612651
395    0.000617604
396    0.000680046
397    0.000628163
398    0.000606487
399    0.000610365
400    0.000555843
401    0.000580807
402     0.00058288
403    0.000574101
404    0.000582901
405    0.000573568
406    0.000539943
407     0.00058479
408    0.000605987
409    0.000605186
410    0.000617563
411    0.000605957
412    0.000603391
413    0.000576705
414    0.000610031
415    0.000604454
416    0.000572614
417    0.000648195
418    0.000621393
419    0.000657031
420    0.000617731
421      0.0006937
422    0.000620959
423    0.000594976
424    0.000633626
425    0.000603841
426    0.000569176
427     0.00058325
428    0.000629333
429     0.00062354
430    0.000627346
431    0.000582771
432    0.000591045
433    0.000588083
434    0.000574934
435    0.000592906
436    0.000573883
437    0.000575407
438    0.000560274
439    0.000534471
440    0.000591981
441    0.000504093
442    0.000557117
443    0.000583121
444    0.000529693
445    0.000568644
446    0.000524896
447    0.000554423
448    0.000531826
449    0.000562111
450    0.000541993
451    0.000575426
452    0.000532465
453    0.000536022
454    0.000557778
455    0.000517566
456    0.000549861
457    0.000547165
458    0.000603878
459    0.000582078
460    0.000574993
461    0.000545597
462    0.000536317
463    0.000533093
464    0.000547185
465    0.000527246
466    0.000511793
467    0.000551646
468    0.000546025
469    0.000543184
470    0.000590998
471     0.00054587
472    0.000590118
473    0.000519651
474    0.000598319
475    0.000556443
476    0.000552494
477    0.000560487
478    0.000603185
479    0.000522544
480    0.000507551
481    0.000515376
482    0.000484408
483     0.00051325
484    0.000563209
485    0.000521296
486      0.0005506
487     0.00057408
488    0.000529634
489     0.00050708
490    0.000516611
491    0.000517179
492    0.000519301
493    0.000549328
494    0.000561589
495    0.000530206
496    0.000548552
497    0.000524737
498    0.000572118
499    0.000578631
500    0.000518953
501    0.000530592
502    0.000508017
503    0.000541976
504     0.00055757
505    0.000525981
506    0.000557623
507    0.000566348
508    0.000574723
509    0.000563508
510    0.000605459
511    0.000576631
512     0.00057872
