RMS:    Average: 
2.66937   8.33282
0   -1.91759e-06
1        14.0941
2        6.71671
3       0.886773
4        1.89988
5       0.521031
6       0.388951
7       0.129703
8      0.0626567
9      0.0662663
10      0.0606058
11       0.084438
12       0.116037
13       0.073411
14       0.094677
15      0.0427017
16       0.066801
17      0.0409063
18      0.0579979
19      0.0645135
20      0.0719955
21      0.0429132
22      0.0355589
23      0.0413784
24      0.0344442
25      0.0302215
26      0.0268262
27       0.024747
28      0.0310115
29      0.0199243
30      0.0270588
31      0.0233671
32      0.0221777
33      0.0152714
34      0.0200165
35      0.0121021
36      0.0221129
37      0.0220147
38      0.0172075
39      0.0212314
40      0.0139698
41      0.0155142
42      0.0145093
43      0.0121166
44      0.0111286
45      0.0137822
46      0.0130408
47      0.0148084
48      0.0111347
49      0.0120795
50     0.00978512
51      0.0127533
52      0.0111422
53      0.0148806
54     0.00951052
55      0.0132684
56     0.00959449
57      0.0105162
58     0.00908887
59     0.00978021
60     0.00725313
61      0.0104657
62      0.0072016
63     0.00906443
64     0.00576214
65     0.00889128
66     0.00569567
67     0.00652684
68     0.00578776
69     0.00555309
70       0.005464
71     0.00563962
72      0.0048415
73     0.00565725
74     0.00479447
75     0.00661769
76     0.00395458
77     0.00534045
78     0.00402975
79     0.00461757
80     0.00287924
81     0.00456563
82     0.00395694
83     0.00337519
84     0.00335771
85     0.00414325
86     0.00303397
87     0.00267617
88     0.00283036
89     0.00352436
90     0.00345556
91     0.00321838
92     0.00361923
93      0.0035334
94     0.00279439
95     0.00223177
96       0.002753
97     0.00321485
98     0.00265483
99      0.0023521
100     0.00261357
101     0.00246602
102     0.00275051
103      0.0026348
104     0.00198929
105     0.00253048
106     0.00198534
107     0.00236858
108     0.00207757
109     0.00213108
110     0.00186156
111      0.0019161
112     0.00127088
113     0.00169956
114     0.00132962
115     0.00139191
116     0.00125539
117     0.00137897
118     0.00145111
119     0.00147649
120      0.0012455
121      0.0011458
122     0.00132831
123     0.00130954
124     0.00103234
125     0.00139554
126     0.00122371
127     0.00127614
128      0.0010065
129     0.00126522
130    0.000989657
131     0.00149285
132     0.00117519
133     0.00112418
134    0.000909834
135     0.00087268
136    0.000847614
137    0.000838307
138    0.000959888
139    0.000922921
140    0.000872763
141     0.00114251
142     0.00114502
143     0.00136214
144     0.00133017
145    0.000955361
146     0.00101451
147    0.000845294
148    0.000915624
149    0.000753442
150    0.000794682
151    0.000773491
152    0.000807369
153    0.000779938
154    0.000670738
155     0.00078674
156    0.000664999
157    0.000671699
158    0.000614093
159    0.000627221
160    0.000712717
161    0.000744506
162    0.000761475
163     0.00070966
164    0.000786323
165    0.000660739
166    0.000571059
167    0.000761625
168    0.000719682
169    0.000644906
170    0.000668508
171    0.000725096
172    0.000732876
173        0.00064
174    0.000598622
175    0.000514972
176    0.000682145
177    0.000528036
178    0.000724419
179    0.000645777
180    0.000518315
181    0.000550751
182    0.000547963
183    0.000561712
184    0.000628576
185    0.000625651
186    0.000611794
187     0.00049754
188    0.000502495
189    0.000420942
190    0.000485829
191    0.000391588
192    0.000454427
193    0.000466687
194    0.000488565
195    0.000402869
196    0.000478771
197    0.000479778
198    0.000393488
199    0.000524159
200    0.000538988
201     0.00055115
202    0.000493551
203    0.000540374
204    0.000429341
205    0.000471461
206    0.000578677
207    0.000505195
208    0.000447326
209    0.000528627
210    0.000469678
211    0.000439779
212    0.000445171
213    0.000407643
214    0.000476215
215    0.000416393
216    0.000444402
217    0.000461593
218    0.000468996
219    0.000493033
220    0.000461913
221      0.0004629
222    0.000511967
223    0.000437838
224    0.000415393
225    0.000403723
226    0.000358891
227    0.000408436
228    0.000415532
229    0.000367083
230    0.000367971
231    0.000333588
232    0.000388407
233    0.000411033
234     0.00036424
235    0.000389272
236    0.000321966
237    0.000415445
238     0.00037986
239    0.000384471
240    0.000344538
241    0.000345607
242    0.000286628
243     0.00035059
244    0.000330823
245    0.000313156
246    0.000338779
247    0.000287974
248    0.000281057
249    0.000335138
250    0.000320309
251    0.000370579
252     0.00032035
253    0.000283044
254    0.000329914
255    0.000313768
256    0.000304734
257    0.000314486
258    0.000280813
259    0.000256022
260    0.000283098
261    0.000275022
262    0.000279349
263    0.000254787
264     0.00027718
265    0.000266107
266    0.000280136
267    0.000261736
268    0.000283286
269    0.000272709
270    0.000254147
271    0.000278305
272    0.000254696
273    0.000256169
274      0.0002543
275    0.000227365
276     0.00022745
277     0.00027945
278    0.000242511
279    0.000254998
280    0.000262862
281    0.000224705
282    0.000264755
283    0.000248576
284    0.000231577
285    0.000277623
286     0.00025442
287    0.000249678
288    0.000269281
289    0.000273222
290    0.000270216
291    0.000222105
292     0.00022667
293    0.000212179
294    0.000239977
295     0.00023369
296     0.00024151
297     0.00023658
298    0.000217022
299    0.000218944
300    0.000229397
301     0.00023036
302    0.000212323
303    0.000199231
304    0.000221066
305      0.0002163
306    0.000219024
307    0.000218732
308    0.000220404
309    0.000215858
310    0.000233795
311     0.00022636
312    0.000184916
313    0.000208505
314    0.000207666
315    0.000187448
316    0.000216524
317    0.000195267
318    0.000205269
319    0.000222151
320    0.000213697
321    0.000216656
322    0.000216986
323    0.000213508
324    0.000235495
325    0.000244483
326    0.000215141
327    0.000214631
328    0.000196107
329    0.000187454
330     0.00017576
331    0.000177901
332    0.000193269
333    0.000184556
334    0.000227044
335    0.000186237
336    0.000223173
337    0.000177098
338    0.000221897
339    0.000186117
340    0.000200313
341    0.000215161
342    0.000195214
343    0.000189727
344    0.000189633
345    0.000196398
346    0.000180995
347    0.000202179
348    0.000180767
349    0.000184116
350    0.000208272
351    0.000187143
352    0.000215972
353    0.000195593
354    0.000204659
355    0.000204479
356    0.000190491
357    0.000172267
358    0.000189046
359     0.00018517
360    0.000212635
361    0.000173987
362    0.000188444
363    0.000170359
364    0.000149063
365    0.000179924
366    0.000171708
367    0.000179849
368    0.000178531
369    0.000169054
370    0.000178554
371    0.000194646
372     0.00018211
373     0.00020414
374    0.000200508
375    0.000182094
376    0.000172623
377    0.000198851
378     0.00018152
379    0.000167627
380    0.000178075
381    0.000148333
382    0.000168838
383    0.000161134
384    0.000203384
385    0.000196439
386    0.000180319
387    0.000169564
388    0.000191072
389    0.000170344
390    0.000161839
391    0.000150647
392    0.000158638
393    0.000166286
394    0.000157715
395    0.000174227
396     0.00016079
397    0.000143268
398    0.000134139
399     0.00014807
400     0.00012588
401    0.000150857
402    0.000146282
403     0.00012619
404    0.000137298
405    0.000132792
406    0.000132277
407    0.000130229
408       0.000152
409    0.000142589
410    0.000150033
411    0.000151369
412     0.00016341
413    0.000159286
414    0.000169577
415    0.000168385
416    0.000144413
417    0.000148761
418    0.000150112
419     0.00017178
420    0.000153688
421     0.00015551
422    0.000151913
423    0.000154872
424    0.000162572
425    0.000167844
426    0.000153459
427    0.000158061
428    0.000155253
429    0.000147645
430    0.000129504
431    0.000152523
432    0.000129928
433    0.000139463
434    0.000160832
435    0.000126671
436    0.000139593
437    0.000124363
438    0.000136096
439     0.00012569
440    0.000141975
441    0.000127133
442    0.000128376
443    0.000109816
444    0.000127233
445    0.000137629
446    0.000115129
447    0.000133635
448    0.000125872
449    0.000123277
450    0.000130695
451    0.000176508
452    0.000127708
453     0.00012188
454    0.000126386
455    0.000123794
456     0.00011869
457    0.000122263
458     0.00014296
459    0.000128037
460    0.000152094
461    0.000140333
462    0.000150021
463     0.00013573
464    0.000121997
465    0.000121659
466    0.000119131
467    0.000109252
468    0.000141753
469    0.000129933
470    0.000128225
471    0.000119561
472    0.000145726
473    0.000134386
474    0.000136868
475    0.000136224
476    0.000128518
477    0.000135152
478    0.000126001
479    0.000116167
480    0.000124361
481    0.000132545
482     0.00013272
483    0.000126544
484    0.000137123
485    0.000134022
486    0.000128474
487    0.000157479
488    0.000127218
489     0.00012646
490    0.000135769
491    0.000137463
492    0.000123574
493    0.000124466
494    0.000137329
495    0.000137662
496    0.000125759
497     0.00012978
498    0.000131514
499     0.00011998
500    0.000123017
501    0.000127501
502     0.00014336
503    0.000121624
504    0.000132346
505    0.000128242
506    0.000121594
507    0.000136637
508    0.000127024
509     0.00013649
510     0.00014114
511    0.000144743
512    0.000152295
