RMS:    Average: 
2.66937   8.33282
0   -1.91759e-06
1         5.6071
2        2.58097
3       0.352139
4       0.748606
5       0.193864
6       0.149642
7      0.0461608
8      0.0240623
9      0.0282245
10      0.0204449
11      0.0334907
12      0.0426091
13      0.0241634
14      0.0342864
15      0.0147931
16      0.0236223
17      0.0151215
18      0.0212016
19      0.0236979
20      0.0275116
21      0.0166581
22      0.0121865
23      0.0153416
24      0.0131344
25      0.0108114
26     0.00912267
27     0.00866207
28      0.0118852
29     0.00778984
30     0.00890723
31     0.00869108
32     0.00810679
33     0.00518282
34     0.00704911
35     0.00441021
36     0.00803355
37     0.00794108
38     0.00623429
39     0.00787142
40     0.00494178
41      0.0057091
42     0.00529365
43     0.00425257
44     0.00381667
45     0.00481003
46     0.00451132
47     0.00530053
48      0.0037929
49     0.00436748
50     0.00331953
51     0.00440965
52     0.00391059
53      0.0050057
54     0.00343285
55     0.00490117
56     0.00338701
57     0.00390658
58     0.00304648
59       0.003396
60     0.00280111
61     0.00384503
62     0.00260823
63     0.00322322
64     0.00203573
65     0.00301789
66     0.00198757
67     0.00206044
68     0.00190808
69     0.00187094
70     0.00186881
71     0.00191145
72     0.00158912
73     0.00183381
74     0.00168272
75     0.00238266
76     0.00145531
77     0.00178689
78     0.00143461
79     0.00148181
80     0.00107563
81     0.00147596
82      0.0014553
83       0.001145
84     0.00119226
85     0.00134687
86     0.00105676
87    0.000910242
88    0.000962944
89     0.00116886
90     0.00118215
91     0.00104437
92     0.00119424
93     0.00125019
94    0.000899132
95    0.000728633
96     0.00093934
97     0.00107038
98    0.000898451
99    0.000773381
100    0.000895833
101    0.000916039
102    0.000796088
103    0.000869345
104    0.000639408
105    0.000831564
106     0.00067965
107    0.000878106
108    0.000641938
109    0.000743082
110    0.000574804
111    0.000671188
112    0.000400882
113       0.000506
114    0.000423725
115    0.000416086
116     0.00036565
117    0.000410023
118    0.000454304
119    0.000498085
120    0.000411994
121    0.000393804
122    0.000418414
123    0.000429716
124    0.000346957
125    0.000458383
126    0.000433923
127     0.00043185
128    0.000359206
129    0.000417873
130    0.000331565
131    0.000494652
132    0.000391439
133     0.00038089
134    0.000301204
135     0.00026506
136    0.000282841
137    0.000233502
138    0.000283905
139    0.000271448
140    0.000286792
141    0.000384536
142    0.000391566
143    0.000501575
144    0.000448234
145    0.000321114
146    0.000309566
147    0.000281126
148    0.000306688
149     0.00023794
150    0.000280229
151     0.00026939
152    0.000265239
153    0.000241803
154    0.000221551
155    0.000238717
156    0.000220729
157    0.000200107
158    0.000180416
159    0.000191699
160    0.000217581
161    0.000228226
162    0.000225034
163    0.000220749
164    0.000225825
165    0.000185359
166    0.000193875
167    0.000236056
168    0.000189978
169    0.000213282
170    0.000179336
171     0.00021041
172    0.000238021
173    0.000184292
174    0.000173383
175    0.000163385
176    0.000192092
177    0.000175766
178    0.000207807
179    0.000204493
180     0.00017362
181    0.000166835
182    0.000183423
183    0.000180298
184    0.000193383
185    0.000213361
186    0.000199721
187    0.000169265
188    0.000179191
189    0.000134132
190    0.000165256
191    0.000139805
192    0.000158605
193    0.000139934
194    0.000159524
195    0.000142603
196    0.000160341
197    0.000142136
198    0.000137698
199    0.000175454
200    0.000160244
201    0.000175318
202    0.000151809
203    0.000161706
204    0.000149593
205    0.000133096
206    0.000168841
207    0.000168042
208    0.000131714
209    0.000165938
210    0.000140903
211    0.000132996
212    0.000127411
213    0.000114629
214    0.000134261
215     0.00012958
216    0.000145044
217    0.000152829
218    0.000150439
219    0.000151336
220    0.000140429
221    0.000146648
222    0.000145065
223    0.000130647
224    0.000126937
225    0.000121854
226    0.000123015
227    0.000112047
228    0.000121562
229    0.000112184
230    0.000102955
231    0.000104417
232    0.000116351
233    0.000131749
234     0.00010567
235    0.000111887
236    8.20996e-05
237    0.000118172
238    0.000120211
239    0.000114742
240    0.000104605
241    9.89565e-05
242    7.85591e-05
243     0.00010155
244     0.00010994
245    0.000108861
246    0.000103632
247     7.8693e-05
248    7.55327e-05
249    9.77772e-05
250    9.17653e-05
251    0.000108984
252    0.000103386
253    9.13824e-05
254    0.000101058
255    0.000102743
256     0.00010079
257    8.93211e-05
258    8.56244e-05
259    8.54159e-05
260    8.58673e-05
261    8.18089e-05
262    7.03458e-05
263    6.80516e-05
264    7.35238e-05
265    8.06084e-05
266    8.01227e-05
267    6.54559e-05
268    8.81499e-05
269    6.99217e-05
270    7.11201e-05
271    7.73627e-05
272    7.15535e-05
273    7.14112e-05
274    7.36249e-05
275    8.01838e-05
276    7.69259e-05
277    9.70992e-05
278    8.17426e-05
279    7.75309e-05
280    7.10531e-05
281    6.87878e-05
282    7.96205e-05
283    6.80018e-05
284    7.95425e-05
285    8.53829e-05
286     8.1122e-05
287    7.89552e-05
288    7.98757e-05
289    7.86438e-05
290    8.30529e-05
291    7.29102e-05
292    7.61535e-05
293    6.65383e-05
294      6.991e-05
295    6.36058e-05
296    5.89351e-05
297    6.53244e-05
298    6.86922e-05
299    6.93009e-05
300    7.18621e-05
301    6.71146e-05
302    6.76256e-05
303    5.53721e-05
304    6.02524e-05
305    6.68368e-05
306    4.84704e-05
307    5.43664e-05
308    5.83143e-05
309    5.99438e-05
310    6.00145e-05
311    6.80071e-05
312    5.77684e-05
313    5.13763e-05
314    5.68401e-05
315    5.02449e-05
316    5.59615e-05
317    5.82102e-05
318    6.93843e-05
319    7.93296e-05
320    6.21513e-05
321    5.88719e-05
322     5.6721e-05
323    6.55697e-05
324    6.14194e-05
325    6.59703e-05
326    5.94907e-05
327    6.71572e-05
328    5.36643e-05
329    5.22623e-05
330    5.49158e-05
331    5.26135e-05
332    6.32992e-05
333    5.65194e-05
334    6.48643e-05
335    5.90671e-05
336    5.63463e-05
337    6.38824e-05
338    5.30788e-05
339    6.05703e-05
340    6.93856e-05
341    6.21682e-05
342    6.93649e-05
343    5.66618e-05
344    5.65159e-05
345    6.91694e-05
346    4.61885e-05
347    5.27659e-05
348    5.30651e-05
349    5.53091e-05
350    6.04385e-05
351    5.70369e-05
352    6.32177e-05
353     6.0167e-05
354    5.94305e-05
355    6.12551e-05
356    4.67043e-05
357    5.55308e-05
358     5.9616e-05
359    5.33981e-05
360    5.21965e-05
361    5.88759e-05
362    4.70485e-05
363    5.54273e-05
364    4.93613e-05
365    4.96002e-05
366    5.77569e-05
367    5.05033e-05
368    4.84148e-05
369    4.78061e-05
370    4.19571e-05
371    6.28145e-05
372    6.28581e-05
373    5.75251e-05
374    5.15197e-05
375    6.50435e-05
376    5.98483e-05
377    6.18282e-05
378    4.51429e-05
379    5.07588e-05
380    5.02061e-05
381    4.48366e-05
382    6.00354e-05
383    4.89685e-05
384    5.82328e-05
385    5.83375e-05
386    5.53811e-05
387    4.81718e-05
388    6.63492e-05
389     5.3685e-05
390    5.05894e-05
391    5.59792e-05
392    4.95005e-05
393    5.27667e-05
394    4.01718e-05
395    5.39431e-05
396    4.96578e-05
397    3.87919e-05
398    4.06434e-05
399    4.32317e-05
400     3.8656e-05
401    4.59655e-05
402    4.53629e-05
403    4.75342e-05
404    3.89808e-05
405    3.57262e-05
406    4.17479e-05
407    3.44236e-05
408    5.28548e-05
409    4.17367e-05
410    4.30886e-05
411    4.71929e-05
412    5.25279e-05
413     4.9954e-05
414    5.84157e-05
415    4.73185e-05
416     4.6402e-05
417    4.47589e-05
418    4.32679e-05
419    4.24961e-05
420    3.92856e-05
421    5.10935e-05
422    3.75993e-05
423    4.26067e-05
424    4.75704e-05
425    5.09138e-05
426    4.59127e-05
427    4.73881e-05
428    5.16754e-05
429    5.03667e-05
430    4.38061e-05
431    4.55787e-05
432    4.81391e-05
433    4.21619e-05
434    4.58354e-05
435    4.61114e-05
436    4.90469e-05
437    3.85198e-05
438    4.04328e-05
439    4.34674e-05
440    4.50841e-05
441    4.17852e-05
442    3.52722e-05
443    3.74833e-05
444    2.44748e-05
445    4.29567e-05
446     3.6459e-05
447    3.28508e-05
448     3.7536e-05
449    3.42862e-05
450    3.74454e-05
451    5.26058e-05
452     3.2648e-05
453    4.56278e-05
454    4.00535e-05
455        3.5e-05
456    4.29619e-05
457     3.3513e-05
458    3.66681e-05
459    3.65194e-05
460    4.85981e-05
461    4.46315e-05
462    3.73126e-05
463    3.50249e-05
464    3.80008e-05
465    3.84947e-05
466    3.49443e-05
467    3.20154e-05
468    3.57307e-05
469     3.9617e-05
470    3.41171e-05
471     2.7863e-05
472    4.44097e-05
473    3.30195e-05
474    4.21182e-05
475    4.24721e-05
476    4.29802e-05
477    4.63388e-05
478    4.33988e-05
479     3.7378e-05
480    4.23529e-05
481    4.79899e-05
482    3.90842e-05
483    3.67096e-05
484    4.34546e-05
485    4.36359e-05
486    3.92044e-05
487     5.2646e-05
488    3.81753e-05
489    4.36557e-05
490    4.48106e-05
491    3.90807e-05
492     4.0238e-05
493    4.43973e-05
494     3.9036e-05
495    3.33679e-05
496    4.53621e-05
497    4.17065e-05
498    4.60051e-05
499     3.9262e-05
500    3.62493e-05
501    3.80076e-05
502    3.63652e-05
503    4.28185e-05
504    4.13926e-05
505    4.28748e-05
506    4.19532e-05
507    4.26128e-05
508    4.85304e-05
509    3.76518e-05
510    4.75609e-05
511    4.12123e-05
512    4.54068e-05
