0        5.70686
1        1.05635
2       0.558285
3        0.33951
4      0.0418394
5      0.0296454
6      0.0168954
7      0.0138279
8       0.013746
9     0.00560352
10     0.00388672
11     0.00250071
12     0.00449945
13     0.00204669
14     0.00441946
15     0.00252873
16     0.00216754
17     0.00236043
18       0.002435
19     0.00283084
20      0.0019253
21     0.00143914
22     0.00182507
23      0.0010981
24    0.000742948
25    0.000865425
26     0.00116305
27     0.00109076
28      0.0009877
29    0.000772892
30    0.000992037
31    0.000692049
32     0.00083901
33    0.000546597
34    0.000903069
35    0.000613268
36    0.000922204
37    0.000786407
38    0.000900901
39    0.000893021
40    0.000743023
41     0.00070033
42    0.000792222
43    0.000641061
44    0.000684871
45    0.000553866
46    0.000501626
47    0.000555977
48    0.000434673
49    0.000445525
50     0.00055545
51    0.000421277
52    0.000461353
53    0.000458123
54    0.000449803
55    0.000478862
56    0.000431723
57    0.000398206
58    0.000345152
59    0.000398221
60     0.00035062
61    0.000281318
62    0.000224419
63    0.000241492
64    0.000251287
65    0.000273643
66    0.000287512
67    0.000230899
68    0.000275111
69    0.000293872
70    0.000280917
71    0.000277239
72    0.000223409
73    0.000249209
74    0.000217609
75    0.000212476
76    0.000165848
77    0.000179977
78    0.000140465
79    0.000156334
80    0.000149963
81    0.000145283
82    0.000166681
83    0.000123374
84    0.000147086
85    0.000128019
86    0.000115871
87     0.00011666
88    0.000128071
89     0.00013859
90    0.000149142
91    0.000142216
92    0.000149409
93    0.000139922
94    0.000136732
95     0.00010001
96    0.000114247
97    9.31507e-05
98    8.77194e-05
99    9.23351e-05
100    8.20356e-05
101    6.84145e-05
102    9.21441e-05
103    7.82915e-05
104    9.32204e-05
105    8.11744e-05
106    8.46151e-05
107    7.39015e-05
108     8.7835e-05
109    8.14337e-05
110    6.78438e-05
111    6.24887e-05
112    7.94991e-05
113    5.89177e-05
114      7.266e-05
115    6.24301e-05
116     6.0604e-05
117    7.03918e-05
118    6.52706e-05
119    5.63307e-05
120    7.20039e-05
121    5.14563e-05
122    6.81479e-05
123     5.7595e-05
124    6.96132e-05
125    5.62932e-05
126    5.22024e-05
127     5.3885e-05
128    5.08412e-05
129       6.01e-05
130    6.10121e-05
131     5.4885e-05
132    6.02086e-05
133    4.38177e-05
134    5.17151e-05
135    4.42319e-05
136    5.43957e-05
137    4.62356e-05
138    5.34884e-05
139    4.67072e-05
140    5.20299e-05
141    5.20825e-05
142    3.89957e-05
143    4.25039e-05
144    4.20081e-05
145    4.92052e-05
146    3.85542e-05
147    4.80726e-05
148    4.11752e-05
149    3.91251e-05
150    4.04114e-05
151    3.99763e-05
152    4.28846e-05
153    3.74869e-05
154     3.6934e-05
155     3.8253e-05
156     3.6883e-05
157    3.40186e-05
158    3.64066e-05
159    3.18357e-05
160    3.92639e-05
161    3.20667e-05
162    3.43816e-05
163     3.7072e-05
164    4.06662e-05
165    2.87605e-05
166    3.41378e-05
167    3.31869e-05
168    3.17238e-05
169    3.12539e-05
170    3.28759e-05
171    3.03699e-05
172    3.21018e-05
173    3.39215e-05
174    3.01016e-05
175    3.48354e-05
176    3.36351e-05
177      3.423e-05
178    3.44872e-05
179    3.05426e-05
180    3.98761e-05
181    3.73549e-05
182     3.6966e-05
183    3.76968e-05
184    3.66008e-05
185    3.11233e-05
186    3.60035e-05
187    3.20671e-05
188    3.23913e-05
189    3.06663e-05
190    3.27097e-05
191    3.29764e-05
192    3.42854e-05
193    2.98673e-05
194     3.4802e-05
195    3.56699e-05
196     3.3234e-05
197    3.06706e-05
198    2.99859e-05
199    3.32157e-05
200    2.88417e-05
201     3.2409e-05
202    3.18606e-05
203    3.25817e-05
204    2.94909e-05
205    3.15218e-05
206    3.44723e-05
207    3.68657e-05
208    3.24516e-05
209    3.23416e-05
210    2.95284e-05
211    2.82961e-05
212     2.5921e-05
213    2.68606e-05
214    3.21191e-05
215    2.83051e-05
216     3.1109e-05
217    2.69333e-05
218    3.00553e-05
219    3.06763e-05
220    2.78721e-05
221    2.53592e-05
222    2.75379e-05
223    2.60667e-05
224    2.79374e-05
225    2.77362e-05
226     3.1819e-05
227    2.71433e-05
228    2.66176e-05
229     2.5885e-05
230    2.66617e-05
231    2.47811e-05
232    2.60551e-05
233    2.61381e-05
234    2.64074e-05
235    2.82739e-05
236    2.55265e-05
237    2.25982e-05
238    2.35026e-05
239    2.55081e-05
240    2.47162e-05
241    2.30397e-05
242    2.55018e-05
243    2.37365e-05
244    2.47164e-05
245    2.16527e-05
246    1.98012e-05
247    2.24206e-05
248    2.21989e-05
249    2.55054e-05
250    2.40064e-05
251    2.18323e-05
252    2.55016e-05
253     2.3774e-05
254    2.09765e-05
255     2.0207e-05
256    2.30953e-05
257     2.0034e-05
258    2.36931e-05
259    2.26408e-05
260    2.09006e-05
261    1.99134e-05
262    2.23654e-05
263    2.08952e-05
264    1.91287e-05
265    2.16517e-05
266    1.80577e-05
267    1.91858e-05
268     1.9847e-05
269    1.92774e-05
270    1.93144e-05
271    1.99847e-05
272     2.1037e-05
273    1.94347e-05
274    2.02283e-05
275    1.86317e-05
276    1.79029e-05
277    1.91207e-05
278    1.88814e-05
279    1.80806e-05
280    1.87218e-05
281    1.90686e-05
282    1.95828e-05
283    1.88507e-05
284    1.72689e-05
285    1.95291e-05
286    1.75186e-05
287    1.99738e-05
288    2.01314e-05
289    1.84387e-05
290    1.84406e-05
291    1.65392e-05
292    1.85104e-05
293    1.67673e-05
294    1.69468e-05
295    1.78961e-05
296    1.88208e-05
297    1.71757e-05
298    1.71972e-05
299    1.70206e-05
300    1.73232e-05
301    1.92532e-05
302    1.82779e-05
303    1.63813e-05
304    1.83464e-05
305    1.67191e-05
306    1.95351e-05
307    1.67037e-05
308     1.7884e-05
309    1.73789e-05
310    1.70091e-05
311     1.8066e-05
312    1.78209e-05
313    1.86425e-05
314    1.99184e-05
315    1.72085e-05
316    1.83189e-05
317    1.82944e-05
318    1.67806e-05
319    1.63607e-05
320    1.71748e-05
321    1.70124e-05
322     1.7214e-05
323    1.73544e-05
324    1.77241e-05
325    1.70046e-05
326    1.78449e-05
327    1.75561e-05
328    1.62585e-05
329    1.73914e-05
330    1.78797e-05
331    1.56424e-05
332    1.83401e-05
333     1.6728e-05
334    1.86598e-05
335     1.5509e-05
336     1.6658e-05
337    1.72812e-05
338    1.78726e-05
339     1.5565e-05
340    1.56668e-05
341    1.56397e-05
342    1.45369e-05
343       1.66e-05
344    1.65469e-05
345    1.59498e-05
346    1.73132e-05
347    1.54215e-05
348    1.74776e-05
349    1.63615e-05
350    1.60266e-05
351    1.62979e-05
352    1.57081e-05
353    1.59677e-05
354    1.60273e-05
355    1.59681e-05
356     1.5392e-05
357    1.50641e-05
358    1.53473e-05
359    1.58177e-05
360    1.52603e-05
361    1.42687e-05
362    1.49144e-05
363    1.43361e-05
364    1.45534e-05
365    1.39912e-05
366    1.43363e-05
367    1.32211e-05
368    1.52539e-05
369     1.4751e-05
370    1.63155e-05
371    1.67662e-05
372    1.44521e-05
373     1.4338e-05
374    1.45376e-05
375    1.51108e-05
376    1.44939e-05
377    1.38691e-05
378    1.39139e-05
379    1.47088e-05
380    1.49193e-05
381    1.41667e-05
382    1.41358e-05
383    1.37673e-05
384    1.49615e-05
385    1.47624e-05
386    1.48263e-05
387    1.54445e-05
388     1.5025e-05
389    1.49642e-05
390    1.49584e-05
391    1.52018e-05
392    1.43949e-05
393    1.43383e-05
394    1.49258e-05
395    1.42482e-05
396    1.46896e-05
397    1.34421e-05
398    1.45982e-05
399    1.33887e-05
400    1.27352e-05
401    1.26714e-05
402    1.38147e-05
403     1.3463e-05
404    1.38335e-05
405    1.41179e-05
406    1.39019e-05
407    1.29853e-05
408    1.37994e-05
409    1.42766e-05
410    1.36502e-05
411    1.35007e-05
412    1.24714e-05
413    1.21399e-05
414    1.32995e-05
415    1.24245e-05
416    1.36041e-05
417    1.39582e-05
418    1.26933e-05
419    1.27188e-05
420    1.19363e-05
421    1.10361e-05
422    1.17476e-05
423    1.24884e-05
424    1.25107e-05
425    1.23232e-05
426    1.24969e-05
427    1.22416e-05
428    1.31105e-05
429    1.34275e-05
430    1.32774e-05
431     1.2506e-05
432    1.26294e-05
433    1.24667e-05
434    1.16965e-05
435    1.28134e-05
436    1.35546e-05
437     1.2698e-05
438    1.27078e-05
439    1.19854e-05
440    1.11254e-05
441    1.19631e-05
442      1.186e-05
443    1.27464e-05
444    1.15925e-05
445    1.11387e-05
446    1.20584e-05
447    1.17821e-05
448    1.22697e-05
449    1.18769e-05
450    1.21414e-05
451    1.13587e-05
452    1.21893e-05
453    1.22748e-05
454    1.23505e-05
455    1.22656e-05
456     1.1929e-05
457    1.24182e-05
458     1.2678e-05
459    1.27908e-05
460    1.23371e-05
461    1.17605e-05
462    1.21095e-05
463      1.174e-05
464    1.21514e-05
465    1.12533e-05
466    1.26691e-05
467    1.20031e-05
468    1.12502e-05
469    1.17693e-05
470    1.21777e-05
471    1.19999e-05
472    1.14808e-05
473    1.29874e-05
474    1.16008e-05
475    1.16394e-05
476    1.15368e-05
477    1.16463e-05
478    1.19584e-05
479    1.10279e-05
480    1.13383e-05
481    1.14999e-05
482    1.19587e-05
483    1.15162e-05
484    1.13444e-05
485    1.04099e-05
486    1.18475e-05
487    1.12947e-05
488    1.09373e-05
489    1.12299e-05
490    1.15758e-05
491    1.21065e-05
492    1.26427e-05
493    1.20402e-05
494    1.17867e-05
495    1.15955e-05
496    1.25104e-05
497    1.17524e-05
498    1.13517e-05
499    1.19242e-05
500    1.14485e-05
501    1.06562e-05
502    1.23843e-05
503     1.1538e-05
504    1.05673e-05
505    1.19493e-05
506    1.11694e-05
507    1.08502e-05
508    1.09529e-05
509    1.09602e-05
510    1.02148e-05
511    1.11504e-05
512    1.10849e-05
