0        5.89621
1        1.09123
2       0.592052
3        0.37398
4      0.0405205
5      0.0347264
6      0.0146594
7      0.0115148
8      0.0114051
9     0.00679438
10     0.00380683
11      0.0025821
12     0.00335623
13     0.00247744
14     0.00300505
15     0.00236798
16     0.00188573
17     0.00199678
18     0.00214768
19       0.002372
20     0.00197251
21     0.00164622
22     0.00154311
23    0.000930744
24    0.000638587
25    0.000719172
26     0.00115588
27    0.000869177
28    0.000752355
29    0.000826395
30    0.000860339
31    0.000576172
32    0.000801733
33    0.000548283
34    0.000854391
35    0.000429001
36    0.000747982
37    0.000685737
38    0.000825615
39    0.000846862
40     0.00069027
41    0.000635823
42    0.000669709
43    0.000570648
44    0.000651783
45    0.000588109
46    0.000568449
47    0.000511339
48    0.000416959
49    0.000369406
50     0.00046948
51    0.000386864
52    0.000488043
53    0.000495578
54    0.000409662
55    0.000428619
56    0.000370504
57    0.000338216
58    0.000340742
59    0.000359908
60     0.00031805
61    0.000296132
62    0.000209761
63    0.000259237
64    0.000249599
65    0.000214089
66    0.000263134
67    0.000191741
68    0.000273741
69    0.000238152
70    0.000252653
71    0.000235433
72    0.000230451
73    0.000227699
74    0.000203766
75    0.000217537
76    0.000179097
77    0.000155866
78    0.000162898
79    0.000146886
80     0.00014088
81     0.00014476
82    0.000173104
83    0.000146278
84    0.000147779
85    0.000128165
86    0.000114078
87    0.000108216
88    0.000110098
89    0.000119641
90    0.000130779
91    0.000128067
92    0.000126466
93    0.000128539
94    0.000121837
95    0.000107589
96    0.000104274
97    9.17346e-05
98    0.000105826
99    8.38778e-05
100    8.07559e-05
101    7.67098e-05
102    9.30575e-05
103    8.04001e-05
104    9.68103e-05
105    8.44527e-05
106     7.2229e-05
107    6.88317e-05
108    6.74608e-05
109    6.08354e-05
110    7.14151e-05
111    6.51208e-05
112    6.80945e-05
113    6.60792e-05
114    6.71966e-05
115     5.3069e-05
116    5.30171e-05
117    5.35671e-05
118     5.1329e-05
119    5.62147e-05
120    5.05934e-05
121    5.52238e-05
122    4.80918e-05
123     4.8053e-05
124    5.46933e-05
125    4.61985e-05
126    4.30897e-05
127    4.48236e-05
128    4.07329e-05
129     5.1037e-05
130    5.15984e-05
131    4.84173e-05
132    3.68717e-05
133    4.44627e-05
134    4.36071e-05
135     4.0939e-05
136    3.64264e-05
137    3.28278e-05
138    4.10293e-05
139    3.56888e-05
140    3.41296e-05
141    3.70912e-05
142    4.02895e-05
143    3.93216e-05
144    4.04499e-05
145    3.67075e-05
146    3.14637e-05
147    3.50574e-05
148    3.29875e-05
149    2.98738e-05
150    2.92787e-05
151    3.21559e-05
152    3.75512e-05
153    3.24008e-05
154    2.76369e-05
155    3.12734e-05
156    3.55512e-05
157    3.32517e-05
158    3.15307e-05
159    3.01336e-05
160     2.9606e-05
161    3.19068e-05
162    3.01998e-05
163    3.38028e-05
164    3.26885e-05
165    2.88356e-05
166    3.11392e-05
167    3.15617e-05
168    3.21592e-05
169    2.88765e-05
170    2.81993e-05
171    3.18673e-05
172    2.48699e-05
173    2.69409e-05
174     2.5342e-05
175    2.83496e-05
176    2.68055e-05
177    2.46823e-05
178     2.2539e-05
179    2.40805e-05
180    2.78052e-05
181    2.93469e-05
182    3.29399e-05
183    2.91794e-05
184    2.84631e-05
185    2.59173e-05
186    2.84014e-05
187    2.67517e-05
188    2.80646e-05
189    2.16003e-05
190    2.53697e-05
191    2.84801e-05
192    2.71115e-05
193    3.00765e-05
194    2.86999e-05
195    3.15553e-05
196    2.67394e-05
197    2.65855e-05
198     2.5574e-05
199    2.30738e-05
200    2.34709e-05
201    2.53072e-05
202     2.8456e-05
203    2.47217e-05
204    2.26264e-05
205    2.48024e-05
206    2.19778e-05
207    2.52459e-05
208    2.59196e-05
209     2.4389e-05
210    2.56073e-05
211    2.50225e-05
212    2.56497e-05
213    2.31444e-05
214    2.57885e-05
215     2.3797e-05
216    2.44301e-05
217    2.25142e-05
218     3.0395e-05
219     2.4115e-05
220    2.47731e-05
221    2.40691e-05
222     2.3953e-05
223    2.38582e-05
224    2.61931e-05
225    2.39461e-05
226    2.13796e-05
227    2.13251e-05
228    2.25973e-05
229    1.86827e-05
230    2.00433e-05
231    1.97978e-05
232     1.9281e-05
233    1.95408e-05
234    1.86166e-05
235    1.95126e-05
236    2.07755e-05
237    1.81253e-05
238    1.97394e-05
239    1.96579e-05
240    2.27401e-05
241    1.88777e-05
242    2.08519e-05
243     1.9295e-05
244     2.2028e-05
245    1.95402e-05
246    1.70054e-05
247    1.62214e-05
248      1.836e-05
249    1.74623e-05
250    1.82403e-05
251    1.80445e-05
252    1.84865e-05
253     1.6787e-05
254    1.92676e-05
255    1.63867e-05
256    1.70773e-05
257    1.61779e-05
258    1.79973e-05
259    1.77298e-05
260    1.70201e-05
261    1.55792e-05
262    1.64179e-05
263    1.61892e-05
264    1.46244e-05
265    1.60338e-05
266    1.75322e-05
267    1.56752e-05
268    1.69474e-05
269    1.55327e-05
270    1.58837e-05
271     1.6441e-05
272    1.33385e-05
273    1.57557e-05
274    1.57405e-05
275     1.5203e-05
276     1.6379e-05
277     1.6171e-05
278    1.74008e-05
279    1.66961e-05
280    1.51723e-05
281    1.55069e-05
282    1.57193e-05
283    1.55609e-05
284    1.44307e-05
285    1.56982e-05
286    1.58335e-05
287    1.51888e-05
288    1.44818e-05
289    1.54683e-05
290      1.502e-05
291    1.46619e-05
292    1.47546e-05
293    1.38332e-05
294    1.37424e-05
295    1.44767e-05
296    1.48529e-05
297    1.41041e-05
298    1.28424e-05
299    1.41283e-05
300    1.49015e-05
301    1.45948e-05
302    1.49727e-05
303    1.50323e-05
304    1.42002e-05
305    1.37251e-05
306    1.40586e-05
307     1.5273e-05
308    1.40246e-05
309    1.45364e-05
310    1.30692e-05
311    1.38259e-05
312    1.30839e-05
313    1.31443e-05
314    1.43607e-05
315    1.39973e-05
316    1.42901e-05
317    1.42865e-05
318    1.36634e-05
319    1.29084e-05
320    1.37365e-05
321    1.40305e-05
322    1.39248e-05
323    1.42327e-05
324    1.47226e-05
325     1.3198e-05
326    1.36363e-05
327    1.40862e-05
328    1.37246e-05
329    1.40483e-05
330    1.36972e-05
331    1.34435e-05
332    1.39006e-05
333    1.33862e-05
334    1.28375e-05
335    1.33673e-05
336    1.23881e-05
337    1.27888e-05
338    1.28703e-05
339    1.26447e-05
340    1.30488e-05
341     1.2028e-05
342    1.29294e-05
343    1.29876e-05
344    1.21273e-05
345    1.24713e-05
346    1.32215e-05
347    1.25904e-05
348    1.37903e-05
349    1.33797e-05
350    1.32776e-05
351     1.2515e-05
352    1.38949e-05
353    1.32011e-05
354    1.27476e-05
355    1.41838e-05
356    1.25869e-05
357    1.20647e-05
358     1.1493e-05
359    1.22292e-05
360     1.2496e-05
361    1.26234e-05
362     1.1738e-05
363    1.22438e-05
364    1.21124e-05
365    1.32182e-05
366    1.29437e-05
367     1.1849e-05
368    1.29561e-05
369    1.19271e-05
370    1.10701e-05
371    1.25844e-05
372    1.13974e-05
373    1.25197e-05
374    1.18007e-05
375    1.24969e-05
376     1.3134e-05
377    1.29487e-05
378    1.29613e-05
379    1.21082e-05
380    1.13488e-05
381    1.15259e-05
382    1.32167e-05
383     1.1541e-05
384    1.14841e-05
385    1.27829e-05
386    1.35527e-05
387    1.18435e-05
388    1.12705e-05
389    1.16311e-05
390    1.16119e-05
391       1.12e-05
392    1.08428e-05
393    1.10927e-05
394    1.15165e-05
395    1.13797e-05
396    1.11318e-05
397    1.05774e-05
398    1.12888e-05
399    1.11991e-05
400    1.06318e-05
401    1.08546e-05
402    1.12218e-05
403    1.09388e-05
404    1.15287e-05
405    1.14335e-05
406    1.05623e-05
407    1.07468e-05
408    1.08402e-05
409    1.11937e-05
410    1.11738e-05
411    9.59082e-06
412    1.03768e-05
413    1.00498e-05
414    1.09793e-05
415    9.62448e-06
416    1.05518e-05
417    1.10553e-05
418    1.09126e-05
419    1.06133e-05
420    1.10589e-05
421    1.08636e-05
422     1.0252e-05
423    1.03132e-05
424    9.84217e-06
425    1.03072e-05
426    1.12173e-05
427     1.0829e-05
428    1.13955e-05
429    1.09983e-05
430    1.03472e-05
431    1.03092e-05
432    1.00136e-05
433    1.02529e-05
434    1.08057e-05
435     1.0938e-05
436    1.09898e-05
437    1.02343e-05
438    1.04987e-05
439     1.0613e-05
440    9.86061e-06
441    1.04551e-05
442    1.00583e-05
443    1.10603e-05
444    1.02844e-05
445    1.03267e-05
446    9.91497e-06
447    9.82926e-06
448    9.85814e-06
449    9.86124e-06
450    9.68898e-06
451     9.9887e-06
452    1.01638e-05
453     1.0691e-05
454    1.05875e-05
455      9.666e-06
456    1.00772e-05
457    1.00797e-05
458    1.07823e-05
459    1.03591e-05
460    1.04391e-05
461    1.03921e-05
462    9.72481e-06
463    9.14324e-06
464    1.04021e-05
465    9.43401e-06
466    1.00968e-05
467    1.05822e-05
468    1.04766e-05
469    9.92738e-06
470    9.98717e-06
471    9.34325e-06
472     1.0592e-05
473     9.3314e-06
474    1.00027e-05
475     1.0053e-05
476    9.95943e-06
477    9.95663e-06
478    9.67212e-06
479    9.67933e-06
480    9.93076e-06
481    1.00387e-05
482    9.73699e-06
483    1.02691e-05
484    1.01393e-05
485    9.10253e-06
486    1.03914e-05
487    9.34115e-06
488    1.00276e-05
489    9.18775e-06
490    9.56144e-06
491    9.88246e-06
492    9.58606e-06
493    9.38767e-06
494    9.78047e-06
495    9.07711e-06
496    9.66878e-06
497    9.70508e-06
498    9.46254e-06
499    9.97652e-06
500    9.40673e-06
501    9.43512e-06
502    1.03098e-05
503    9.63058e-06
504    9.72898e-06
505    8.90459e-06
506    9.25343e-06
507    9.48025e-06
508    9.72446e-06
509    1.01028e-05
510      9.856e-06
511    9.34152e-06
512    9.47054e-06
