0        2.13596
1       0.350011
2       0.167792
3       0.116321
4      0.0161406
5       0.014294
6     0.00685262
7      0.0038668
8      0.0033796
9      0.0018905
10     0.00149754
11     0.00130144
12     0.00170858
13     0.00151614
14     0.00164244
15     0.00159942
16     0.00084348
17     0.00113888
18     0.00117325
19     0.00122968
20     0.00110064
21    0.000812243
22    0.000677765
23     0.00047605
24     0.00060042
25    0.000357043
26    0.000669069
27      0.0005895
28    0.000542012
29    0.000430156
30    0.000606671
31    0.000339662
32    0.000493868
33    0.000329349
34    0.000400198
35    0.000366721
36    0.000455193
37    0.000495078
38    0.000568036
39    0.000681298
40    0.000467928
41    0.000412675
42    0.000384152
43    0.000353058
44    0.000337202
45    0.000304937
46    0.000338803
47     0.00034804
48    0.000261968
49     0.00026522
50    0.000253341
51    0.000292489
52    0.000265363
53    0.000377679
54    0.000246684
55    0.000274441
56    0.000251747
57    0.000240524
58     0.00018131
59     0.00018905
60     0.00015933
61     0.00015077
62    0.000137809
63    0.000122382
64    0.000123745
65    0.000132381
66     0.00014273
67     0.00012337
68    0.000163936
69    0.000164971
70    0.000181518
71    0.000174275
72    0.000161462
73    0.000150067
74     0.00013263
75    0.000170991
76     0.00011598
77    0.000124791
78    9.63134e-05
79    9.13006e-05
80    7.93933e-05
81    7.79273e-05
82    7.46384e-05
83    8.68984e-05
84    7.62196e-05
85    7.64711e-05
86    6.83524e-05
87     6.8409e-05
88    8.00372e-05
89    8.97135e-05
90    9.70295e-05
91    8.37535e-05
92    8.40865e-05
93    8.65034e-05
94    8.03297e-05
95    6.24696e-05
96    6.84588e-05
97    5.74339e-05
98    6.38899e-05
99     4.1951e-05
100    5.18739e-05
101    4.44685e-05
102    5.31776e-05
103    3.96311e-05
104    4.39314e-05
105    3.74253e-05
106     3.8968e-05
107    4.23562e-05
108    4.50229e-05
109    3.78565e-05
110    4.66303e-05
111    4.23352e-05
112    4.07974e-05
113     3.7237e-05
114    3.77155e-05
115    3.05748e-05
116    3.91832e-05
117    3.53939e-05
118    3.16481e-05
119    3.39354e-05
120    3.24758e-05
121    3.39798e-05
122    3.36877e-05
123     2.8025e-05
124    3.02424e-05
125    2.77292e-05
126     3.0035e-05
127    2.49996e-05
128    2.49288e-05
129    2.58882e-05
130    2.51298e-05
131    2.64367e-05
132    2.68519e-05
133    2.81305e-05
134    2.70087e-05
135     2.3257e-05
136    2.26986e-05
137    2.00501e-05
138    2.13145e-05
139    2.03693e-05
140    2.03998e-05
141    2.45062e-05
142    2.45826e-05
143    2.31153e-05
144    2.17375e-05
145    2.20129e-05
146    2.31062e-05
147     2.0636e-05
148    2.29413e-05
149    1.93487e-05
150     1.7572e-05
151    1.91142e-05
152    1.95521e-05
153    1.87161e-05
154    1.72376e-05
155    1.67907e-05
156    2.08556e-05
157    1.81616e-05
158    1.93705e-05
159     1.9765e-05
160    1.63891e-05
161    2.21582e-05
162    1.89068e-05
163    1.84167e-05
164    1.91654e-05
165    1.74641e-05
166    2.06882e-05
167    1.75994e-05
168    2.05965e-05
169    1.93624e-05
170    2.01223e-05
171     2.0726e-05
172     1.8908e-05
173    1.78928e-05
174    1.84403e-05
175    1.94712e-05
176    1.69124e-05
177     1.7938e-05
178    1.75677e-05
179    1.91454e-05
180    1.72742e-05
181    1.90022e-05
182    2.08942e-05
183    1.84025e-05
184     1.9553e-05
185    2.18796e-05
186    1.88644e-05
187    1.74572e-05
188    1.71455e-05
189     1.7934e-05
190    1.80741e-05
191    1.85589e-05
192    1.83595e-05
193    1.85895e-05
194    1.80018e-05
195    1.58657e-05
196    2.03045e-05
197    1.73666e-05
198     1.7097e-05
199    1.84431e-05
200    1.62922e-05
201    1.83661e-05
202    1.89228e-05
203    1.66257e-05
204     1.7419e-05
205    1.71566e-05
206     1.8136e-05
207    1.96955e-05
208    1.71456e-05
209    1.72001e-05
210    1.62761e-05
211    1.73617e-05
212    1.90089e-05
213    1.79205e-05
214    1.82282e-05
215    1.81148e-05
216    1.94071e-05
217    1.57858e-05
218    1.55691e-05
219    1.66182e-05
220    1.73556e-05
221    1.72634e-05
222    1.55141e-05
223    1.52263e-05
224    1.61934e-05
225    1.58623e-05
226    1.80172e-05
227    1.48925e-05
228    1.60733e-05
229    1.44118e-05
230    1.53391e-05
231    1.48448e-05
232    1.61335e-05
233    1.64345e-05
234    1.60254e-05
235     1.3247e-05
236    1.54056e-05
237    1.55222e-05
238    1.47089e-05
239     1.5511e-05
240    1.50786e-05
241    1.54625e-05
242    1.40788e-05
243     1.4139e-05
244     1.4795e-05
245    1.48496e-05
246    1.42773e-05
247    1.42141e-05
248     1.3863e-05
249    1.37235e-05
250    1.43009e-05
251    1.50002e-05
252    1.44695e-05
253    1.34726e-05
254     1.5241e-05
255    1.41322e-05
256    1.37506e-05
257    1.46125e-05
258    1.28446e-05
259    1.40069e-05
260    1.23051e-05
261    1.30732e-05
262    1.19973e-05
263    1.29289e-05
264    1.10755e-05
265    1.24093e-05
266    1.31736e-05
267    1.28422e-05
268    1.31303e-05
269    1.15297e-05
270    1.18034e-05
271    1.18794e-05
272    1.10076e-05
273    1.22378e-05
274    1.10361e-05
275    1.16982e-05
276    1.20403e-05
277    1.22291e-05
278    1.27363e-05
279    1.22961e-05
280    1.19424e-05
281    1.09002e-05
282    1.14576e-05
283    1.12193e-05
284    1.16537e-05
285    1.09154e-05
286    1.27798e-05
287     1.2872e-05
288    1.09614e-05
289    1.14069e-05
290    1.18364e-05
291    1.17759e-05
292    1.14205e-05
293    1.13731e-05
294    1.18743e-05
295    1.20613e-05
296    1.20035e-05
297    1.07292e-05
298    1.20207e-05
299    1.14213e-05
300     1.2599e-05
301    1.19231e-05
302    1.16982e-05
303    1.18186e-05
304    1.13712e-05
305    1.11405e-05
306    1.12304e-05
307    1.18661e-05
308    1.23465e-05
309    1.15583e-05
310    1.14848e-05
311    1.12517e-05
312    1.15961e-05
313    1.10301e-05
314    1.11139e-05
315    1.08073e-05
316    1.13569e-05
317    1.11927e-05
318    1.17955e-05
319    1.21799e-05
320     1.2047e-05
321    1.19745e-05
322    1.25831e-05
323    1.30092e-05
324     1.0914e-05
325    1.16102e-05
326    1.27612e-05
327    1.24422e-05
328    1.10193e-05
329    1.16469e-05
330    1.22411e-05
331     1.2707e-05
332    1.16953e-05
333    1.17037e-05
334    1.17555e-05
335    1.12816e-05
336    1.09956e-05
337    1.19558e-05
338     1.1994e-05
339    1.25558e-05
340    1.31926e-05
341    1.19844e-05
342    1.09868e-05
343    1.08987e-05
344    9.97172e-06
345     1.1662e-05
346    1.04552e-05
347    1.14118e-05
348    1.10178e-05
349    1.03776e-05
350     1.1012e-05
351    1.15992e-05
352    1.08311e-05
353    1.01049e-05
354    1.10425e-05
355    1.06579e-05
356     1.1429e-05
357    1.03456e-05
358    1.10425e-05
359    1.10961e-05
360    1.17738e-05
361    1.11241e-05
362    1.04938e-05
363    1.12902e-05
364    9.88026e-06
365    1.01581e-05
366    1.05829e-05
367    1.04547e-05
368    1.05244e-05
369    1.00309e-05
370    1.01337e-05
371    1.07951e-05
372    1.05359e-05
373    1.01924e-05
374    1.00658e-05
375    1.08291e-05
376    1.09942e-05
377    1.01248e-05
378    1.07321e-05
379    1.10641e-05
380    1.10746e-05
381    1.02166e-05
382    1.09858e-05
383    1.08926e-05
384     1.0723e-05
385    1.05241e-05
386    1.07103e-05
387    1.05511e-05
388    1.10787e-05
389     1.0589e-05
390    1.15025e-05
391    1.07937e-05
392    1.01604e-05
393    9.86911e-06
394    1.01073e-05
395    1.03587e-05
396    1.00786e-05
397    1.05597e-05
398    1.12259e-05
399    1.01358e-05
400    1.03143e-05
401    9.78592e-06
402    9.06385e-06
403    9.39437e-06
404    1.01401e-05
405    8.84425e-06
406    9.08855e-06
407     1.0113e-05
408    1.00216e-05
409    1.01975e-05
410    1.03125e-05
411    1.02338e-05
412    9.67852e-06
413     9.8661e-06
414    1.00991e-05
415    9.51771e-06
416    9.59831e-06
417    1.09618e-05
418    9.35665e-06
419    9.97516e-06
420    9.96205e-06
421    1.01656e-05
422    9.11468e-06
423    1.01464e-05
424    9.07832e-06
425     9.8553e-06
426    8.93043e-06
427     9.6207e-06
428    9.11669e-06
429    9.33462e-06
430    9.09729e-06
431    9.90611e-06
432     9.6852e-06
433    9.08329e-06
434    1.02204e-05
435     9.4554e-06
436    9.76534e-06
437    1.01341e-05
438    9.58933e-06
439    1.01631e-05
440    1.00151e-05
441    1.04998e-05
442     9.9509e-06
443    1.00197e-05
444    8.92243e-06
445     9.2185e-06
446    1.04004e-05
447    9.77409e-06
448     9.4398e-06
449    1.00407e-05
450    1.01269e-05
451    9.83143e-06
452    9.30851e-06
453    9.70386e-06
454    9.57124e-06
455    9.61357e-06
456    1.00326e-05
457    1.00802e-05
458    9.69869e-06
459    1.09618e-05
460    1.01714e-05
461     1.0396e-05
462    9.62098e-06
463    1.01681e-05
464     9.9654e-06
465    9.49585e-06
466    9.48244e-06
467    1.00427e-05
468    1.02423e-05
469    9.31415e-06
470        9.7e-06
471    9.47311e-06
472    9.37307e-06
473    9.59633e-06
474    9.52895e-06
475    9.80214e-06
476    1.01148e-05
477     9.1577e-06
478    1.01106e-05
479     9.7781e-06
480    9.12476e-06
481    9.90385e-06
482    9.42016e-06
483    9.03684e-06
484    9.19073e-06
485    9.89463e-06
486    9.49593e-06
487     1.0242e-05
488    1.01195e-05
489    1.01921e-05
490    9.46017e-06
491    9.66771e-06
492    1.00181e-05
493     9.7953e-06
494    8.86649e-06
495    9.22765e-06
496    8.97067e-06
497    9.48502e-06
498    9.29692e-06
499     9.6034e-06
500    9.19107e-06
501    9.24755e-06
502    8.99891e-06
503    9.60406e-06
504    9.34288e-06
505    9.10874e-06
506    9.41352e-06
507    9.28608e-06
508    9.57398e-06
509    9.61934e-06
510    9.53492e-06
511    9.04929e-06
512    1.00086e-05
