0        29.3505
1        1.04771
2        0.57004
3       0.344374
4      0.0332779
5      0.0298077
6       0.015593
7      0.0115261
8      0.0125362
9     0.00574267
10     0.00336125
11     0.00227599
12     0.00393502
13     0.00211753
14     0.00390141
15     0.00240816
16     0.00167516
17     0.00221628
18     0.00235385
19     0.00281015
20     0.00182895
21      0.0012564
22     0.00127084
23    0.000855381
24    0.000602212
25    0.000618627
26     0.00100284
27    0.000949132
28    0.000867744
29    0.000567225
30    0.000907705
31    0.000480419
32    0.000679559
33    0.000357921
34    0.000713991
35    0.000394161
36    0.000749118
37    0.000721242
38    0.000803193
39    0.000899684
40    0.000643715
41    0.000570817
42     0.00066173
43     0.00059296
44     0.00056338
45    0.000519737
46    0.000475218
47    0.000505584
48    0.000316139
49    0.000357243
50    0.000464292
51    0.000331972
52    0.000406874
53    0.000447211
54    0.000333251
55    0.000386393
56    0.000408162
57    0.000324452
58    0.000298876
59    0.000304301
60    0.000234256
61    0.000176364
62    0.000156054
63    0.000186355
64    0.000173333
65    0.000178738
66    0.000204244
67    0.000136903
68     0.00020099
69    0.000202353
70    0.000219998
71    0.000187849
72    0.000170755
73    0.000212077
74    0.000188633
75    0.000175281
76    0.000133701
77    0.000115582
78    0.000103646
79    0.000104511
80    9.25953e-05
81    0.000106528
82    0.000117712
83     0.00010714
84    0.000100195
85    7.79984e-05
86    7.48613e-05
87    7.29173e-05
88    7.94597e-05
89    0.000109713
90    0.000106688
91    9.35372e-05
92    0.000112502
93    9.24582e-05
94     9.3644e-05
95    5.21807e-05
96    7.23563e-05
97      5.677e-05
98    6.03816e-05
99    4.32933e-05
100    4.13463e-05
101    2.93737e-05
102    5.19892e-05
103    3.66885e-05
104    5.74541e-05
105    3.50269e-05
106    3.88981e-05
107    3.54844e-05
108    4.37825e-05
109    3.51575e-05
110    3.69555e-05
111    2.83021e-05
112    4.18406e-05
113    3.02482e-05
114    3.70859e-05
115    3.18175e-05
116    2.63744e-05
117    2.96086e-05
118     2.7049e-05
119    2.07922e-05
120    2.40686e-05
121    2.53523e-05
122    1.61986e-05
123    2.30021e-05
124    2.29178e-05
125    2.42889e-05
126    2.11648e-05
127    1.87125e-05
128     1.8108e-05
129    2.57768e-05
130    1.76619e-05
131    2.10296e-05
132     2.0916e-05
133     1.8201e-05
134    1.82476e-05
135    1.46366e-05
136    1.64937e-05
137    1.28265e-05
138    1.72525e-05
139     1.6356e-05
140    1.57423e-05
141    1.69898e-05
142        1.4e-05
143    1.32143e-05
144    1.33294e-05
145     1.8894e-05
146    1.43033e-05
147    1.27932e-05
148    1.24592e-05
149    1.04259e-05
150    7.32154e-06
151     8.6218e-06
152    1.17887e-05
153    9.01412e-06
154    9.62394e-06
155    1.11526e-05
156    1.21762e-05
157    1.08365e-05
158    4.42664e-06
159    7.31962e-06
160    1.06821e-05
161    5.98113e-06
162    1.12475e-05
163    9.61084e-06
164    1.36331e-05
165    8.75227e-06
166    7.00479e-06
167    9.21956e-06
168    1.02284e-05
169    9.10079e-06
170    1.02061e-05
171    9.34485e-06
172    8.17193e-06
173    8.18081e-06
174    8.77848e-06
175    1.25776e-05
176    8.51143e-06
177    1.29152e-05
178    9.33916e-06
179    9.67343e-06
180    1.21011e-05
181    1.12307e-05
182    1.39708e-05
183    8.58236e-06
184    1.20396e-05
185    8.21322e-06
186    1.31187e-05
187     1.1223e-05
188    1.17496e-05
189    6.63409e-06
190    1.15471e-05
191    1.17993e-05
192    7.59195e-06
193    8.50436e-06
194    1.23706e-05
195     1.0813e-05
196    1.31676e-05
197    9.36397e-06
198    1.04363e-05
199     1.2037e-05
200    1.08912e-05
201    1.42622e-05
202    1.38555e-05
203    1.20973e-05
204    8.79555e-06
205    1.06773e-05
206    1.13042e-05
207    1.23869e-05
208    9.24401e-06
209    1.13275e-05
210    8.19928e-06
211    1.02604e-05
212    6.55759e-06
213    1.09946e-05
214    1.30718e-05
215    9.31855e-06
216    1.10035e-05
217    8.27168e-06
218     1.0294e-05
219    9.47178e-06
220    7.96662e-06
221    9.27175e-06
222    1.12218e-05
223     8.4836e-06
224    8.60354e-06
225    8.22651e-06
226    8.54128e-06
227    6.44411e-06
228    8.46658e-06
229    5.71382e-06
230    7.99109e-06
231    6.18506e-06
232    7.15409e-06
233    8.45437e-06
234    7.39851e-06
235    7.44653e-06
236    7.02603e-06
237    7.04773e-06
238    6.08511e-06
239    7.95528e-06
240    7.57088e-06
241    5.53844e-06
242    7.59988e-06
243    6.00223e-06
244    5.71838e-06
245    5.70712e-06
246    5.69922e-06
247    6.62354e-06
248    7.75504e-06
249    7.17206e-06
250    7.97241e-06
251     7.3049e-06
252    6.78141e-06
253    6.99035e-06
254    5.37095e-06
255    4.94606e-06
256    5.45429e-06
257    5.20566e-06
258    6.60568e-06
259    4.69219e-06
260    4.40335e-06
261    5.42483e-06
262    4.85825e-06
263    5.23933e-06
264    3.59828e-06
265    4.17901e-06
266    3.99395e-06
267    3.31354e-06
268    4.47676e-06
269     4.0185e-06
270    2.26035e-06
271    3.88761e-06
272    4.75597e-06
273    4.30813e-06
274    5.00423e-06
275    2.76486e-06
276    1.49458e-06
277    2.81067e-06
278    3.67887e-06
279     2.4416e-06
280    2.94195e-06
281    3.17278e-06
282    5.41949e-06
283    4.72127e-06
284    4.17013e-06
285     2.9945e-06
286    3.14877e-06
287    2.68756e-06
288    2.21573e-06
289    2.97063e-06
290    2.65645e-06
291    2.45115e-06
292    2.58517e-06
293    2.35486e-06
294    2.58843e-06
295    3.40474e-06
296    3.84084e-06
297    3.90133e-06
298    2.44327e-06
299    3.68213e-06
300    4.87044e-06
301    4.13996e-06
302    2.96586e-06
303    3.08394e-06
304    3.67993e-06
305    4.06783e-06
306    4.51605e-06
307    3.03347e-06
308    4.19472e-06
309    3.87459e-06
310    2.41095e-06
311    3.30621e-06
312    4.11733e-06
313    4.35481e-06
314    2.75647e-06
315    4.02208e-06
316    3.08284e-06
317    3.57196e-06
318    3.56667e-06
319    3.36937e-06
320    4.15835e-06
321    3.32975e-06
322    3.71258e-06
323    4.36043e-06
324    4.94698e-06
325     4.5288e-06
326    4.90302e-06
327    5.12473e-06
328    4.64893e-06
329    4.62913e-06
330    5.06431e-06
331    3.11245e-06
332    4.72118e-06
333    4.27013e-06
334    4.28189e-06
335    3.42491e-06
336    3.59939e-06
337    2.69903e-06
338    4.07629e-06
339     2.5601e-06
340     3.1108e-06
341    4.54268e-06
342    3.67914e-06
343     3.2829e-06
344    3.69644e-06
345    3.23983e-06
346    3.50915e-06
347    3.08869e-06
348    3.56979e-06
349    3.19738e-06
350    3.04558e-06
351    2.57297e-06
352    3.21804e-06
353    2.60504e-06
354    3.00256e-06
355    3.59507e-06
356    3.31263e-06
357    2.43393e-06
358    3.31924e-06
359    2.72123e-06
360    3.13717e-06
361    2.20453e-06
362    2.81172e-06
363    2.28714e-06
364    3.80575e-06
365    3.20795e-06
366    3.45716e-06
367    2.70228e-06
368    3.12957e-06
369    3.28198e-06
370    4.16999e-06
371    3.67139e-06
372    3.15905e-06
373    3.44387e-06
374    2.97863e-06
375    3.75019e-06
376     2.9943e-06
377    3.64786e-06
378    3.26501e-06
379    3.35876e-06
380    2.68587e-06
381    2.13242e-06
382    2.30159e-06
383    2.01544e-06
384    3.16282e-06
385    2.64973e-06
386    3.86466e-06
387    3.26352e-06
388    2.24267e-06
389    2.56859e-06
390    2.87816e-06
391    2.24597e-06
392    2.53392e-06
393    3.19137e-06
394    3.07495e-06
395    1.65348e-06
396    1.49291e-06
397     2.5837e-06
398    3.10974e-06
399    1.94718e-06
400     1.9285e-06
401    1.40531e-06
402    3.04129e-06
403    2.59828e-06
404    1.52153e-06
405    2.21452e-06
406    3.73158e-06
407     2.5639e-06
408    2.60049e-06
409    2.91042e-06
410     3.1962e-06
411    2.15584e-06
412    2.05996e-06
413    1.41447e-06
414    1.72059e-06
415    1.76558e-06
416    1.59279e-06
417    2.40125e-06
418    1.98659e-06
419    1.82066e-06
420      2.125e-06
421    9.96159e-07
422    1.93807e-06
423    1.90582e-06
424    1.67728e-06
425    7.89058e-07
426      2.194e-06
427    2.14062e-06
428    2.05007e-06
429    1.95536e-06
430    1.04478e-06
431    1.42837e-06
432    1.35482e-06
433    2.34692e-06
434    1.33945e-06
435    1.82325e-06
436    1.83022e-06
437    1.59532e-06
438    1.69916e-06
439    1.76237e-06
440    7.17547e-07
441    1.63046e-06
442    1.60573e-06
443    2.71366e-06
444    1.90017e-06
445    2.53738e-06
446    1.82705e-06
447    2.09982e-06
448    2.70351e-06
449    2.31739e-06
450    2.28521e-06
451    2.03046e-06
452    1.54857e-06
453    1.44308e-06
454    1.28568e-06
455    1.73396e-06
456     1.7547e-06
457      2.032e-06
458    1.84314e-06
459    1.77785e-06
460    1.02726e-06
461    1.32289e-06
462    5.00596e-07
463    1.31356e-06
464    1.41204e-06
465    1.55281e-06
466     2.0164e-06
467     2.1027e-06
468    1.97141e-06
469    2.67232e-06
470    2.17884e-06
471    2.56019e-06
472    2.10813e-06
473    1.88655e-06
474    1.29021e-06
475    2.32422e-06
476    1.83098e-06
477    1.61439e-06
478    1.99101e-06
479    1.64253e-06
480    1.89945e-06
481    1.59505e-06
482    1.82132e-06
483    2.70335e-06
484    1.65741e-06
485    1.90881e-06
486    1.91288e-06
487    1.41492e-06
488    1.09461e-06
489    1.31078e-06
490    1.95359e-06
491     1.9024e-06
492    1.94133e-06
493     1.7775e-06
494    2.22556e-06
495     2.3091e-06
496    2.55136e-06
497    2.78499e-06
498    1.97373e-06
499    1.81071e-06
500    8.80298e-07
501    1.51062e-06
502    2.38972e-06
503    2.45964e-06
504    2.40094e-06
505    2.31263e-06
506    1.67655e-06
507    1.58837e-06
508     1.9324e-06
509    1.22081e-06
510    1.90439e-06
511    2.03909e-06
512    1.62869e-06
