0        30.0489
1         0.9849
2       0.528666
3       0.322377
4      0.0292121
5      0.0277094
6      0.0143804
7      0.0101192
8      0.0116493
9     0.00508534
10     0.00299915
11     0.00178022
12     0.00405723
13     0.00259403
14     0.00347897
15     0.00259073
16      0.0014226
17     0.00203281
18     0.00233639
19     0.00244983
20     0.00156622
21     0.00101225
22     0.00116477
23    0.000802239
24    0.000582538
25    0.000537483
26     0.00101507
27    0.000877805
28    0.000910622
29     0.00046432
30    0.000871706
31      0.0004638
32    0.000706755
33    0.000356181
34     0.00063436
35    0.000377138
36     0.00063187
37    0.000716275
38    0.000803406
39     0.00093592
40    0.000597327
41    0.000509665
42    0.000596653
43    0.000463744
44    0.000481352
45    0.000445719
46     0.00050691
47    0.000487955
48    0.000303735
49    0.000342367
50    0.000411631
51    0.000334627
52    0.000380967
53    0.000451918
54    0.000311529
55    0.000311637
56    0.000381137
57     0.00030065
58     0.00028897
59    0.000261671
60    0.000196391
61    0.000147348
62    0.000160048
63    0.000193997
64    0.000146279
65    0.000186477
66    0.000192038
67    0.000132829
68    0.000200601
69    0.000203838
70    0.000238899
71    0.000185644
72    0.000170157
73    0.000205274
74    0.000178752
75    0.000180768
76    0.000135033
77    0.000114841
78    0.000113164
79    9.14869e-05
80    8.15676e-05
81    9.41112e-05
82    9.51213e-05
83     9.9712e-05
84     8.5607e-05
85    7.17351e-05
86    7.29586e-05
87    6.37816e-05
88    7.92692e-05
89    0.000103176
90    0.000124079
91    8.19752e-05
92    0.000104798
93    8.32128e-05
94    8.60503e-05
95    5.17946e-05
96    6.46586e-05
97    5.79024e-05
98    5.17742e-05
99    3.85475e-05
100    4.10506e-05
101    2.72153e-05
102    3.38349e-05
103    2.92923e-05
104    3.30921e-05
105    2.66991e-05
106    3.82272e-05
107    2.81498e-05
108    4.21759e-05
109    2.66137e-05
110    3.58086e-05
111    2.67505e-05
112    3.14007e-05
113    2.60816e-05
114    2.28165e-05
115    2.06337e-05
116    2.06391e-05
117    1.25432e-05
118    1.58253e-05
119    1.47192e-05
120     1.8083e-05
121    1.96688e-05
122    1.31281e-05
123    1.25208e-05
124    2.03916e-05
125    1.49251e-05
126    1.87096e-05
127    1.23747e-05
128    8.41466e-06
129    1.49766e-05
130    1.01418e-05
131    1.17861e-05
132    1.12946e-05
133    8.63757e-06
134    1.07148e-05
135    8.57714e-06
136     1.1837e-05
137    1.14193e-05
138    1.18563e-05
139    1.17429e-05
140    1.34481e-05
141    1.51356e-05
142    9.15147e-06
143    1.07374e-05
144    8.75725e-06
145    1.67219e-05
146     1.3097e-05
147    1.13126e-05
148    1.49316e-05
149    5.52393e-06
150    9.77173e-06
151    8.63816e-06
152     7.3026e-06
153     8.5165e-07
154    4.87188e-06
155    5.09425e-06
156    3.78325e-06
157    9.37489e-06
158    3.31216e-06
159    5.29662e-06
160    2.95976e-06
161    2.21413e-06
162      7.824e-06
163    5.87226e-06
164    4.15908e-06
165    7.55042e-06
166    4.61058e-06
167    5.99381e-06
168    8.05817e-06
169    7.82439e-06
170    7.24265e-06
171    5.23428e-06
172     3.6176e-06
173    5.83546e-06
174    2.54076e-06
175     6.6348e-06
176    3.16026e-06
177    7.07357e-06
178    4.55864e-06
179    1.91948e-06
180     4.0891e-06
181    7.28969e-06
182    8.79221e-06
183    5.89414e-06
184    7.08612e-06
185    6.33294e-06
186    6.70678e-06
187     1.1783e-05
188    8.21281e-06
189    1.00068e-05
190    9.45315e-06
191    4.22291e-06
192    3.37724e-06
193    7.73031e-06
194    1.00163e-05
195    8.30598e-06
196    1.16285e-05
197    7.62127e-06
198    6.64078e-06
199    8.46802e-06
200    8.49873e-06
201    1.07437e-05
202    1.15862e-05
203    1.01835e-05
204    7.92498e-06
205    1.20286e-05
206    1.09847e-05
207    1.21019e-05
208    8.17998e-06
209    9.21341e-06
210    6.78254e-06
211    6.25846e-06
212    6.14112e-06
213    7.09597e-06
214    7.37958e-06
215    7.37436e-06
216    7.52841e-06
217    6.38755e-06
218     6.3059e-06
219    6.22895e-06
220    5.27542e-06
221    5.84878e-06
222    7.01234e-06
223    7.21022e-06
224    6.29483e-06
225    2.96427e-06
226    5.98316e-06
227    5.44642e-06
228    5.87298e-06
229     4.6841e-06
230    5.54351e-06
231    2.86687e-06
232    6.24057e-06
233    5.63556e-06
234    2.95224e-06
235    5.34918e-06
236    3.64128e-06
237    4.68819e-06
238    6.83122e-06
239    5.47849e-06
240    5.09447e-06
241    4.83048e-06
242    3.52001e-06
243    4.01817e-06
244    4.60595e-06
245    4.63136e-06
246    3.22422e-06
247    2.83598e-06
248    5.74746e-06
249    3.89193e-06
250    2.93979e-06
251    2.54498e-06
252    1.95775e-06
253    3.76279e-06
254     6.9975e-07
255    5.66931e-07
256    2.12869e-06
257    3.47513e-06
258    2.66617e-06
259    2.37095e-06
260    3.49386e-06
261    2.70123e-06
262    2.80128e-06
263    2.02309e-06
264    2.76815e-06
265    1.81411e-06
266     2.4634e-06
267    5.45926e-07
268    2.07652e-06
269    1.35377e-06
270    1.74457e-06
271    1.30404e-06
272    1.80396e-06
273    1.44454e-07
274    7.58487e-07
275    -9.8111e-07
276    3.30804e-07
277    1.33076e-06
278    8.59959e-07
279    1.15231e-06
280    1.35153e-06
281    2.41204e-06
282    2.81049e-06
283    2.78945e-06
284    2.25063e-06
285    2.10101e-06
286    1.35957e-06
287    1.11709e-06
288    1.23268e-06
289    1.73941e-06
290    5.90961e-07
291    6.74665e-07
292    9.37296e-07
293    9.66488e-08
294    1.10029e-07
295    2.33622e-06
296    2.06545e-06
297    1.70885e-06
298    1.03346e-06
299    3.06021e-06
300    1.03226e-06
301    1.62673e-06
302    5.04389e-07
303     8.2449e-07
304    2.29365e-06
305    1.66762e-06
306    3.29305e-07
307    2.94775e-06
308    2.08947e-06
309    1.86129e-06
310    1.62326e-07
311    1.37567e-06
312     1.3016e-06
313    1.17199e-06
314     5.0877e-07
315    1.17379e-06
316    1.63764e-06
317    1.98318e-06
318    2.05573e-06
319    2.27453e-06
320    3.13924e-06
321     2.7172e-06
322    2.74815e-06
323    1.57217e-06
324    2.51544e-06
325     2.3535e-06
326    2.60255e-06
327    1.62799e-06
328    2.39123e-06
329     1.7883e-06
330     2.3183e-06
331    9.46712e-07
332    1.89266e-06
333    1.69366e-06
334    2.46753e-06
335     1.2463e-06
336    1.40557e-06
337    1.89686e-06
338    1.04645e-06
339    1.49777e-06
340     2.0875e-06
341    2.00921e-06
342    2.47216e-06
343    1.79245e-06
344    1.71819e-06
345    1.56714e-06
346    2.08386e-06
347    1.91957e-06
348     1.3619e-06
349    1.88741e-06
350    2.82595e-06
351    2.57071e-06
352    2.78073e-06
353    3.01635e-06
354    3.26153e-06
355    1.82498e-06
356    2.00608e-06
357     1.7961e-06
358    1.21084e-06
359    1.18435e-06
360    2.54427e-06
361    1.82693e-06
362    2.51253e-06
363    1.52336e-06
364    1.35229e-06
365    1.54347e-06
366    1.84833e-06
367    1.34263e-06
368    1.27001e-06
369    1.20676e-06
370    1.41453e-06
371    2.52871e-06
372     1.7024e-06
373    8.51503e-07
374    9.06593e-07
375    9.14232e-07
376    1.85092e-06
377    1.32596e-06
378    1.75452e-06
379    7.95882e-07
380    1.15522e-06
381    8.48923e-07
382    6.56603e-07
383    4.75727e-07
384    1.51531e-06
385    1.04585e-06
386    1.26748e-06
387    1.08314e-06
388    1.48082e-06
389      1.117e-06
390    1.19365e-06
391    4.93173e-07
392    5.14184e-07
393    1.69116e-06
394    6.95542e-07
395   -1.59931e-08
396    1.13955e-06
397    1.50094e-07
398    1.01814e-06
399      3.725e-07
400    8.92825e-07
401    6.35003e-07
402    9.65725e-07
403    6.38386e-07
404    1.04033e-06
405      1.072e-06
406    1.48803e-06
407     7.1089e-07
408    2.83727e-07
409    9.97554e-07
410    8.93067e-07
411    1.54218e-06
412    7.57901e-07
413    7.02362e-07
414    8.50077e-07
415    8.44715e-07
416    3.55703e-07
417    2.94445e-07
418   -5.14006e-07
419    2.54893e-07
420     6.5091e-07
421   -7.27288e-08
422    1.00375e-06
423    4.47046e-07
424    1.46033e-06
425    1.02571e-06
426   -2.52146e-07
427    9.69092e-07
428    9.63003e-07
429    9.05862e-07
430    7.99053e-07
431    5.80967e-07
432   -7.39857e-07
433   -1.42325e-07
434    2.56082e-07
435    4.08777e-07
436    8.13495e-07
437    1.59219e-06
438    7.58057e-07
439    1.28134e-07
440    2.34037e-07
441    3.86261e-07
442    2.05721e-07
443    7.12246e-07
444    5.08887e-09
445    5.49964e-07
446    4.20247e-07
447     4.2435e-07
448    5.65907e-07
449    4.60245e-07
450    9.97219e-07
451    7.88949e-07
452    2.69108e-07
453    5.89523e-07
454    6.60341e-07
455    5.09078e-07
456    1.32372e-06
457    9.37591e-07
458    1.12015e-06
459    4.99531e-07
460    4.44265e-07
461    1.02779e-06
462    3.72059e-07
463    9.12509e-07
464    9.08783e-07
465    6.71572e-07
466    3.55096e-07
467    -2.8378e-07
468    1.31181e-06
469    1.26973e-06
470    1.16601e-06
471    9.82867e-07
472    1.05477e-06
473    1.75159e-06
474    9.08412e-07
475    6.99751e-07
476    1.21141e-06
477    4.30302e-07
478    6.54448e-07
479    8.58154e-07
480    1.09624e-06
481    1.00556e-06
482    4.26047e-07
483    1.05412e-06
484   -9.91904e-08
485    8.66858e-08
486    1.22083e-06
487    8.66639e-07
488    1.03962e-06
489    3.28721e-07
490    1.32329e-06
491    6.01542e-07
492    1.50161e-06
493    1.46825e-06
494    7.11418e-07
495    8.45735e-07
496     5.6684e-07
497    1.18701e-06
498    1.28519e-06
499    6.31002e-07
500    1.77661e-06
501    9.56302e-07
502    1.54117e-06
503    1.25043e-06
504    5.35723e-07
505    9.63223e-07
506     4.0895e-07
507   -8.64356e-08
508    3.92739e-07
509    5.10308e-07
510    8.81213e-07
511    2.63651e-07
512    6.55973e-07
