0          35.95
1       0.534715
2       0.313598
3       0.191158
4      0.0195832
5      0.0171417
6     0.00874662
7     0.00592459
8     0.00595903
9     0.00252842
10     0.00183772
11    0.000947666
12     0.00234434
13     0.00108624
14      0.0018723
15     0.00128971
16    0.000795238
17    0.000998222
18     0.00109404
19     0.00123963
20    0.000885209
21     0.00060559
22    0.000603795
23    0.000446273
24    0.000319039
25    0.000306136
26    0.000505812
27    0.000500017
28    0.000492224
29    0.000293993
30    0.000464868
31    0.000214025
32    0.000378779
33     0.00018883
34    0.000315579
35    0.000231772
36    0.000320464
37     0.00030494
38    0.000423349
39    0.000414165
40    0.000296538
41    0.000270065
42    0.000303539
43    0.000246056
44    0.000254885
45    0.000233795
46    0.000259986
47    0.000240149
48    0.000170051
49    0.000184614
50    0.000190775
51     0.00015903
52    0.000200149
53    0.000228945
54     0.00015648
55    0.000172363
56    0.000200429
57    0.000154172
58    0.000157681
59    0.000131756
60    0.000110484
61    7.72662e-05
62    9.61041e-05
63    8.03281e-05
64    9.64397e-05
65    0.000104869
66    9.84989e-05
67    8.42401e-05
68    0.000104669
69    0.000113889
70    0.000119251
71    9.59285e-05
72    8.89399e-05
73     0.00010034
74    9.28206e-05
75    0.000103117
76    6.35076e-05
77    6.23206e-05
78    4.89269e-05
79    4.95285e-05
80    5.40158e-05
81    4.30415e-05
82    5.00063e-05
83    5.12961e-05
84    4.38062e-05
85    3.18738e-05
86    3.14061e-05
87    2.83258e-05
88    4.42055e-05
89    4.08837e-05
90    5.67253e-05
91    5.32073e-05
92    4.98298e-05
93    4.39731e-05
94    4.88188e-05
95    2.54881e-05
96    3.42791e-05
97    2.52588e-05
98    2.82383e-05
99    2.36922e-05
100    2.85122e-05
101    1.72245e-05
102    2.19712e-05
103    1.43991e-05
104    2.01209e-05
105    1.68994e-05
106     1.5227e-05
107    1.98789e-05
108    2.09453e-05
109     1.9596e-05
110    1.72949e-05
111    1.66775e-05
112    1.72715e-05
113    8.89214e-06
114    1.35753e-05
115    6.52288e-06
116    8.57131e-06
117    5.32587e-06
118    6.18198e-06
119    7.19618e-06
120    1.17296e-05
121    5.73145e-06
122    4.18124e-06
123    2.34242e-06
124    7.57778e-06
125    6.01138e-06
126    9.42659e-06
127    7.99339e-06
128    7.20455e-06
129    9.39545e-06
130    7.49611e-06
131    7.11477e-06
132    9.66968e-06
133    6.68398e-06
134    7.41661e-06
135    9.44298e-06
136    8.56275e-06
137    7.06473e-06
138    7.35004e-06
139    7.15479e-06
140    8.17026e-07
141    6.54956e-06
142    4.29146e-06
143    3.93716e-06
144     6.2235e-06
145    4.86889e-06
146    6.34289e-06
147     6.9213e-06
148    6.04031e-06
149    3.70476e-06
150    6.69611e-06
151    1.62625e-06
152    3.47948e-06
153    1.00969e-06
154    1.39883e-06
155    1.24312e-06
156   -3.12963e-07
157    3.51542e-06
158   -3.21078e-07
159    2.77461e-06
160    1.82099e-06
161    2.25656e-06
162    2.76048e-06
163    1.80407e-06
164   -1.16029e-06
165    3.31169e-06
166    4.41884e-07
167    3.49463e-06
168    8.69683e-07
169     2.0719e-06
170    1.73273e-06
171    2.95105e-06
172   -1.26899e-06
173    3.84599e-06
174    3.68257e-06
175    3.34292e-06
176    2.05665e-06
177    3.77677e-06
178    1.75852e-06
179    2.47993e-07
180    2.06986e-06
181    1.70518e-06
182    1.80743e-06
183    5.11691e-06
184    2.51151e-06
185    2.18611e-06
186     1.3396e-06
187    4.11282e-06
188    4.37281e-06
189    4.92409e-06
190    3.12957e-06
191    5.26915e-06
192    1.99256e-06
193    1.93686e-06
194    3.99922e-06
195    1.35224e-06
196    2.64955e-06
197    4.21184e-06
198    3.41096e-06
199    3.26255e-06
200     2.1329e-06
201    2.27841e-06
202    4.35522e-06
203    5.46882e-06
204     3.1615e-06
205    4.12897e-06
206     4.0737e-06
207    6.57022e-06
208    2.67068e-06
209    4.56149e-06
210    2.80037e-06
211    2.62239e-06
212    4.09678e-06
213    4.21871e-06
214    5.51978e-06
215    3.97736e-06
216    3.65935e-06
217    1.62974e-06
218    4.27952e-06
219    6.06067e-06
220    3.34051e-06
221     5.1396e-06
222       2.65e-06
223    3.73588e-06
224    5.66869e-06
225    2.97835e-06
226    3.43891e-06
227    2.97179e-06
228    2.91095e-06
229    2.90023e-06
230    3.05056e-06
231     2.0875e-06
232    7.35823e-08
233     3.4756e-06
234    2.10637e-06
235     1.9575e-06
236    4.19849e-06
237   -3.01946e-07
238    3.17114e-06
239    3.57696e-06
240    2.51197e-06
241    1.82313e-06
242    1.84809e-06
243    2.52095e-06
244    2.76758e-06
245    3.65267e-06
246    3.39581e-06
247    1.72794e-06
248     1.8773e-06
249     2.8153e-06
250    3.82356e-06
251    1.44836e-06
252    1.65886e-06
253    1.89813e-06
254    7.91883e-07
255    1.12633e-06
256    1.18005e-06
257    3.71645e-07
258    1.96654e-06
259    1.45453e-06
260    4.74896e-07
261     2.7216e-06
262   -1.06217e-07
263    7.43683e-07
264   -6.32967e-08
265    1.24269e-06
266    1.49131e-06
267    1.50776e-06
268    2.09118e-06
269   -1.59328e-07
270    1.53351e-06
271   -1.33203e-06
272      -4.56e-07
273    1.29473e-07
274     1.5275e-06
275    7.93342e-07
276    1.10443e-06
277    2.52267e-06
278    7.30322e-07
279    2.00522e-06
280    1.59438e-06
281   -4.51767e-07
282    7.01953e-07
283    6.54087e-07
284    7.18639e-07
285      7.355e-07
286    6.19253e-07
287    9.35927e-07
288    7.87445e-07
289    2.67868e-07
290    1.83029e-07
291    1.01529e-06
292    9.65951e-07
293    1.26398e-06
294    6.47254e-07
295    6.94924e-07
296     9.6991e-07
297    9.52595e-08
298    7.18733e-07
299    7.72139e-07
300    4.00414e-08
301    7.85814e-08
302    4.09282e-07
303   -2.68747e-07
304    4.70334e-07
305    1.02033e-07
306    3.84859e-07
307     8.2356e-07
308    7.81568e-07
309    1.17934e-06
310    5.00044e-07
311   -2.07366e-07
312     6.7474e-07
313    7.64697e-07
314    5.31421e-07
315    1.08042e-06
316    7.58575e-07
317    1.02948e-06
318    1.07701e-06
319   -3.44333e-07
320     1.9159e-06
321    1.32733e-06
322    3.88046e-07
323    9.02103e-07
324    2.06506e-07
325    1.14854e-06
326    1.90237e-06
327    1.53233e-06
328    1.06596e-06
329   -5.55475e-08
330    5.97345e-07
331   -5.33225e-07
332    1.30811e-06
333     4.9251e-07
334    2.78572e-07
335     1.5658e-06
336    6.68647e-07
337    9.35482e-07
338    8.43291e-07
339    4.83086e-07
340    8.73471e-07
341    3.78846e-07
342    4.69566e-07
343    6.49053e-07
344    7.69142e-07
345    1.24303e-06
346    2.07053e-06
347    6.28311e-07
348    1.96018e-06
349    1.51172e-06
350    1.55426e-07
351    1.08192e-06
352    5.77147e-07
353    3.66492e-07
354    1.01774e-06
355    1.79168e-07
356     1.1887e-06
357    1.21598e-06
358    1.31633e-06
359    1.12796e-06
360    2.02147e-07
361    6.85465e-07
362    5.16079e-07
363    2.01303e-06
364    9.54903e-07
365    5.20546e-07
366    7.44194e-07
367     5.1367e-07
368     7.0367e-07
369    1.23938e-06
370    7.01818e-07
371    2.28344e-08
372    4.97469e-07
373    2.75935e-07
374    1.06464e-06
375    1.50635e-06
376    2.37441e-07
377    1.27965e-06
378    1.79686e-06
379    1.49989e-06
380    8.87043e-07
381    1.12052e-06
382    2.08199e-07
383    2.17216e-07
384    1.60562e-06
385    8.13806e-07
386    8.64599e-07
387    4.90181e-07
388    1.34126e-06
389    3.31546e-07
390    9.29898e-07
391     9.3651e-07
392    9.50646e-07
393   -2.02973e-07
394    1.83461e-07
395   -4.44361e-07
396    2.87255e-07
397    5.26369e-07
398    7.78722e-07
399     2.1776e-07
400    5.59832e-07
401   -2.25435e-07
402   -2.48992e-07
403    1.11517e-06
404    1.76244e-07
405    5.70709e-07
406    1.12237e-06
407    1.06293e-06
408    1.50653e-06
409    7.31762e-07
410    4.68989e-07
411    3.73677e-07
412      4.766e-07
413    1.04017e-06
414    5.28261e-07
415    1.05076e-06
416    4.60441e-07
417   -2.40296e-07
418    7.53412e-09
419    -2.4298e-07
420    1.85918e-07
421    4.89835e-07
422    5.06197e-07
423    4.64782e-07
424    4.28157e-07
425    8.85256e-07
426     7.5936e-07
427    7.97612e-08
428    7.30412e-08
429    1.08907e-06
430    7.24856e-07
431    1.58615e-06
432    4.57093e-07
433    9.32644e-07
434    9.64841e-07
435    6.11504e-07
436    1.37034e-06
437    5.78608e-07
438    -4.7863e-08
439    5.58633e-07
440   -2.63043e-07
441   -1.41544e-07
442   -2.78606e-07
443    4.20804e-07
444    1.01388e-07
445    7.27017e-07
446    3.92897e-07
447   -4.38741e-07
448   -1.89745e-07
449   -3.36573e-07
450    4.12687e-07
451    3.41369e-07
452   -3.93043e-07
453    5.65896e-07
454    5.38621e-07
455    1.31219e-06
456    1.19224e-06
457    5.96811e-07
458    5.50393e-07
459    6.19936e-07
460    5.06389e-07
461    4.72046e-07
462   -2.82099e-08
463    3.03648e-07
464    6.04059e-07
465    4.93288e-07
466    7.20129e-07
467   -4.51812e-07
468    7.09538e-07
469    1.34193e-07
470    7.19185e-07
471    -2.1148e-07
472   -2.83121e-08
473    -2.7792e-08
474      7.962e-08
475    1.99097e-07
476    5.17944e-07
477    2.15078e-07
478    4.66864e-07
479   -4.67861e-07
480     6.6083e-07
481    1.50936e-07
482    1.97191e-07
483   -6.37604e-07
484    3.47814e-07
485    2.60817e-08
486    3.92761e-08
487     1.2314e-07
488    4.10546e-07
489    6.50691e-07
490    5.32583e-07
491    8.23913e-07
492     1.0583e-06
493    5.40781e-07
494    2.58999e-07
495    6.46858e-07
496    4.90421e-07
497    6.01367e-07
498     5.1176e-07
499    7.97029e-08
500    2.75471e-07
501    6.58759e-07
502    2.22497e-07
503    1.52731e-07
504    9.83673e-07
505    3.07685e-07
506    1.14906e-06
507    6.18321e-07
508    8.11901e-07
509    1.77828e-06
510    6.06375e-07
511    3.99741e-08
512    4.36221e-07
