RMS:    Average: 
0.919652   0.0224742
0         27.607
1        1.20952
2       0.699371
3       0.413445
4      0.0518098
5      0.0361904
6      0.0200144
7      0.0165968
8      0.0163006
9     0.00662939
10     0.00449894
11     0.00272004
12     0.00548059
13     0.00239233
14     0.00503843
15     0.00283653
16     0.00238949
17     0.00271172
18     0.00255918
19      0.0029309
20     0.00220003
21     0.00174043
22     0.00205261
23     0.00124408
24    0.000815498
25    0.000961505
26     0.00127958
27     0.00119199
28     0.00105675
29      0.0008576
30     0.00106428
31    0.000722395
32    0.000942773
33    0.000636199
34     0.00104706
35    0.000686254
36    0.000975392
37    0.000792481
38     0.00101071
39    0.000938185
40    0.000817164
41    0.000812114
42    0.000886582
43     0.00070038
44    0.000776431
45    0.000627515
46    0.000540167
47    0.000595434
48    0.000497122
49    0.000493779
50    0.000605116
51    0.000452602
52    0.000509698
53    0.000494947
54    0.000494258
55    0.000527932
56    0.000491986
57    0.000447839
58    0.000389911
59    0.000411738
60    0.000382766
61      0.0003203
62    0.000247013
63    0.000251128
64    0.000274565
65    0.000294469
66    0.000322274
67    0.000255357
68    0.000293355
69    0.000299722
70    0.000292034
71    0.000297384
72    0.000239081
73    0.000255799
74     0.00022285
75    0.000228031
76    0.000180342
77    0.000193465
78    0.000160278
79     0.00016739
80    0.000168799
81    0.000168047
82    0.000193588
83    0.000138453
84    0.000166751
85    0.000142704
86    0.000128669
87    0.000126619
88    0.000132721
89     0.00014002
90    0.000157372
91      0.0001531
92    0.000162975
93    0.000151117
94    0.000155773
95    0.000113885
96    0.000124676
97    9.92264e-05
98    9.39188e-05
99    0.000101555
100     8.8536e-05
101    7.66754e-05
102    0.000102105
103     8.6374e-05
104    0.000106852
105    9.10755e-05
106    9.07032e-05
107    7.88335e-05
108    9.53036e-05
109    8.41409e-05
110    7.31585e-05
111    6.78624e-05
112    8.43356e-05
113     6.3775e-05
114    7.82986e-05
115    6.60532e-05
116     6.4228e-05
117    7.69707e-05
118    7.08184e-05
119     5.9941e-05
120    7.73601e-05
121    5.74873e-05
122    7.27181e-05
123    6.19955e-05
124    7.55565e-05
125    5.96765e-05
126    5.90822e-05
127    6.01899e-05
128    5.55851e-05
129    6.46735e-05
130    6.63092e-05
131    5.85624e-05
132    6.40178e-05
133    4.76484e-05
134    5.71941e-05
135    4.97023e-05
136    5.89215e-05
137    5.02779e-05
138    5.83568e-05
139    4.98105e-05
140    5.49368e-05
141    5.45347e-05
142    4.18205e-05
143    4.57009e-05
144    4.51918e-05
145    5.36349e-05
146    4.39439e-05
147    5.26288e-05
148    4.50108e-05
149    4.21717e-05
150    4.47583e-05
151    4.37723e-05
152    4.59869e-05
153    4.02228e-05
154    4.09316e-05
155    3.92448e-05
156    4.04161e-05
157    3.73638e-05
158    3.91112e-05
159    3.48764e-05
160    4.33262e-05
161    3.42566e-05
162    3.73288e-05
163    4.14487e-05
164    4.44196e-05
165      3.056e-05
166    3.54163e-05
167     3.4529e-05
168    3.40395e-05
169     3.3942e-05
170    3.52759e-05
171     3.2844e-05
172    3.45331e-05
173    3.69064e-05
174    3.09108e-05
175    3.70652e-05
176    3.69207e-05
177     3.6208e-05
178    3.70863e-05
179    3.22451e-05
180    4.24954e-05
181    3.95409e-05
182    3.86851e-05
183    3.92985e-05
184    3.89816e-05
185    3.38479e-05
186    3.93883e-05
187    3.49236e-05
188    3.60615e-05
189    3.41038e-05
190    3.40827e-05
191    3.50807e-05
192    3.73992e-05
193    3.14509e-05
194    3.69583e-05
195    3.75512e-05
196    3.50247e-05
197    3.31732e-05
198    3.21485e-05
199    3.53434e-05
200    3.09129e-05
201    3.43532e-05
202     3.5406e-05
203    3.40124e-05
204    3.21129e-05
205    3.42041e-05
206    3.82339e-05
207    3.89187e-05
208    3.40821e-05
209    3.50487e-05
210    3.18689e-05
211     2.9039e-05
212    2.76603e-05
213    2.96848e-05
214    3.42708e-05
215    3.09058e-05
216    3.30712e-05
217    2.87613e-05
218    3.23433e-05
219    3.35754e-05
220    2.96063e-05
221    2.69252e-05
222    2.91392e-05
223    2.83467e-05
224    2.99371e-05
225    3.05513e-05
226    3.37475e-05
227    2.85843e-05
228    2.80729e-05
229    2.79452e-05
230    2.79334e-05
231    2.56843e-05
232    2.65556e-05
233    2.70902e-05
234    2.81243e-05
235     2.9936e-05
236    2.74701e-05
237    2.37995e-05
238      2.483e-05
239    2.66817e-05
240    2.66673e-05
241    2.32933e-05
242    2.58318e-05
243     2.4729e-05
244    2.64162e-05
245    2.27912e-05
246    2.19741e-05
247    2.34946e-05
248     2.4628e-05
249    2.70869e-05
250    2.58994e-05
251    2.34359e-05
252    2.65462e-05
253     2.6025e-05
254    2.25364e-05
255    2.15742e-05
256     2.4069e-05
257    2.14821e-05
258    2.44111e-05
259    2.31847e-05
260    2.18163e-05
261     2.0739e-05
262    2.30193e-05
263    2.08016e-05
264    2.02619e-05
265    2.22258e-05
266    1.87607e-05
267    1.96567e-05
268    2.07472e-05
269    1.97268e-05
270    2.01883e-05
271    2.06671e-05
272    2.24363e-05
273    2.07058e-05
274    2.21379e-05
275    1.92585e-05
276      1.918e-05
277    2.03376e-05
278    2.06347e-05
279    1.91503e-05
280    1.94026e-05
281    1.99134e-05
282    1.99218e-05
283    1.94716e-05
284    1.75936e-05
285    1.96922e-05
286      1.784e-05
287    2.13704e-05
288    2.16756e-05
289    2.00396e-05
290    1.99699e-05
291    1.76155e-05
292    2.00747e-05
293    1.78191e-05
294    1.77701e-05
295    1.94096e-05
296    2.07858e-05
297    1.93846e-05
298    1.85776e-05
299    1.81686e-05
300    1.79293e-05
301    2.03193e-05
302     1.9259e-05
303    1.71917e-05
304    1.89967e-05
305    1.71406e-05
306    1.99673e-05
307    1.74943e-05
308    1.82743e-05
309    1.89238e-05
310    1.85763e-05
311    1.82518e-05
312    1.87196e-05
313    1.98842e-05
314    2.10459e-05
315    1.86588e-05
316    2.03606e-05
317     1.9961e-05
318    1.76759e-05
319     1.7462e-05
320    1.79682e-05
321    1.83229e-05
322    1.84057e-05
323    1.79887e-05
324    1.84507e-05
325    1.77584e-05
326    1.84633e-05
327    1.87221e-05
328    1.69888e-05
329     1.8161e-05
330    1.86528e-05
331    1.65084e-05
332    1.85905e-05
333    1.85178e-05
334     1.9112e-05
335    1.62576e-05
336    1.74087e-05
337    1.72788e-05
338    1.86138e-05
339    1.61516e-05
340    1.68437e-05
341    1.68107e-05
342    1.56749e-05
343     1.8053e-05
344    1.69311e-05
345    1.64098e-05
346    1.77954e-05
347    1.66184e-05
348    1.81069e-05
349    1.79846e-05
350    1.70085e-05
351     1.6521e-05
352    1.63847e-05
353    1.69668e-05
354    1.65927e-05
355    1.67466e-05
356    1.70314e-05
357    1.59707e-05
358    1.68762e-05
359    1.70371e-05
360    1.65551e-05
361    1.52112e-05
362    1.64434e-05
363     1.5479e-05
364    1.54236e-05
365    1.49537e-05
366    1.53187e-05
367    1.37871e-05
368    1.59907e-05
369    1.54527e-05
370    1.64841e-05
371    1.72715e-05
372    1.57029e-05
373    1.50886e-05
374    1.53564e-05
375    1.55504e-05
376    1.55947e-05
377    1.51116e-05
378    1.58297e-05
379    1.58593e-05
380    1.61219e-05
381    1.51424e-05
382    1.50613e-05
383    1.50152e-05
384    1.57516e-05
385    1.60262e-05
386     1.5968e-05
387    1.63724e-05
388    1.59406e-05
389     1.5982e-05
390    1.60065e-05
391    1.63804e-05
392    1.54988e-05
393    1.51558e-05
394    1.59779e-05
395    1.46413e-05
396    1.54342e-05
397    1.42178e-05
398    1.48803e-05
399    1.36787e-05
400    1.36195e-05
401    1.36699e-05
402    1.50448e-05
403    1.44892e-05
404    1.51484e-05
405    1.42527e-05
406    1.44846e-05
407    1.39897e-05
408    1.45548e-05
409    1.45995e-05
410    1.46914e-05
411    1.39206e-05
412    1.28233e-05
413    1.33926e-05
414    1.35106e-05
415    1.32413e-05
416     1.4494e-05
417     1.4215e-05
418    1.34522e-05
419     1.3708e-05
420    1.26497e-05
421    1.18036e-05
422    1.27896e-05
423    1.29423e-05
424     1.3467e-05
425    1.34209e-05
426    1.34779e-05
427    1.32402e-05
428     1.3894e-05
429    1.42856e-05
430    1.36883e-05
431    1.31451e-05
432    1.35443e-05
433    1.28682e-05
434    1.27382e-05
435    1.39393e-05
436    1.46952e-05
437    1.35373e-05
438    1.40086e-05
439    1.34081e-05
440    1.21561e-05
441    1.29418e-05
442    1.25697e-05
443    1.39251e-05
444    1.21861e-05
445    1.14632e-05
446    1.29986e-05
447    1.28151e-05
448    1.29827e-05
449    1.24493e-05
450    1.29569e-05
451    1.20156e-05
452    1.25906e-05
453    1.25746e-05
454    1.29306e-05
455    1.27175e-05
456    1.22907e-05
457    1.31829e-05
458    1.36878e-05
459    1.31874e-05
460    1.32294e-05
461    1.24548e-05
462    1.26204e-05
463    1.23753e-05
464    1.29868e-05
465    1.27093e-05
466    1.34087e-05
467    1.31208e-05
468    1.21736e-05
469    1.22089e-05
470    1.27922e-05
471    1.28249e-05
472    1.17839e-05
473     1.3614e-05
474    1.25181e-05
475    1.21701e-05
476    1.24764e-05
477    1.24633e-05
478    1.22776e-05
479    1.16578e-05
480    1.24975e-05
481    1.28559e-05
482    1.26289e-05
483    1.18547e-05
484    1.19397e-05
485    1.13425e-05
486    1.30412e-05
487    1.22764e-05
488    1.22201e-05
489    1.24081e-05
490    1.24421e-05
491    1.27061e-05
492    1.34884e-05
493    1.30569e-05
494     1.2424e-05
495    1.24419e-05
496    1.30253e-05
497    1.23665e-05
498    1.18822e-05
499    1.24244e-05
500    1.19471e-05
501    1.10144e-05
502    1.31363e-05
503    1.15555e-05
504    1.11023e-05
505    1.18551e-05
506    1.14302e-05
507    1.13683e-05
508    1.16651e-05
509    1.12758e-05
510     1.0923e-05
511    1.15836e-05
512    1.18049e-05
