0        27.7404
1        1.19379
2       0.678087
3       0.411992
4      0.0461466
5      0.0364868
6      0.0177058
7      0.0132641
8      0.0133652
9     0.00677457
10     0.00350694
11      0.0021363
12      0.0043097
13     0.00238424
14     0.00359645
15      0.0024874
16     0.00190179
17     0.00217063
18     0.00222899
19      0.0023692
20     0.00190822
21     0.00147819
22      0.0014908
23    0.000900806
24    0.000609738
25    0.000600885
26     0.00107723
27    0.000871738
28    0.000772981
29    0.000677261
30    0.000887992
31    0.000504694
32    0.000805666
33    0.000478579
34    0.000809142
35    0.000413588
36    0.000678768
37    0.000631806
38    0.000827897
39    0.000862941
40    0.000723796
41    0.000616651
42    0.000644384
43    0.000519809
44    0.000579253
45    0.000519972
46    0.000507536
47    0.000455589
48    0.000404888
49     0.00036291
50    0.000454241
51    0.000356271
52    0.000452702
53    0.000433603
54    0.000383704
55     0.00039447
56    0.000378786
57    0.000332374
58    0.000308524
59    0.000315373
60    0.000279303
61    0.000231927
62    0.000164838
63    0.000217209
64    0.000196352
65    0.000182705
66    0.000236373
67    0.000155517
68    0.000236911
69     0.00020889
70    0.000218396
71    0.000206835
72    0.000175696
73    0.000185913
74    0.000173435
75    0.000171134
76    0.000145301
77    0.000141289
78     0.00012879
79    0.000110924
80    0.000110551
81    0.000105341
82    0.000128459
83    0.000105673
84    0.000106628
85     8.3027e-05
86    7.48023e-05
87    6.81101e-05
88    7.92794e-05
89     8.5271e-05
90      0.0001069
91    8.91071e-05
92    9.98793e-05
93    8.81386e-05
94    9.60836e-05
95    6.83605e-05
96    7.64783e-05
97    5.96209e-05
98    6.08152e-05
99    5.20071e-05
100    4.57409e-05
101    3.81549e-05
102    5.66778e-05
103    4.65014e-05
104    5.20037e-05
105    4.74989e-05
106    3.88399e-05
107      3.149e-05
108    4.11873e-05
109    3.40684e-05
110    4.01812e-05
111    3.36565e-05
112    4.24242e-05
113    3.10604e-05
114     3.3063e-05
115    2.94326e-05
116    2.45299e-05
117    2.93344e-05
118    2.42004e-05
119    2.13429e-05
120    2.36338e-05
121    2.44446e-05
122    2.22325e-05
123    1.94106e-05
124    2.99922e-05
125    2.21862e-05
126     1.8627e-05
127    1.80534e-05
128    1.53996e-05
129    1.99829e-05
130    1.81944e-05
131    2.27384e-05
132    1.53513e-05
133     1.6382e-05
134    1.94384e-05
135    1.93838e-05
136    1.66972e-05
137    1.28449e-05
138    1.91672e-05
139    1.44926e-05
140    1.53598e-05
141    1.79582e-05
142    1.21514e-05
143    1.85065e-05
144    1.63414e-05
145    1.95828e-05
146    1.57968e-05
147     1.5856e-05
148    1.35051e-05
149    1.12518e-05
150    9.99473e-06
151    1.01223e-05
152    1.16162e-05
153     8.3669e-06
154    1.03496e-05
155     1.0349e-05
156    1.31637e-05
157    9.40416e-06
158    1.13076e-05
159    1.04575e-05
160    1.21611e-05
161     1.0968e-05
162    1.04059e-05
163    1.33424e-05
164    1.54462e-05
165    9.46962e-06
166     9.0114e-06
167    8.75738e-06
168    1.22343e-05
169    9.64369e-06
170    1.07216e-05
171    8.96601e-06
172    2.90485e-06
173    8.24691e-06
174    8.17439e-06
175    1.03729e-05
176    1.02493e-05
177    9.65336e-06
178     9.4613e-06
179    7.52156e-06
180    1.47909e-05
181    1.18706e-05
182     1.1864e-05
183    1.03178e-05
184    1.14642e-05
185     1.0056e-05
186    1.25206e-05
187    1.07026e-05
188    1.29422e-05
189    1.03047e-05
190    8.49855e-06
191    1.12849e-05
192    7.97151e-06
193    8.50969e-06
194    8.88616e-06
195    8.10016e-06
196    1.11687e-05
197    7.38365e-06
198    8.65703e-06
199    1.07834e-05
200    1.02538e-05
201    1.21712e-05
202    1.06476e-05
203    1.05958e-05
204    1.03436e-05
205    9.89305e-06
206    1.18313e-05
207    1.15873e-05
208    1.09335e-05
209    1.20644e-05
210    1.07145e-05
211    9.05325e-06
212      1.031e-05
213    1.02629e-05
214    1.06661e-05
215    9.27521e-06
216    1.00371e-05
217    8.71617e-06
218    1.29493e-05
219    1.00803e-05
220    1.04205e-05
221    9.12645e-06
222    8.86043e-06
223     1.0094e-05
224    7.73887e-06
225    6.50493e-06
226    8.72702e-06
227    6.17668e-06
228    7.52213e-06
229     5.1586e-06
230    8.72752e-06
231    5.58934e-06
232    6.60258e-06
233    6.16704e-06
234    6.89764e-06
235    7.44588e-06
236    6.86675e-06
237    4.05552e-06
238    7.13247e-06
239    6.89834e-06
240    8.49147e-06
241    5.97675e-06
242    6.38684e-06
243    6.67767e-06
244    8.96748e-06
245    6.98529e-06
246    4.95567e-06
247    3.53693e-06
248    8.04926e-06
249    4.43477e-06
250    6.01047e-06
251    4.66392e-06
252    5.30714e-06
253    4.09532e-06
254    5.29254e-06
255    4.56701e-06
256    5.50628e-06
257     5.6995e-06
258    6.31944e-06
259    5.72012e-06
260    4.78835e-06
261    3.79435e-06
262    4.68532e-06
263    2.39491e-06
264    4.31304e-06
265    3.49975e-06
266    3.56198e-06
267    2.86315e-06
268    3.79741e-06
269    2.91509e-06
270    2.57596e-06
271    2.42598e-06
272     2.8118e-06
273    2.14025e-06
274    3.02169e-06
275    1.89913e-06
276    2.39011e-06
277    1.71055e-06
278    3.76195e-06
279    2.06349e-06
280    3.50809e-06
281     2.6073e-06
282    3.61832e-06
283    4.04863e-06
284    4.39311e-06
285     2.8071e-06
286    3.16365e-06
287    2.47685e-06
288    1.86888e-06
289    2.86423e-06
290    2.65419e-06
291      2.446e-06
292    2.84861e-06
293    3.34605e-06
294    2.26975e-06
295    3.81002e-06
296    3.55761e-06
297    1.87229e-06
298    2.19233e-06
299    2.02349e-06
300    2.76276e-06
301      3.153e-06
302    2.33936e-06
303    2.42555e-06
304     3.5511e-06
305    3.00423e-06
306    2.82085e-06
307    2.24491e-06
308    3.16823e-06
309    3.00931e-06
310    3.17058e-06
311     3.0472e-06
312    3.99033e-06
313    3.02994e-06
314    4.53876e-06
315    2.40168e-06
316    4.36769e-06
317    5.04846e-06
318    3.50436e-06
319    2.64143e-06
320    3.30987e-06
321    3.89593e-06
322    2.27984e-06
323    2.13194e-06
324    1.87234e-06
325    1.88961e-06
326    3.19228e-06
327    3.25039e-06
328      3.012e-06
329    4.53967e-06
330    4.53087e-06
331    3.47618e-06
332    3.64248e-06
333    3.00153e-06
334    3.20344e-06
335    3.11229e-06
336    3.48459e-06
337    3.08561e-06
338     4.7974e-06
339    2.38735e-06
340    3.63973e-06
341    2.84629e-06
342    2.68938e-06
343    3.01068e-06
344    3.40814e-06
345     3.4117e-06
346    4.16095e-06
347    2.64236e-06
348     3.1271e-06
349    2.72796e-06
350    4.04223e-06
351    3.69966e-06
352    3.17369e-06
353    3.06389e-06
354    2.41736e-06
355    2.65761e-06
356    2.49495e-06
357    2.12202e-06
358    2.17518e-06
359     2.6554e-06
360    2.60586e-06
361    2.04865e-06
362     1.9155e-06
363    2.91079e-06
364    2.48352e-06
365    2.61746e-06
366    3.34889e-06
367    3.25172e-06
368    2.37891e-06
369    3.61714e-06
370    2.55142e-06
371    2.85672e-06
372    2.56774e-06
373     2.7121e-06
374    2.90287e-06
375    2.31135e-06
376    3.54312e-06
377     2.9957e-06
378    2.87639e-06
379    3.08471e-06
380     2.4402e-06
381    1.98071e-06
382    2.05312e-06
383    1.25704e-06
384    3.24914e-06
385    3.08507e-06
386    3.05308e-06
387    3.22417e-06
388    2.92129e-06
389    2.78954e-06
390     2.7744e-06
391    2.72292e-06
392    2.57229e-06
393    3.02349e-06
394    2.54342e-06
395    3.13811e-06
396    2.55011e-06
397    2.25641e-06
398     2.3637e-06
399    1.53612e-06
400    2.27129e-06
401    1.14515e-06
402    2.75572e-06
403    2.16342e-06
404    2.46366e-06
405    2.88603e-06
406    2.47451e-06
407    1.79802e-06
408    1.68934e-06
409    3.11957e-06
410    1.90074e-06
411    1.26741e-06
412    2.00434e-06
413     2.2422e-06
414    2.34144e-06
415    1.63436e-06
416    3.05542e-06
417    2.92109e-06
418    1.95364e-06
419    2.39335e-06
420    2.02943e-06
421    1.22678e-06
422    1.82246e-06
423    1.01845e-06
424    1.37577e-06
425     1.9713e-06
426    1.02597e-06
427    1.03981e-06
428    1.67978e-06
429    7.11018e-07
430    2.02412e-06
431    1.27632e-06
432    1.27535e-06
433    1.03532e-06
434     9.0389e-07
435    1.51149e-06
436    2.54864e-06
437    1.83617e-06
438    1.91839e-06
439    1.73112e-06
440    1.26892e-06
441    1.98713e-06
442    1.98499e-06
443    1.71249e-06
444    9.62804e-07
445    1.55359e-06
446    1.17724e-06
447    1.56984e-06
448    1.74379e-06
449    1.32887e-06
450    1.56616e-06
451    1.26729e-06
452    1.51728e-06
453    1.11593e-06
454    7.56968e-07
455    1.43011e-06
456    1.34085e-06
457    1.09017e-06
458    1.26965e-06
459    1.90915e-06
460    1.04393e-06
461    1.84842e-06
462    9.03055e-07
463    1.51912e-06
464    1.15643e-06
465    1.73574e-06
466    1.49579e-06
467    1.76938e-06
468    1.73422e-06
469    1.93067e-06
470    2.35357e-06
471    1.65996e-06
472     2.0637e-06
473    1.72314e-06
474    2.19173e-06
475    1.33511e-06
476    1.35497e-06
477    2.09309e-06
478    1.79471e-06
479    2.13093e-06
480    1.98826e-06
481    2.67789e-06
482    2.25768e-06
483    1.58707e-06
484    1.29936e-06
485    1.49503e-06
486    2.20554e-06
487     1.7343e-06
488    1.82914e-06
489    1.42441e-06
490    1.73267e-06
491    1.55207e-06
492    1.60118e-06
493    1.90289e-06
494    1.93296e-06
495    2.03962e-06
496    1.74417e-06
497     2.0354e-06
498    1.49403e-06
499    2.01206e-06
500    1.56981e-06
501    1.28539e-06
502    2.19232e-06
503    1.34495e-06
504    1.27407e-06
505    2.26563e-06
506    1.79987e-06
507    1.27456e-06
508    2.30634e-06
509    1.69546e-06
510    1.97086e-06
511    1.01701e-06
512    9.75202e-07
