0        28.1749
1        1.13745
2       0.646993
3       0.396146
4      0.0424105
5      0.0346478
6      0.0166961
7      0.0126259
8      0.0132508
9        0.00595
10     0.00318676
11     0.00179669
12      0.0046119
13     0.00247068
14     0.00356497
15     0.00261423
16      0.0016936
17     0.00202164
18     0.00212537
19     0.00228743
20     0.00169279
21     0.00132379
22     0.00134241
23    0.000898752
24    0.000645117
25    0.000547128
26     0.00105674
27    0.000835511
28    0.000768343
29    0.000626439
30    0.000813715
31    0.000466247
32    0.000775804
33    0.000454961
34    0.000704326
35     0.00039754
36    0.000599786
37    0.000624843
38    0.000805746
39    0.000876085
40    0.000658256
41    0.000623654
42    0.000658359
43    0.000460838
44    0.000548159
45    0.000480011
46    0.000497321
47    0.000446865
48    0.000397387
49    0.000385495
50    0.000431899
51    0.000340536
52    0.000415535
53     0.00043513
54    0.000344964
55    0.000344048
56    0.000346484
57     0.00031542
58    0.000301701
59    0.000274775
60    0.000259472
61    0.000208433
62     0.00016024
63    0.000188186
64    0.000165812
65    0.000184114
66     0.00022026
67    0.000150802
68    0.000225017
69    0.000206804
70    0.000227859
71    0.000201606
72       0.000179
73    0.000175218
74    0.000168749
75    0.000170338
76     0.00013523
77    0.000141385
78    0.000129933
79    0.000101045
80    9.78389e-05
81    9.34741e-05
82    0.000117783
83    9.47617e-05
84    8.65862e-05
85    8.18666e-05
86    7.19446e-05
87    6.91566e-05
88    8.24474e-05
89    8.43515e-05
90    0.000113669
91    7.95386e-05
92    9.40255e-05
93    8.44526e-05
94    9.10275e-05
95    5.93915e-05
96    7.27281e-05
97    6.07493e-05
98    4.93233e-05
99    5.02189e-05
100    4.00091e-05
101     3.7009e-05
102    3.84217e-05
103    3.18208e-05
104    4.65902e-05
105    3.16821e-05
106    3.61708e-05
107    2.71929e-05
108    4.23645e-05
109    2.71401e-05
110    3.18058e-05
111    2.54363e-05
112    2.93223e-05
113    2.45014e-05
114    2.48605e-05
115      2.053e-05
116    1.94159e-05
117    1.75454e-05
118    2.01212e-05
119    1.75582e-05
120    1.91471e-05
121    2.10578e-05
122    1.82785e-05
123    1.65916e-05
124    2.49144e-05
125    1.65523e-05
126    1.47594e-05
127    1.24623e-05
128    1.05971e-05
129    1.25832e-05
130    1.44845e-05
131    1.70257e-05
132    1.55323e-05
133    1.51108e-05
134    1.62332e-05
135    1.36715e-05
136     1.3451e-05
137    1.08345e-05
138    1.34363e-05
139    8.32629e-06
140    1.29733e-05
141    1.38303e-05
142    1.22219e-05
143    1.20318e-05
144    9.08863e-06
145    1.30819e-05
146     1.5004e-05
147    1.31504e-05
148    1.41094e-05
149    6.19298e-06
150     1.0864e-05
151    7.47866e-06
152    7.08939e-06
153    2.63927e-06
154    6.45679e-06
155    5.22266e-06
156    8.26703e-06
157    9.17213e-06
158    6.87922e-06
159    1.06402e-05
160    7.43591e-06
161    6.45976e-06
162    6.82916e-06
163    6.56365e-06
164    9.29956e-06
165    6.08091e-06
166    4.73635e-06
167    6.38668e-06
168    8.19527e-06
169    5.87069e-06
170    6.62936e-06
171    5.68034e-06
172    2.41082e-06
173    8.71593e-06
174     5.8922e-06
175    7.90903e-06
176    8.34175e-06
177      6.066e-06
178    6.92941e-06
179    2.74027e-06
180    7.77926e-06
181    9.85589e-06
182    9.33748e-06
183    9.28989e-06
184    8.68198e-06
185    9.13589e-06
186    9.10554e-06
187    1.05696e-05
188    1.04309e-05
189    8.82651e-06
190    7.90627e-06
191     4.8439e-06
192    4.91015e-06
193    5.68829e-06
194    7.74323e-06
195    7.24659e-06
196     9.3402e-06
197    5.90791e-06
198    6.33624e-06
199    7.72541e-06
200    8.47149e-06
201    9.68811e-06
202    1.04914e-05
203    1.02185e-05
204    6.93464e-06
205    9.46572e-06
206    1.17861e-05
207    9.14607e-06
208    8.44301e-06
209    9.56194e-06
210    9.16715e-06
211     5.5655e-06
212    6.30562e-06
213    7.34665e-06
214     7.8519e-06
215    5.76193e-06
216    7.36307e-06
217    6.34109e-06
218    8.10497e-06
219    6.31925e-06
220    5.49475e-06
221    6.44277e-06
222     5.6998e-06
223     9.0464e-06
224    7.82638e-06
225    4.94856e-06
226    6.01636e-06
227    5.65459e-06
228    4.93851e-06
229    2.37676e-06
230     6.6391e-06
231    4.83717e-06
232    4.85055e-06
233    5.28601e-06
234     4.1834e-06
235    5.25774e-06
236    5.47879e-06
237    4.26052e-06
238    7.10515e-06
239    5.05816e-06
240    5.42043e-06
241    4.41504e-06
242     5.3816e-06
243    5.32805e-06
244    6.71589e-06
245    5.75957e-06
246    5.70707e-06
247    2.44514e-06
248    5.58908e-06
249    3.89924e-06
250     3.8572e-06
251    9.49878e-07
252    2.87919e-06
253    2.54523e-06
254    3.97256e-06
255    2.35315e-06
256    2.79661e-06
257    3.24834e-06
258    3.16362e-06
259    3.75629e-06
260    4.41234e-06
261    1.99682e-06
262     3.6173e-06
263    1.73176e-06
264    2.44603e-06
265    1.10382e-06
266    6.98976e-07
267    8.12143e-07
268    2.61889e-06
269    6.83366e-07
270    2.38567e-06
271    1.17575e-06
272    5.84808e-07
273    1.50347e-07
274    1.84263e-06
275    4.26033e-07
276    1.53219e-06
277    9.21354e-07
278    2.35791e-06
279    1.27626e-06
280    2.09091e-06
281    2.03379e-06
282    1.84227e-06
283    2.40543e-06
284    1.26126e-06
285    1.37786e-06
286    1.58373e-06
287    2.65718e-07
288    4.34255e-07
289    2.50171e-06
290    1.57321e-06
291    1.38852e-06
292    1.80025e-06
293    1.73489e-06
294    1.80014e-06
295    3.79911e-06
296    2.60124e-06
297     2.2584e-06
298    2.31663e-06
299    2.84015e-06
300    3.33683e-06
301    2.01322e-06
302    1.71096e-06
303    4.39415e-07
304    1.44022e-06
305    1.14145e-06
306    1.31143e-06
307    2.00161e-06
308    2.17891e-06
309    2.65693e-06
310    2.05871e-06
311    1.38293e-06
312    2.82345e-06
313    3.15739e-07
314    2.87337e-07
315    8.74754e-07
316    1.07517e-06
317      2.228e-06
318    1.91493e-06
319    1.86624e-06
320    2.02923e-06
321    2.41284e-06
322    2.42851e-06
323    2.44342e-06
324    1.82628e-06
325    2.44739e-06
326    3.09712e-06
327    2.89788e-06
328    3.29884e-06
329    3.12501e-06
330    2.25203e-06
331    9.51819e-07
332    1.75867e-06
333    1.17474e-06
334    1.92869e-06
335    2.17125e-06
336    2.46144e-06
337    2.47753e-06
338    2.47875e-06
339    1.20134e-06
340    2.50433e-06
341    1.26926e-06
342    2.46645e-06
343    1.33767e-06
344    1.14372e-06
345    2.22104e-06
346    2.79671e-06
347    2.38138e-06
348    2.39174e-06
349    1.70402e-06
350    3.18766e-06
351    2.65659e-06
352    2.07489e-06
353    3.31172e-06
354    2.60358e-06
355    2.03263e-06
356    1.03523e-06
357    2.16256e-06
358    1.56782e-06
359    1.34988e-06
360    2.89888e-06
361    1.82618e-06
362    1.37788e-06
363       1.52e-06
364    2.76959e-07
365    6.16481e-07
366    2.36557e-06
367     2.2998e-06
368    1.04431e-06
369    1.59687e-06
370    1.20335e-06
371     2.8364e-06
372    1.64926e-06
373    1.72593e-06
374    9.36651e-07
375    1.42364e-06
376    1.44491e-06
377    5.76231e-07
378    1.70629e-06
379     1.1241e-06
380    1.76577e-06
381    8.20108e-07
382    1.15424e-06
383    7.62579e-07
384    3.08115e-06
385    1.41809e-06
386    2.01073e-06
387    1.68802e-06
388    1.41725e-06
389    1.71568e-06
390    1.16156e-06
391    6.59028e-07
392    1.27924e-06
393    1.10558e-06
394     1.2787e-06
395    9.22331e-07
396    1.24381e-06
397    7.09015e-07
398    5.06813e-07
399    6.82709e-07
400    1.22933e-06
401     1.0023e-06
402    1.68183e-06
403    1.38377e-06
404    9.98528e-07
405    1.51732e-06
406    1.33178e-06
407    1.38431e-06
408    1.21438e-06
409    1.20846e-06
410    7.80724e-07
411    5.01805e-07
412    5.40333e-07
413    1.19081e-07
414    1.52171e-06
415    5.28643e-07
416    3.84795e-07
417    1.08598e-06
418    6.47947e-07
419    9.42574e-07
420    8.60546e-07
421    4.29633e-07
422    9.89536e-07
423    1.27183e-06
424     1.7679e-06
425    1.35197e-06
426    2.32514e-07
427    1.16176e-06
428    1.35295e-06
429    1.02738e-06
430    1.01315e-06
431    9.10883e-07
432    4.60898e-07
433    6.02171e-07
434    6.64641e-07
435    8.51141e-07
436    1.71117e-06
437    1.51107e-06
438    1.08469e-06
439    1.03763e-06
440     7.7018e-07
441    1.43134e-06
442    5.22623e-07
443    4.75632e-07
444    2.09243e-07
445    5.26052e-07
446    4.70551e-07
447    7.93468e-07
448    1.27397e-06
449    2.52107e-07
450    8.26225e-07
451    6.52556e-07
452    4.59773e-07
453    9.00376e-07
454    7.82049e-07
455    4.05836e-07
456    1.11154e-06
457    8.89753e-07
458     6.9821e-07
459    9.48281e-07
460     6.0179e-08
461    9.70662e-07
462    7.95248e-07
463    1.76681e-06
464    1.25656e-06
465    4.40114e-07
466    7.67585e-07
467    1.12378e-06
468    1.14223e-06
469     1.1967e-06
470    8.19181e-07
471    9.50917e-07
472    7.98859e-07
473    1.13478e-06
474    7.90554e-07
475    3.77798e-07
476    6.98576e-07
477    1.37542e-06
478    8.48279e-07
479    9.28195e-07
480    9.91037e-07
481    1.74437e-06
482    1.30831e-06
483    5.56569e-07
484    8.58771e-07
485    2.98759e-07
486    1.24539e-06
487    9.83318e-07
488    1.52763e-06
489    6.41298e-07
490    1.38191e-06
491    7.55134e-07
492    1.26018e-06
493    1.44024e-06
494    1.32471e-06
495    1.19518e-06
496    9.37942e-07
497     7.4074e-07
498     6.1016e-07
499    1.07097e-06
500    1.26035e-06
501     9.3336e-07
502    1.02485e-06
503    1.00209e-06
504    8.95084e-07
505    1.75187e-06
506    5.86016e-07
507    4.90842e-07
508    8.14085e-07
509    6.76554e-07
510    1.64892e-06
511    3.10562e-07
512    8.34477e-07
