0        29.4184
1       0.993364
2       0.595519
3       0.358086
4      0.0407114
5        0.03268
6      0.0156819
7       0.011711
8      0.0120183
9     0.00526221
10     0.00302047
11     0.00173285
12     0.00418815
13     0.00211235
14      0.0032923
15     0.00249585
16     0.00156625
17     0.00174823
18     0.00175192
19     0.00201834
20     0.00151866
21     0.00118954
22     0.00110924
23    0.000737771
24    0.000608334
25    0.000482768
26    0.000944798
27    0.000809545
28    0.000771383
29    0.000605083
30    0.000766496
31    0.000448063
32    0.000695961
33    0.000436948
34    0.000658882
35     0.00040081
36    0.000577645
37    0.000515151
38    0.000689907
39    0.000723605
40    0.000560384
41    0.000561868
42    0.000594133
43     0.00040113
44    0.000515352
45    0.000425434
46    0.000461287
47    0.000432832
48    0.000356299
49    0.000334122
50    0.000356737
51    0.000317282
52    0.000351125
53    0.000408725
54    0.000315429
55    0.000330949
56    0.000331901
57    0.000270967
58     0.00027958
59    0.000254848
60    0.000218105
61    0.000200019
62    0.000151271
63     0.00015248
64    0.000163091
65    0.000162394
66    0.000195983
67    0.000134356
68    0.000196079
69    0.000184571
70    0.000188965
71    0.000190111
72    0.000161629
73    0.000150527
74    0.000142388
75    0.000158733
76    0.000109525
77    0.000132314
78     0.00010722
79    9.77248e-05
80    9.85241e-05
81    8.98664e-05
82    0.000107709
83    8.28544e-05
84    7.61044e-05
85    7.20404e-05
86    6.24891e-05
87    5.80683e-05
88    7.57196e-05
89    7.73216e-05
90    9.65655e-05
91    7.58428e-05
92    8.12375e-05
93    8.26702e-05
94    8.56463e-05
95    5.04422e-05
96    6.83876e-05
97     5.3867e-05
98    4.33948e-05
99     4.1232e-05
100    4.44427e-05
101    3.32412e-05
102    3.63452e-05
103    2.63309e-05
104     4.4087e-05
105    2.25838e-05
106    2.91131e-05
107    2.69782e-05
108    3.89183e-05
109    2.54883e-05
110    2.35185e-05
111    2.37884e-05
112    2.49381e-05
113    1.82966e-05
114    2.11674e-05
115     1.3669e-05
116    1.60779e-05
117    1.76798e-05
118    1.20469e-05
119    1.89944e-05
120    1.76742e-05
121    1.50215e-05
122    1.65207e-05
123    1.61763e-05
124    2.10562e-05
125    1.55148e-05
126    1.54577e-05
127    1.38703e-05
128    1.36118e-05
129    1.17464e-05
130    1.19089e-05
131    1.21399e-05
132    1.73017e-05
133     1.0959e-05
134    1.54542e-05
135    1.46159e-05
136    1.26178e-05
137    1.16029e-05
138    9.37363e-06
139    9.30948e-06
140    6.56241e-06
141    9.69673e-06
142    1.07335e-05
143    9.44832e-06
144    9.66785e-06
145    9.55072e-06
146    1.28286e-05
147    1.16895e-05
148    9.94676e-06
149    1.90285e-06
150     1.0026e-05
151    6.80334e-06
152    6.65013e-06
153    7.07213e-06
154    7.18863e-06
155    5.97522e-06
156    7.34172e-06
157    8.89652e-06
158     5.1151e-06
159    6.55321e-06
160    7.76731e-06
161    4.12159e-06
162    6.04675e-06
163      3.463e-06
164    9.08932e-06
165    3.06118e-06
166    4.00625e-06
167    6.25511e-06
168    5.52833e-06
169    2.37228e-06
170    5.67409e-06
171     5.3333e-06
172   -5.45227e-07
173    7.27421e-06
174    1.24979e-06
175     4.2514e-06
176    3.66766e-06
177    4.44929e-06
178    4.93189e-06
179    2.00221e-06
180    4.31511e-06
181    7.93354e-06
182    5.46901e-06
183    9.23292e-06
184    8.61378e-06
185    8.45349e-06
186    6.61717e-06
187    5.80063e-06
188    7.62412e-06
189    6.66242e-06
190    5.85794e-06
191    4.80167e-06
192    3.15625e-06
193    2.06623e-06
194    6.96049e-06
195    6.23615e-06
196    7.65969e-06
197    4.33458e-06
198    6.77476e-06
199    8.76455e-06
200    6.48802e-06
201     6.7973e-06
202    9.67293e-06
203    7.31043e-06
204    5.10092e-06
205    8.25218e-06
206    9.02239e-06
207    8.42469e-06
208    7.19745e-06
209    1.00369e-05
210    7.36194e-06
211    5.82478e-06
212     7.4395e-06
213      6.233e-06
214    8.81002e-06
215    6.06255e-06
216    7.27131e-06
217    5.38023e-06
218    7.24786e-06
219    7.73383e-06
220    5.36568e-06
221    5.86288e-06
222    5.40103e-06
223    6.25366e-06
224    6.75378e-06
225    5.73592e-06
226    5.21032e-06
227    6.85497e-06
228    7.04729e-06
229    3.70407e-06
230    6.47888e-06
231    5.53032e-06
232    5.27018e-06
233    3.75082e-06
234    5.75695e-06
235    5.69625e-06
236    4.54144e-06
237    2.72706e-06
238    5.34053e-06
239     4.3128e-06
240    3.68856e-06
241    3.23844e-06
242    3.09844e-06
243      4.404e-06
244    4.95565e-06
245    4.39842e-06
246    3.71676e-06
247    3.17154e-06
248    3.97778e-06
249    3.31038e-06
250    4.36978e-06
251    2.16849e-06
252    2.98038e-06
253    2.90639e-06
254    2.75824e-06
255    2.82249e-06
256    3.90871e-06
257     2.0541e-06
258    2.44457e-06
259    3.79088e-06
260    2.84086e-06
261    5.32358e-07
262     2.1638e-06
263    1.69292e-06
264     1.1286e-06
265    2.71173e-06
266     3.3038e-06
267     1.5354e-06
268    2.91195e-06
269    1.57551e-06
270    1.78974e-06
271    3.21523e-07
272    5.40878e-07
273    6.85452e-07
274    3.47917e-07
275    7.51795e-07
276    7.03513e-07
277    1.23802e-06
278    1.86123e-06
279     2.0652e-06
280    1.62033e-06
281    1.18888e-06
282     2.0072e-06
283     1.7909e-06
284    2.00039e-06
285     3.6931e-07
286    1.21174e-06
287    5.39003e-07
288     1.9658e-06
289    9.82591e-07
290    1.99219e-06
291    2.39312e-07
292     1.3118e-06
293    7.20459e-07
294    1.30381e-06
295    1.68719e-06
296    5.91944e-07
297    1.65029e-06
298    1.36696e-06
299    1.97694e-06
300    1.76629e-06
301    1.62822e-06
302    1.01154e-06
303    1.28406e-06
304    1.27142e-06
305    1.53641e-06
306    1.69424e-06
307    9.61754e-07
308    2.12826e-06
309    1.54868e-06
310    1.17151e-06
311    1.45693e-06
312    1.36934e-06
313    1.01818e-06
314     1.6137e-06
315     2.0946e-06
316    9.48783e-07
317    3.41282e-06
318    1.97309e-06
319    1.87649e-06
320    1.86586e-06
321    2.56824e-06
322    2.22805e-06
323    2.33446e-06
324    2.42024e-06
325    1.68252e-06
326    1.41095e-06
327    3.05714e-06
328    2.41972e-06
329    2.86529e-06
330    2.79412e-06
331    2.15431e-06
332    1.97798e-06
333     1.4445e-06
334    9.70603e-07
335    1.62065e-06
336     1.7495e-06
337    1.64577e-06
338    2.41919e-06
339    1.44111e-07
340    2.41542e-06
341     1.1973e-06
342    1.02322e-06
343    2.61633e-06
344    1.11588e-06
345    1.14451e-06
346    1.49222e-06
347    1.15589e-06
348    2.54523e-06
349    1.23638e-06
350    1.64315e-06
351    1.76836e-06
352    7.91288e-07
353    1.54144e-06
354    2.15304e-06
355    1.84921e-06
356    1.31217e-06
357    1.63933e-06
358    1.29875e-06
359    1.46273e-06
360    1.90552e-06
361    1.54223e-06
362    1.62208e-06
363    1.18817e-06
364    1.06073e-06
365    1.35423e-06
366     1.6829e-06
367    1.02245e-06
368    8.73375e-07
369    1.47963e-06
370    2.19873e-06
371    2.26758e-06
372    1.61942e-06
373     1.2283e-06
374    5.85696e-07
375    1.55742e-06
376    4.14605e-07
377    8.01039e-07
378    1.41567e-06
379    1.37642e-06
380    1.58841e-06
381    1.17418e-06
382    1.35763e-06
383    8.11436e-07
384    3.21587e-06
385    2.12048e-06
386     1.7551e-06
387    1.21697e-06
388    1.59026e-06
389    1.75117e-06
390     5.6825e-07
391    1.17016e-06
392    1.42138e-06
393    1.89756e-06
394    9.71447e-07
395    3.84137e-07
396    1.08844e-06
397    4.53719e-07
398    8.14099e-07
399    1.28855e-06
400    5.93853e-07
401    5.55946e-07
402    1.06017e-06
403    8.46706e-07
404    1.43383e-06
405    1.47655e-06
406    6.94951e-07
407    1.20866e-06
408     7.9398e-07
409    9.00036e-07
410   -1.65593e-08
411    8.74643e-07
412    7.16327e-07
413     1.5701e-06
414    1.10043e-06
415   -8.10656e-08
416    9.08663e-07
417   -2.86917e-08
418   -1.59235e-07
419    7.09253e-07
420    1.68333e-07
421    1.67117e-07
422   -2.30294e-07
423    4.64798e-07
424    5.95685e-07
425    1.10905e-06
426    2.49074e-07
427    8.16591e-07
428    1.82033e-07
429    6.00187e-07
430    6.74846e-07
431    2.23521e-07
432   -7.97696e-07
433    3.33452e-07
434    3.08669e-07
435    4.06465e-07
436    1.08769e-06
437    2.83989e-07
438    4.62829e-07
439    4.66423e-07
440    8.61656e-07
441    1.78319e-06
442    2.97433e-07
443    7.50895e-07
444    7.27401e-07
445   -2.45705e-07
446    3.34697e-07
447    4.95447e-07
448    7.99098e-07
449    8.06119e-07
450    8.03415e-07
451    5.65111e-07
452    1.20097e-07
453    1.27009e-07
454    5.04583e-07
455    3.85094e-07
456    5.74675e-07
457    9.44595e-07
458     1.0829e-06
459    9.43462e-07
460    2.32214e-07
461    4.15573e-07
462    6.57735e-07
463    1.31898e-06
464    8.49132e-07
465     7.7159e-07
466    1.26777e-06
467    1.29691e-06
468    1.10105e-06
469    7.84753e-07
470    8.54837e-07
471     4.8724e-07
472    8.28088e-07
473    1.37091e-06
474     1.0662e-06
475    7.89437e-07
476    5.53224e-07
477    1.01297e-06
478    5.87464e-07
479    7.97861e-07
480    9.29332e-07
481    1.16524e-06
482    1.58718e-06
483    5.90223e-07
484    1.19974e-06
485    4.48665e-07
486    1.03811e-06
487    4.30997e-07
488    5.10254e-07
489    4.38036e-07
490    6.38526e-07
491    1.22235e-06
492    1.20977e-06
493    1.55544e-06
494    5.65758e-07
495    7.27248e-07
496    1.05467e-06
497    7.68381e-07
498    5.24057e-07
499    4.43409e-07
500    5.87122e-07
501    6.37676e-07
502    4.21622e-07
503    5.65953e-07
504    9.64161e-07
505    1.30351e-07
506    4.27989e-07
507    1.77165e-07
508     3.8546e-07
509    1.31044e-07
510    7.73299e-07
511    2.89583e-07
512    7.49039e-07
