0        33.7079
1       0.617156
2       0.384218
3       0.236418
4      0.0299076
5      0.0216514
6      0.0102212
7     0.00735185
8     0.00683402
9     0.00309453
10     0.00204591
11     0.00104903
12     0.00269064
13     0.00111735
14     0.00200491
15      0.0014223
16    0.000973832
17     0.00110043
18     0.00107911
19      0.0011641
20    0.000990114
21    0.000843954
22    0.000791928
23    0.000505876
24    0.000381528
25    0.000330727
26     0.00054104
27    0.000497098
28     0.00047445
29    0.000419196
30    0.000474179
31    0.000242377
32    0.000419404
33    0.000275803
34    0.000369537
35    0.000253213
36    0.000338818
37    0.000276058
38    0.000422478
39    0.000392595
40    0.000347957
41    0.000341667
42    0.000345498
43    0.000259581
44    0.000304612
45     0.00024827
46    0.000270179
47    0.000240172
48    0.000221619
49    0.000202648
50    0.000197878
51    0.000178038
52    0.000218211
53    0.000222569
54    0.000185143
55    0.000190186
56    0.000189466
57    0.000159108
58     0.00016252
59    0.000151263
60    0.000140146
61    0.000128834
62    0.000102631
63    9.16573e-05
64    0.000105501
65    0.000105721
66    0.000122488
67    8.26398e-05
68    0.000118519
69    0.000116171
70     0.00011947
71    0.000104031
72    9.65461e-05
73    9.04811e-05
74    8.29872e-05
75    9.52143e-05
76    7.13238e-05
77     7.8143e-05
78    5.90999e-05
79    5.68328e-05
80     6.0284e-05
81    4.01127e-05
82      6.696e-05
83    4.85291e-05
84    4.99563e-05
85    3.98521e-05
86    3.31736e-05
87    3.32297e-05
88    4.98265e-05
89    4.30587e-05
90    5.79166e-05
91     5.2375e-05
92    4.40942e-05
93    4.58681e-05
94    5.03273e-05
95    2.55077e-05
96    3.65607e-05
97    2.80404e-05
98     2.8141e-05
99    3.11637e-05
100    2.82602e-05
101    2.63825e-05
102    2.22254e-05
103    1.82147e-05
104    3.01194e-05
105     1.8505e-05
106    2.06561e-05
107    2.03173e-05
108    2.55949e-05
109    1.78636e-05
110    1.75908e-05
111    1.46351e-05
112    1.76705e-05
113    1.07157e-05
114     1.4405e-05
115    7.69711e-06
116     1.1727e-05
117    1.03495e-05
118    6.67702e-06
119     9.1959e-06
120    1.16209e-05
121    7.51638e-06
122    1.07061e-05
123    4.59871e-06
124    1.40898e-05
125    9.25904e-06
126     9.7484e-06
127    8.95885e-06
128     7.4002e-06
129    8.67145e-06
130     8.5837e-06
131    1.09063e-05
132    1.13307e-05
133    7.12005e-06
134    8.13421e-06
135     8.5717e-06
136    9.57773e-06
137    8.51858e-06
138    7.71899e-06
139    8.11883e-06
140    1.97592e-06
141    9.06086e-06
142    5.97758e-06
143     4.0165e-06
144    6.86041e-06
145     7.9053e-06
146    7.49266e-06
147     1.0878e-05
148    6.88383e-06
149    2.03265e-06
150    5.63181e-06
151    3.35821e-06
152    9.22989e-07
153    4.86183e-06
154    1.08091e-06
155    2.29088e-06
156    2.09644e-06
157     1.5545e-06
158    2.40514e-06
159    2.50287e-06
160    3.41931e-06
161    4.04279e-06
162    2.66541e-06
163    2.36617e-06
164    1.91295e-06
165    2.86461e-06
166    1.82719e-06
167    3.95034e-06
168    1.17879e-06
169    1.29305e-06
170    3.07289e-06
171    2.93497e-06
172    5.72662e-08
173    3.92701e-06
174    1.88232e-06
175    2.23133e-06
176    8.10119e-08
177    2.89554e-06
178    9.57021e-07
179    2.86077e-07
180    1.90983e-06
181    1.83797e-06
182      2.196e-06
183    5.44113e-06
184    4.77098e-06
185    4.91366e-06
186    4.66307e-06
187    5.72109e-06
188    6.18079e-06
189    5.61203e-06
190    2.47763e-06
191    4.65175e-06
192    3.08319e-06
193    1.46751e-07
194    4.49611e-06
195      2.828e-06
196    4.96016e-06
197    5.12851e-06
198    4.88392e-06
199     6.7947e-06
200    3.08706e-06
201    4.46147e-06
202    4.56984e-06
203    4.64882e-06
204    1.35512e-06
205    3.29044e-06
206    3.78966e-06
207    5.25808e-06
208    3.29242e-06
209    5.16923e-06
210    3.53872e-06
211    3.45314e-06
212    4.04193e-06
213    3.94245e-06
214     3.9196e-06
215    2.55791e-06
216    5.27263e-06
217    3.46126e-06
218    4.14837e-06
219    5.39538e-06
220    2.95776e-06
221    4.35312e-06
222    2.43847e-06
223    4.73193e-06
224    5.69192e-06
225    2.78302e-06
226    3.19825e-06
227    3.65916e-06
228    3.56212e-06
229    2.20718e-06
230    4.52263e-06
231    1.98265e-06
232    1.31144e-06
233    2.57643e-06
234    3.02786e-06
235    3.02769e-06
236    3.10816e-06
237   -1.09174e-07
238    1.68519e-06
239    2.56459e-07
240    2.00664e-06
241     2.0059e-06
242    2.26066e-06
243    2.25155e-06
244    3.05361e-06
245    2.49543e-06
246    3.33236e-06
247    1.27929e-06
248    2.26278e-06
249    2.58235e-06
250     2.7843e-06
251    1.14093e-06
252    1.50039e-06
253    2.61033e-06
254    2.16593e-06
255    3.20789e-06
256    4.01738e-06
257    1.77343e-06
258    2.89198e-06
259     1.2343e-06
260    1.81593e-07
261    8.00885e-07
262    6.19825e-07
263    6.74399e-07
264    6.51409e-07
265    4.48633e-07
266     1.2337e-06
267    7.03059e-08
268    2.30796e-06
269    1.34024e-06
270     1.4429e-06
271   -4.33905e-07
272   -8.12646e-08
273    7.08016e-07
274    1.74653e-06
275    2.72272e-08
276   -3.30612e-07
277    8.75091e-07
278    1.42469e-06
279    4.05427e-07
280    2.02186e-06
281   -2.24109e-07
282    8.64264e-07
283    8.22677e-07
284     1.6664e-06
285    1.47941e-06
286    8.43262e-08
287    1.45367e-06
288   -3.48721e-09
289    1.41018e-06
290    2.90131e-07
291    3.56126e-07
292    1.02895e-06
293    6.64051e-07
294      1.091e-06
295    8.58518e-07
296    1.27317e-06
297    8.09771e-07
298    4.21335e-07
299    9.54887e-08
300   -1.98657e-07
301   -7.24632e-07
302    5.13739e-08
303   -2.19523e-07
304   -2.54607e-07
305   -1.04581e-06
306    1.07359e-06
307    4.01327e-07
308    5.11934e-07
309    1.38666e-06
310    8.33665e-07
311    8.16372e-07
312    2.18189e-06
313    7.92045e-07
314    1.52652e-06
315    1.14578e-06
316    1.07267e-06
317    2.36031e-06
318    1.71764e-06
319    8.75523e-07
320    1.39468e-06
321    1.02522e-06
322    6.44422e-07
323    7.15152e-08
324   -3.22574e-07
325    7.67723e-07
326    1.09156e-06
327    1.50067e-06
328    1.63714e-06
329    6.38225e-07
330    8.13655e-07
331    3.54685e-08
332    1.60398e-06
333    1.58673e-06
334    9.71665e-07
335    1.02728e-06
336    7.53734e-07
337    1.98535e-06
338    8.22503e-07
339   -1.01931e-07
340    1.05988e-06
341    2.86859e-07
342    8.55896e-07
343    1.24909e-06
344    2.69502e-07
345    7.17404e-07
346    6.16929e-07
347    4.28798e-08
348    1.44916e-06
349      3.344e-08
350    5.22982e-07
351    4.03076e-07
352   -1.06219e-08
353    6.46998e-07
354    1.05213e-06
355    1.41004e-07
356    4.75073e-07
357    1.07742e-06
358    1.41765e-06
359    1.06365e-06
360    1.39805e-06
361    3.22259e-07
362    6.83283e-07
363    1.36701e-06
364    5.84764e-07
365    3.69415e-07
366     1.4036e-06
367   -3.26166e-08
368    1.13914e-07
369    1.27483e-06
370    1.47327e-06
371    6.47017e-07
372    7.63295e-07
373    8.06026e-07
374    1.83485e-07
375    9.90212e-07
376    9.03703e-07
377    1.11825e-06
378    1.52064e-06
379    7.74808e-07
380    2.29839e-07
381    9.60491e-08
382    4.57964e-07
383    2.34438e-07
384    1.55762e-06
385    8.47081e-07
386   -7.20795e-08
387    8.88118e-07
388    1.65428e-06
389    1.32107e-06
390    1.07419e-06
391    3.52128e-07
392    6.71637e-07
393   -1.33063e-08
394      -1.11e-07
395   -2.60316e-08
396    3.10695e-07
397   -3.14668e-07
398    1.68627e-07
399   -6.31579e-08
400    5.87006e-08
401    -1.5246e-07
402    3.96008e-08
403    4.13603e-07
404    5.80394e-07
405    7.02733e-07
406     8.3981e-07
407    4.52413e-07
408    5.73067e-07
409    2.78374e-07
410    1.22351e-07
411    5.56607e-07
412    3.54298e-07
413    2.06789e-07
414     2.9743e-07
415   -3.49157e-08
416    5.05132e-07
417    5.01111e-07
418    5.37751e-07
419    1.72038e-07
420   -2.93785e-08
421    6.42841e-07
422    6.30104e-07
423   -9.17067e-08
424    4.46898e-07
425    1.22151e-08
426    7.22405e-07
427    7.62818e-07
428    4.43683e-07
429    7.44164e-07
430    3.14542e-07
431    4.74708e-07
432    7.71193e-07
433    3.37087e-07
434    6.77434e-07
435    9.95246e-07
436    3.68153e-07
437    4.87136e-07
438    5.36452e-08
439    2.35479e-07
440    1.37782e-07
441    3.80452e-07
442   -1.19495e-07
443     6.3232e-07
444    8.54947e-08
445    4.11009e-07
446    3.41301e-07
447    1.40235e-07
448     7.4361e-07
449    2.29858e-07
450    3.68613e-07
451    5.84595e-08
452   -7.99917e-07
453    5.18786e-08
454    3.29741e-07
455    7.61806e-07
456    1.97901e-07
457   -1.25441e-07
458    8.46326e-07
459   -7.62711e-08
460    9.95144e-07
461    1.03589e-06
462    3.88429e-07
463    2.75114e-09
464    6.84896e-07
465     4.6481e-07
466    6.81994e-07
467    2.07411e-07
468    7.52037e-07
469    1.32101e-07
470    3.29884e-07
471    4.45683e-07
472     6.0291e-07
473    6.78403e-07
474    3.90032e-07
475    2.76274e-07
476    3.46221e-07
477    9.22734e-07
478    4.93799e-08
479   -2.77908e-09
480    3.71164e-07
481    6.59861e-07
482    9.51582e-07
483    4.66228e-07
484    8.38505e-07
485    3.43267e-07
486    4.92815e-07
487    4.08002e-07
488    8.07197e-08
489    6.53173e-07
490    2.16098e-07
491    1.17749e-07
492    3.99014e-07
493    7.30727e-07
494    2.18941e-07
495    5.66767e-07
496    4.83471e-07
497    5.75924e-07
498    5.54769e-07
499    5.54217e-07
500   -7.66272e-08
501    7.57526e-07
502    2.89597e-07
503   -1.60854e-08
504    3.23642e-07
505   -2.35165e-07
506    8.42184e-07
507    2.70487e-07
508    1.24085e-07
509     3.8033e-07
510    3.10043e-07
511   -2.96637e-07
512    4.98796e-07
