0        27.4334
1        1.20955
2       0.695138
3       0.433394
4      0.0462343
5      0.0401952
6       0.017203
7      0.0134885
8      0.0135649
9     0.00781463
10      0.0041387
11      0.0029531
12     0.00400558
13     0.00278298
14     0.00364486
15     0.00278406
16     0.00224378
17     0.00236593
18     0.00251324
19     0.00271505
20     0.00227743
21     0.00189008
22     0.00172096
23     0.00104307
24    0.000740029
25    0.000798949
26     0.00131873
27     0.00105864
28    0.000900448
29    0.000973304
30     0.00101331
31    0.000649211
32    0.000920926
33    0.000659046
34    0.000987277
35    0.000503849
36    0.000844846
37    0.000772022
38    0.000968453
39     0.00102137
40      0.0008021
41    0.000769062
42    0.000795837
43    0.000647902
44    0.000757546
45    0.000709351
46    0.000619657
47    0.000586547
48    0.000502735
49     0.00044962
50    0.000545777
51    0.000433538
52     0.00055687
53    0.000588904
54    0.000462982
55    0.000493958
56    0.000435725
57    0.000406504
58    0.000384213
59    0.000408505
60    0.000370156
61    0.000359404
62     0.00023524
63    0.000284289
64    0.000282244
65    0.000239041
66    0.000305955
67    0.000222457
68    0.000315253
69    0.000264388
70    0.000295033
71    0.000277129
72    0.000263974
73    0.000256962
74    0.000230051
75    0.000259214
76    0.000203136
77    0.000184641
78    0.000181274
79    0.000163958
80    0.000161409
81    0.000162219
82    0.000194821
83    0.000167554
84    0.000169871
85    0.000148673
86    0.000129056
87    0.000124729
88    0.000123037
89    0.000132983
90    0.000141459
91    0.000149334
92    0.000147955
93    0.000146708
94    0.000139691
95     0.00012059
96    0.000119015
97    0.000101328
98    0.000119449
99    9.55474e-05
100    8.86371e-05
101    8.25849e-05
102    0.000105183
103    9.21633e-05
104    0.000110515
105     9.3476e-05
106    8.43812e-05
107    7.59114e-05
108    7.65369e-05
109    7.00596e-05
110    7.88523e-05
111    7.04742e-05
112    7.66077e-05
113    7.57253e-05
114    7.67382e-05
115    6.21032e-05
116    6.03451e-05
117    6.17069e-05
118     5.9939e-05
119    6.20713e-05
120     6.0807e-05
121    6.06725e-05
122    5.56238e-05
123    5.38966e-05
124    6.30426e-05
125    5.12128e-05
126    4.88622e-05
127    5.02191e-05
128    4.66478e-05
129    5.79254e-05
130    5.73471e-05
131    5.20646e-05
132    4.41163e-05
133    5.14782e-05
134    5.02182e-05
135    4.79183e-05
136    4.26401e-05
137    3.74699e-05
138    4.49404e-05
139    4.00256e-05
140    3.89183e-05
141    4.35496e-05
142    4.61356e-05
143    4.51225e-05
144    4.50382e-05
145    4.07271e-05
146    3.54481e-05
147    3.88377e-05
148    3.71293e-05
149    3.30456e-05
150    3.32683e-05
151    3.72819e-05
152    4.24206e-05
153    3.69668e-05
154    3.13387e-05
155    3.53075e-05
156    3.71139e-05
157    3.59434e-05
158    3.46738e-05
159    3.29831e-05
160    3.50535e-05
161    3.66112e-05
162    3.47159e-05
163    3.63482e-05
164    3.78807e-05
165    3.25228e-05
166    3.55143e-05
167    3.64262e-05
168    3.70256e-05
169    3.35355e-05
170    3.34918e-05
171     3.6963e-05
172    2.93116e-05
173    3.22011e-05
174    3.00421e-05
175    3.24872e-05
176    3.09523e-05
177    2.91516e-05
178    2.64095e-05
179    2.78078e-05
180    3.11334e-05
181    3.30136e-05
182    3.69105e-05
183    3.23636e-05
184    3.37749e-05
185    3.04332e-05
186    3.22742e-05
187    2.98792e-05
188     3.1507e-05
189     2.5586e-05
190    2.98493e-05
191    3.25419e-05
192    3.05491e-05
193    3.26598e-05
194    3.10886e-05
195    3.49468e-05
196    3.06514e-05
197    3.05253e-05
198    3.12998e-05
199    2.72641e-05
200    2.69359e-05
201    2.94451e-05
202     3.1704e-05
203     2.8649e-05
204     2.5457e-05
205    2.92995e-05
206    2.54117e-05
207    2.97711e-05
208    3.01965e-05
209    2.77157e-05
210    2.87812e-05
211     2.8648e-05
212    2.85502e-05
213    2.66742e-05
214     2.9011e-05
215    2.63821e-05
216    2.79869e-05
217    2.50569e-05
218    3.42574e-05
219    2.69204e-05
220    2.85176e-05
221    2.68238e-05
222    2.77282e-05
223    2.65408e-05
224    2.80448e-05
225    2.72583e-05
226    2.43422e-05
227     2.3272e-05
228    2.57737e-05
229    2.00224e-05
230    2.21643e-05
231    2.31474e-05
232    2.31402e-05
233     2.2185e-05
234    2.14095e-05
235    2.30941e-05
236    2.37687e-05
237    2.12004e-05
238    2.23725e-05
239    2.26104e-05
240    2.56031e-05
241    2.18587e-05
242     2.3774e-05
243    2.33191e-05
244    2.57673e-05
245     2.1348e-05
246    1.88039e-05
247    1.85799e-05
248    2.09332e-05
249    2.05224e-05
250    2.04018e-05
251    2.10643e-05
252    2.06684e-05
253    1.93862e-05
254    2.12464e-05
255    1.93647e-05
256    2.01622e-05
257    1.90235e-05
258    2.04915e-05
259    1.99176e-05
260    1.90247e-05
261    1.74511e-05
262    1.90635e-05
263    2.05946e-05
264    1.81914e-05
265    1.89478e-05
266    2.01903e-05
267    1.71906e-05
268    1.97538e-05
269    1.89141e-05
270    1.77741e-05
271    1.90008e-05
272     1.5246e-05
273    1.81842e-05
274    1.75755e-05
275    1.74831e-05
276    1.84257e-05
277    1.79457e-05
278    1.89568e-05
279    1.86359e-05
280    1.78296e-05
281    1.82759e-05
282    1.76808e-05
283    1.75951e-05
284    1.63863e-05
285     1.7629e-05
286    1.75208e-05
287    1.72464e-05
288    1.65802e-05
289    1.64397e-05
290    1.68782e-05
291     1.6046e-05
292    1.68456e-05
293    1.48873e-05
294    1.62847e-05
295    1.74434e-05
296    1.65027e-05
297    1.56651e-05
298    1.52868e-05
299    1.63198e-05
300    1.68734e-05
301    1.63234e-05
302    1.67822e-05
303    1.66474e-05
304    1.62152e-05
305    1.54561e-05
306    1.62338e-05
307    1.76274e-05
308    1.65364e-05
309    1.70301e-05
310     1.5034e-05
311    1.50976e-05
312    1.44154e-05
313    1.47618e-05
314    1.65475e-05
315    1.67426e-05
316    1.67967e-05
317    1.64724e-05
318     1.6084e-05
319    1.46035e-05
320     1.6453e-05
321    1.59698e-05
322    1.63581e-05
323    1.58995e-05
324     1.7022e-05
325    1.43864e-05
326    1.58354e-05
327    1.53156e-05
328     1.5349e-05
329    1.60071e-05
330    1.58523e-05
331    1.64219e-05
332    1.65292e-05
333     1.5629e-05
334    1.51245e-05
335    1.51515e-05
336    1.37854e-05
337    1.51118e-05
338    1.42632e-05
339    1.41743e-05
340    1.47381e-05
341    1.42063e-05
342    1.42456e-05
343    1.47313e-05
344    1.45747e-05
345    1.45896e-05
346    1.49937e-05
347    1.39858e-05
348    1.53796e-05
349    1.45817e-05
350    1.46848e-05
351    1.44688e-05
352    1.59525e-05
353    1.52678e-05
354     1.4819e-05
355    1.51088e-05
356    1.42332e-05
357    1.34879e-05
358    1.29802e-05
359    1.36709e-05
360    1.45846e-05
361    1.40326e-05
362    1.29578e-05
363    1.39066e-05
364    1.49561e-05
365    1.50667e-05
366    1.63062e-05
367    1.36477e-05
368    1.52072e-05
369    1.31374e-05
370     1.3157e-05
371    1.46846e-05
372    1.28691e-05
373    1.41706e-05
374    1.38947e-05
375    1.41813e-05
376    1.51821e-05
377    1.49492e-05
378    1.47072e-05
379    1.37912e-05
380    1.27327e-05
381    1.30394e-05
382    1.50577e-05
383    1.32687e-05
384    1.39741e-05
385     1.3723e-05
386    1.53211e-05
387    1.36107e-05
388    1.30493e-05
389    1.33989e-05
390     1.3274e-05
391    1.34051e-05
392    1.29429e-05
393    1.33108e-05
394    1.32118e-05
395    1.31465e-05
396    1.30304e-05
397    1.20435e-05
398    1.36208e-05
399    1.34482e-05
400    1.14617e-05
401     1.2199e-05
402    1.25201e-05
403    1.27838e-05
404    1.29188e-05
405    1.32608e-05
406    1.21719e-05
407    1.28386e-05
408    1.24836e-05
409    1.29244e-05
410    1.27513e-05
411     1.1409e-05
412    1.18782e-05
413    1.14964e-05
414    1.31411e-05
415    1.05189e-05
416    1.22498e-05
417    1.27657e-05
418     1.2046e-05
419    1.18839e-05
420     1.1959e-05
421     1.1698e-05
422    1.10115e-05
423    1.20053e-05
424    1.12308e-05
425    1.16584e-05
426    1.28601e-05
427    1.22586e-05
428    1.28377e-05
429    1.20213e-05
430    1.21163e-05
431    1.20066e-05
432    1.17137e-05
433    1.15265e-05
434    1.21535e-05
435      1.198e-05
436    1.24844e-05
437    1.14898e-05
438    1.19625e-05
439    1.13453e-05
440    1.09949e-05
441    1.19316e-05
442    1.14406e-05
443    1.22557e-05
444    1.16083e-05
445    1.14802e-05
446    1.14352e-05
447    1.11942e-05
448    1.12057e-05
449    1.14764e-05
450     1.1378e-05
451    1.14859e-05
452    1.16634e-05
453    1.20537e-05
454    1.21286e-05
455    1.08537e-05
456    1.11612e-05
457    1.13379e-05
458    1.17406e-05
459    1.15799e-05
460    1.19781e-05
461    1.21419e-05
462    1.10718e-05
463    1.03085e-05
464    1.14774e-05
465    1.06098e-05
466     1.1343e-05
467    1.15678e-05
468    1.13711e-05
469    1.13354e-05
470    1.13075e-05
471    1.06963e-05
472    1.18578e-05
473    1.07029e-05
474    1.12279e-05
475    1.12887e-05
476     1.1412e-05
477    1.11182e-05
478    1.07131e-05
479    1.10158e-05
480    1.11804e-05
481    1.11367e-05
482    1.09928e-05
483     1.1411e-05
484     1.1829e-05
485    1.04868e-05
486    1.19453e-05
487    1.08307e-05
488    1.08105e-05
489    1.02787e-05
490    1.07288e-05
491     1.1168e-05
492    1.06365e-05
493     1.0427e-05
494    1.13477e-05
495    1.08663e-05
496    1.11395e-05
497    1.10549e-05
498    1.04711e-05
499    1.08111e-05
500     1.0642e-05
501    1.03132e-05
502    1.14247e-05
503    1.14878e-05
504    1.14707e-05
505    1.07411e-05
506    1.08324e-05
507    1.08775e-05
508    1.14422e-05
509    1.16232e-05
510    1.11169e-05
511    1.03259e-05
512    1.06619e-05
