0         27.653
1         1.1955
2        0.67612
3       0.422539
4      0.0440013
5      0.0392572
6      0.0168953
7      0.0126833
8      0.0125901
9     0.00765224
10     0.00362859
11     0.00261238
12     0.00393512
13     0.00288713
14      0.0032928
15     0.00272562
16     0.00206629
17     0.00217824
18     0.00237757
19     0.00239862
20     0.00220145
21     0.00174068
22     0.00153209
23    0.000908179
24    0.000711202
25    0.000661131
26     0.00120974
27    0.000929543
28     0.00085492
29    0.000828408
30    0.000970559
31    0.000613571
32    0.000911202
33    0.000596884
34    0.000925482
35    0.000460278
36    0.000711604
37     0.00072057
38     0.00092726
39    0.000982753
40    0.000810877
41    0.000685298
42    0.000696414
43     0.00057461
44    0.000667697
45     0.00065798
46    0.000632147
47    0.000545446
48    0.000473152
49    0.000396132
50    0.000505446
51    0.000417459
52    0.000527164
53    0.000539398
54    0.000424438
55    0.000429124
56    0.000396907
57    0.000369075
58    0.000353244
59    0.000352976
60    0.000335265
61    0.000310988
62    0.000204341
63    0.000272874
64    0.000252499
65    0.000217358
66     0.00026705
67    0.000194249
68    0.000280656
69     0.00022287
70    0.000258454
71    0.000240247
72    0.000230721
73    0.000233029
74    0.000209065
75    0.000226184
76    0.000192159
77    0.000169391
78    0.000175808
79    0.000144321
80    0.000140195
81    0.000138461
82    0.000166285
83    0.000153789
84    0.000143833
85    0.000121707
86    0.000112824
87    9.82579e-05
88     0.00010793
89    0.000105081
90    0.000120033
91    0.000107582
92    0.000117904
93    0.000118979
94    0.000110712
95    9.92269e-05
96    0.000104074
97     8.4825e-05
98    0.000103216
99     7.3439e-05
100    7.05041e-05
101    6.19645e-05
102    7.82905e-05
103    7.02687e-05
104    7.16802e-05
105    6.96327e-05
106    6.24872e-05
107    5.11083e-05
108     5.3966e-05
109    5.04902e-05
110    6.09281e-05
111    5.34997e-05
112    5.34952e-05
113    5.12672e-05
114    5.68058e-05
115    4.40171e-05
116    4.16156e-05
117    4.39305e-05
118    4.28664e-05
119    4.09841e-05
120    3.86252e-05
121    4.09208e-05
122    3.60623e-05
123    3.72039e-05
124    4.08663e-05
125    3.54769e-05
126    3.21633e-05
127    3.06798e-05
128    2.82433e-05
129    3.47987e-05
130     3.2932e-05
131    3.76888e-05
132    2.83209e-05
133    3.38609e-05
134    3.38641e-05
135    3.25928e-05
136    2.74374e-05
137    2.67176e-05
138    3.15775e-05
139    2.41953e-05
140    2.73189e-05
141    3.05886e-05
142    2.86222e-05
143    2.89796e-05
144    2.98655e-05
145    2.74754e-05
146    2.24643e-05
147    2.18876e-05
148    2.36684e-05
149    1.97468e-05
150    2.03781e-05
151    2.14853e-05
152    2.48959e-05
153    2.18097e-05
154     1.8489e-05
155    2.05769e-05
156    2.13975e-05
157    1.99208e-05
158      2.105e-05
159    1.95504e-05
160    2.10236e-05
161    2.15776e-05
162    1.87406e-05
163    2.22963e-05
164    2.21271e-05
165    1.97039e-05
166    2.03281e-05
167    2.20639e-05
168    2.35426e-05
169    1.97609e-05
170    2.15304e-05
171    2.27822e-05
172    1.59709e-05
173    1.79474e-05
174    1.79027e-05
175    1.95257e-05
176    1.87943e-05
177    1.88023e-05
178    1.48593e-05
179    1.73209e-05
180     2.0065e-05
181    2.11385e-05
182    2.09913e-05
183    2.12774e-05
184    1.93856e-05
185    1.74566e-05
186    1.90162e-05
187    1.70079e-05
188    2.01612e-05
189    1.60467e-05
190    1.76861e-05
191     2.1443e-05
192    1.62707e-05
193    1.95929e-05
194    1.80106e-05
195     2.0118e-05
196    1.88791e-05
197    1.69285e-05
198    1.75801e-05
199    1.73605e-05
200    1.61887e-05
201     1.8887e-05
202    1.69393e-05
203    1.74654e-05
204    1.62122e-05
205    1.68441e-05
206    1.48104e-05
207    1.74294e-05
208    1.72789e-05
209    1.71459e-05
210     1.7161e-05
211    1.53791e-05
212    1.75883e-05
213    1.69301e-05
214    1.89265e-05
215    1.53171e-05
216    1.68458e-05
217    1.55349e-05
218    2.05813e-05
219    1.55849e-05
220    1.80112e-05
221    1.61802e-05
222    1.64541e-05
223    1.49907e-05
224    1.52689e-05
225    1.50858e-05
226     1.4738e-05
227    1.27154e-05
228    1.33145e-05
229     1.0124e-05
230    1.23293e-05
231    1.19606e-05
232    1.26418e-05
233    1.20402e-05
234    1.30197e-05
235    1.21608e-05
236    1.28715e-05
237    1.20156e-05
238    1.14807e-05
239    1.32305e-05
240    1.51885e-05
241    1.06921e-05
242    1.33181e-05
243    1.31656e-05
244     1.5636e-05
245    1.20033e-05
246    9.92629e-06
247    8.81156e-06
248    1.30981e-05
249    1.03674e-05
250    1.18079e-05
251    1.21667e-05
252    1.06658e-05
253    8.78735e-06
254    1.05865e-05
255    9.16653e-06
256    1.07526e-05
257     1.0154e-05
258    1.10751e-05
259     1.0763e-05
260    1.01085e-05
261    9.20963e-06
262    9.11236e-06
263    8.55124e-06
264    7.71156e-06
265    8.88676e-06
266    1.00237e-05
267    7.75134e-06
268    9.14521e-06
269    8.63422e-06
270     7.4166e-06
271    8.91565e-06
272    6.35549e-06
273    8.11849e-06
274    8.47121e-06
275    7.56426e-06
276    8.93616e-06
277     7.9588e-06
278    9.67728e-06
279    8.28997e-06
280    7.57681e-06
281    6.70029e-06
282    8.60202e-06
283      8.379e-06
284    7.07824e-06
285    7.64148e-06
286    6.89383e-06
287    7.85505e-06
288    6.70145e-06
289    8.40848e-06
290     8.1875e-06
291    7.58098e-06
292    8.18671e-06
293     7.7156e-06
294    7.73049e-06
295    8.42878e-06
296    8.62322e-06
297    7.56569e-06
298    7.81174e-06
299    8.77069e-06
300    7.93893e-06
301    7.43289e-06
302    7.04923e-06
303    6.76053e-06
304    7.54312e-06
305    6.27541e-06
306    6.62234e-06
307     7.3238e-06
308    8.72137e-06
309    6.84501e-06
310    6.62179e-06
311    7.18548e-06
312    6.57365e-06
313    5.69343e-06
314    7.16983e-06
315    6.17452e-06
316    7.73381e-06
317    8.43915e-06
318     7.5745e-06
319    6.15535e-06
320    7.36666e-06
321    6.69518e-06
322    7.24116e-06
323    7.34638e-06
324    7.30627e-06
325    6.55948e-06
326    6.80112e-06
327    6.70797e-06
328    7.51866e-06
329     7.7869e-06
330    8.77658e-06
331    7.35866e-06
332    7.20961e-06
333    6.79055e-06
334    6.63259e-06
335    6.78649e-06
336     6.2148e-06
337    6.32221e-06
338    7.86739e-06
339    6.87436e-06
340    6.57972e-06
341    6.06645e-06
342    6.81852e-06
343    6.96144e-06
344    6.99761e-06
345     6.5284e-06
346    6.29962e-06
347    5.44498e-06
348    6.86605e-06
349    6.99003e-06
350    6.60106e-06
351     5.9967e-06
352    5.66263e-06
353    5.78368e-06
354     5.2688e-06
355    6.16288e-06
356    5.77632e-06
357    5.10724e-06
358    4.69297e-06
359    5.58438e-06
360    5.69703e-06
361     6.0428e-06
362    5.42557e-06
363    5.92269e-06
364    6.01323e-06
365     5.5169e-06
366    6.10014e-06
367    5.15145e-06
368    5.80057e-06
369    5.99993e-06
370    4.96374e-06
371    6.23986e-06
372    6.09001e-06
373    6.44029e-06
374    7.03918e-06
375    6.33117e-06
376    7.96652e-06
377    6.82502e-06
378    6.38567e-06
379    6.00132e-06
380    5.00673e-06
381    4.83354e-06
382    6.06358e-06
383    5.02538e-06
384    6.22744e-06
385    5.86064e-06
386    6.59504e-06
387    5.88416e-06
388    5.08134e-06
389    4.52769e-06
390    4.85673e-06
391    4.96796e-06
392    4.83001e-06
393    5.63749e-06
394    5.88338e-06
395    5.75446e-06
396    5.25364e-06
397    5.07606e-06
398    5.65281e-06
399    4.59542e-06
400    4.72197e-06
401     3.9923e-06
402    5.30057e-06
403    4.91438e-06
404    4.98711e-06
405    5.09641e-06
406    4.41262e-06
407    4.40189e-06
408    4.11139e-06
409    5.24862e-06
410    4.87518e-06
411    4.07716e-06
412    4.36458e-06
413    4.52983e-06
414    5.44089e-06
415    3.52956e-06
416    4.83844e-06
417     5.3037e-06
418    4.66342e-06
419    4.61613e-06
420    4.41274e-06
421    4.21551e-06
422     4.6137e-06
423      4.029e-06
424    3.85348e-06
425    4.45948e-06
426    4.23156e-06
427    4.60608e-06
428    4.54557e-06
429    3.42277e-06
430    3.97167e-06
431    3.82682e-06
432    3.72035e-06
433    4.03061e-06
434     4.1864e-06
435    4.89982e-06
436    4.97725e-06
437    4.83865e-06
438    4.90093e-06
439    4.40174e-06
440    4.75085e-06
441    4.24571e-06
442    4.52741e-06
443    5.29279e-06
444    5.03085e-06
445    4.61446e-06
446    4.32398e-06
447    3.99588e-06
448    4.29692e-06
449    4.33553e-06
450    3.78726e-06
451    4.52442e-06
452    3.80629e-06
453    4.44594e-06
454    4.48398e-06
455    4.19971e-06
456    4.76488e-06
457    3.97351e-06
458    3.99312e-06
459    4.35843e-06
460    3.56697e-06
461    4.14644e-06
462      3.299e-06
463    3.53548e-06
464    3.94709e-06
465    3.89713e-06
466    3.83605e-06
467     4.4407e-06
468     4.2547e-06
469    3.63115e-06
470    4.45719e-06
471    4.03107e-06
472    4.01558e-06
473    3.70488e-06
474    4.14898e-06
475    4.33352e-06
476    3.92976e-06
477    3.98641e-06
478    3.87569e-06
479    4.01882e-06
480    3.81238e-06
481    4.46342e-06
482    4.21758e-06
483    3.77284e-06
484    4.32884e-06
485    3.80155e-06
486      4.588e-06
487    3.73874e-06
488    4.09474e-06
489    4.14682e-06
490    3.58145e-06
491    4.25567e-06
492    4.13135e-06
493    3.79605e-06
494     3.9612e-06
495    3.27674e-06
496    4.06544e-06
497    3.62571e-06
498    3.97117e-06
499    4.25757e-06
500    4.16007e-06
501     3.3203e-06
502    3.94177e-06
503    3.83416e-06
504    3.76698e-06
505    3.39128e-06
506    3.54672e-06
507     3.4097e-06
508    3.98122e-06
509     4.1247e-06
510    3.82689e-06
511    3.39337e-06
512    3.01108e-06
