0        33.6018
1       0.620964
2       0.383133
3       0.242525
4      0.0283108
5      0.0230352
6     0.00986759
7     0.00685075
8     0.00637038
9     0.00352849
10      0.0019987
11     0.00118674
12     0.00234232
13     0.00128292
14     0.00179163
15     0.00146119
16     0.00102804
17     0.00112607
18     0.00115808
19     0.00117872
20     0.00116497
21    0.000992683
22    0.000759227
23    0.000466545
24     0.00040825
25    0.000297659
26    0.000559087
27    0.000489095
28     0.00043334
29    0.000514316
30    0.000479147
31    0.000270121
32    0.000444909
33    0.000319906
34    0.000399009
35    0.000262506
36    0.000370747
37    0.000302535
38    0.000434589
39    0.000448046
40    0.000376241
41    0.000357851
42    0.000341872
43    0.000280561
44    0.000326164
45    0.000292307
46    0.000283162
47    0.000253828
48    0.000235598
49    0.000181935
50    0.000202541
51    0.000191957
52     0.00023552
53    0.000262519
54    0.000189437
55    0.000207528
56    0.000187402
57     0.00017057
58    0.000168442
59    0.000156085
60    0.000140236
61    0.000150632
62    0.000100716
63    0.000107016
64    0.000109567
65    9.08758e-05
66    0.000119607
67    6.97901e-05
68    0.000122906
69    0.000103756
70     0.00012196
71    0.000101269
72    0.000110409
73     9.3977e-05
74    9.10264e-05
75     0.00010247
76    7.88738e-05
77    8.11319e-05
78    5.75745e-05
79    5.79166e-05
80    5.92512e-05
81    5.36408e-05
82     7.4747e-05
83    6.15506e-05
84    5.47029e-05
85    4.46805e-05
86    3.77931e-05
87    3.51481e-05
88    4.62802e-05
89    4.61635e-05
90    5.28561e-05
91    5.05114e-05
92    4.13388e-05
93    4.63497e-05
94    4.80008e-05
95    2.96544e-05
96      3.969e-05
97    3.46493e-05
98    3.64245e-05
99    2.79103e-05
100    2.98284e-05
101    2.28385e-05
102    2.22395e-05
103    2.18059e-05
104    3.13643e-05
105      2.009e-05
106    2.33478e-05
107    2.06635e-05
108    2.39895e-05
109    1.55182e-05
110    1.53981e-05
111    1.67169e-05
112    1.68076e-05
113    1.25127e-05
114    1.63056e-05
115    9.07802e-06
116    1.38258e-05
117    1.27314e-05
118    9.01352e-06
119    1.22394e-05
120    1.04563e-05
121    1.61422e-05
122    1.31816e-05
123    6.79012e-06
124    1.29864e-05
125    1.05947e-05
126    8.55951e-06
127    8.86575e-06
128     8.9515e-06
129     9.7425e-06
130    6.90385e-06
131    9.28776e-06
132    7.77622e-06
133    8.77677e-06
134    9.75995e-06
135    8.42691e-06
136    6.45948e-06
137    6.71135e-06
138    9.87324e-06
139    6.51019e-06
140    4.30289e-06
141    7.76973e-06
142    5.66379e-06
143    6.88019e-06
144    6.04227e-06
145    6.33294e-06
146     5.9881e-06
147    1.02339e-05
148    7.25331e-06
149    2.73025e-06
150     4.0197e-06
151    3.96721e-06
152    2.91184e-06
153    4.23352e-06
154    2.21112e-06
155    3.91424e-06
156    3.64711e-06
157     1.4123e-06
158     4.9889e-06
159    2.88743e-06
160    3.48838e-06
161     4.9825e-06
162     4.1348e-06
163    3.31995e-06
164    2.34544e-06
165    1.39179e-06
166    4.54705e-06
167    3.98041e-06
168    1.93295e-06
169    1.96176e-06
170      5.361e-06
171     4.1849e-06
172    1.96409e-06
173    2.59222e-06
174    2.38593e-06
175    4.32335e-06
176    9.56372e-07
177    4.00365e-06
178    1.72246e-06
179    2.85665e-06
180      3.386e-06
181    3.76916e-06
182    5.71228e-06
183    5.08013e-06
184    6.19448e-06
185    4.72686e-06
186    3.80999e-06
187    5.57705e-06
188     4.0518e-06
189    4.54872e-06
190    2.34727e-06
191     6.5026e-06
192    2.54365e-06
193    4.08314e-07
194    4.03233e-06
195    5.20355e-06
196    3.39919e-06
197    6.16122e-06
198    4.71956e-06
199    5.63041e-06
200    1.52086e-06
201    4.92889e-06
202     4.5855e-06
203     3.9887e-06
204    2.71657e-06
205     2.9432e-06
206    2.77585e-06
207    4.01837e-06
208    4.89685e-06
209    4.47334e-06
210    4.66977e-06
211    4.33825e-06
212    4.08854e-06
213    4.28092e-06
214    4.69779e-06
215    2.55601e-06
216    5.05873e-06
217    4.11665e-06
218    4.57242e-06
219    3.92957e-06
220    3.68647e-06
221    4.14919e-06
222     2.5961e-06
223      3.911e-06
224    4.79205e-06
225    4.53581e-06
226    4.21314e-06
227    3.93199e-06
228    3.72646e-06
229    2.43236e-06
230    4.00209e-06
231    3.33151e-06
232    2.65222e-06
233    4.94816e-06
234    4.13022e-06
235    2.54126e-06
236    3.68554e-06
237    1.75658e-06
238    3.07853e-06
239    2.84553e-06
240    2.31136e-06
241    1.08549e-06
242    2.78655e-06
243    1.80193e-06
244    3.67839e-06
245    3.77858e-06
246    3.47885e-06
247    2.06384e-06
248    1.89067e-06
249    2.05284e-06
250    1.83848e-06
251    2.08587e-06
252    1.95488e-06
253    2.45117e-06
254    2.65049e-06
255    2.18872e-06
256    2.17357e-06
257    2.33856e-06
258    2.35459e-06
259    1.35916e-06
260     3.0101e-07
261    8.51001e-07
262    2.87349e-07
263    2.56086e-07
264    1.74184e-07
265    1.66131e-06
266    1.11125e-06
267    3.41837e-07
268    2.23518e-06
269    7.37976e-07
270    4.24608e-07
271    1.36515e-07
272   -3.66064e-07
273    2.82682e-07
274    1.65626e-06
275   -6.68732e-08
276    3.84009e-07
277    9.52638e-07
278     7.0501e-07
279    1.85522e-06
280    2.33294e-06
281    6.58073e-07
282    1.04151e-06
283    4.56652e-07
284    1.26776e-06
285    1.48093e-06
286    8.67005e-07
287    3.36933e-09
288    6.08621e-07
289     1.6222e-06
290    8.11043e-07
291    1.27855e-06
292     1.7571e-06
293    1.52631e-07
294    1.09302e-06
295    1.78569e-07
296    4.07416e-07
297    8.41132e-07
298    5.30497e-07
299    6.90473e-07
300    2.47328e-07
301    4.09102e-07
302    4.15608e-07
303   -4.60925e-07
304    2.22039e-07
305   -1.22624e-06
306    5.43408e-07
307   -1.54699e-08
308    1.08273e-06
309     1.3198e-06
310     1.0809e-06
311    1.84142e-06
312    1.19732e-06
313    1.36174e-06
314    2.71493e-07
315    1.36326e-06
316    1.45652e-06
317    1.48022e-06
318    1.49931e-06
319    1.36659e-06
320     1.0805e-06
321    3.93256e-07
322    9.55614e-07
323   -2.36091e-08
324    8.17623e-07
325    3.01769e-07
326     1.1431e-06
327    1.22388e-06
328    1.59246e-06
329    2.93821e-07
330    8.50416e-07
331   -1.21412e-08
332    1.09161e-06
333    1.41843e-06
334    9.75496e-07
335    1.18138e-06
336    3.51518e-07
337    1.63725e-06
338     8.4611e-07
339    7.74967e-07
340    9.22191e-07
341    1.23318e-06
342    7.18352e-07
343    9.45941e-07
344    5.72524e-07
345    7.68579e-07
346    4.90448e-07
347    9.17864e-07
348    2.15174e-06
349    8.73085e-07
350    1.12247e-06
351    6.47607e-07
352    2.62953e-07
353     5.7671e-07
354    1.14936e-06
355      2.941e-07
356    1.26593e-06
357    1.13847e-06
358    1.82762e-06
359    1.86285e-06
360    2.21623e-06
361    3.56868e-07
362    1.13578e-06
363    9.31299e-07
364     1.5338e-06
365   -2.78389e-07
366    1.84463e-06
367    8.08915e-07
368    6.47467e-07
369    1.21559e-06
370    1.60818e-06
371    2.38785e-07
372    1.12272e-06
373    9.23323e-07
374    1.79575e-07
375    6.94649e-07
376    1.55202e-06
377    8.13709e-07
378    1.10748e-06
379    8.93096e-07
380    4.37713e-07
381    4.11918e-07
382    1.97323e-06
383     7.6616e-07
384    1.63724e-06
385    8.04119e-07
386    6.50987e-07
387     1.1241e-06
388    1.77728e-06
389    9.03345e-07
390    8.90225e-07
391     1.2196e-06
392    9.37132e-07
393    6.98845e-07
394     1.6165e-06
395    6.16085e-07
396    7.78257e-07
397    8.00911e-07
398    1.26679e-06
399    7.74344e-07
400    1.46608e-06
401   -2.12009e-07
402    5.93008e-07
403    4.28095e-07
404    6.22526e-07
405    3.15431e-07
406    9.95261e-07
407    5.07464e-07
408    1.29189e-07
409    9.13921e-07
410    3.04146e-07
411    5.51831e-07
412    5.50577e-08
413    1.01215e-07
414   -3.98253e-07
415   -3.56666e-07
416    5.54504e-07
417    2.57758e-07
418    4.20677e-07
419      6.988e-07
420     1.2481e-07
421    6.85625e-07
422     7.7232e-08
423    3.65011e-07
424    4.01172e-07
425    2.64132e-07
426   -1.53804e-07
427    4.48697e-07
428   -2.86481e-07
429   -3.41885e-07
430    2.83975e-07
431   -3.60098e-07
432    1.34231e-07
433    5.80112e-07
434     9.2059e-07
435    8.59803e-07
436    6.16358e-07
437    2.12832e-07
438    6.03913e-08
439   -3.69953e-07
440    2.97849e-07
441      5.383e-07
442    5.43484e-07
443    2.84175e-07
444   -9.12635e-08
445    5.67845e-07
446    7.35513e-07
447    1.93692e-07
448    6.78746e-07
449    6.92127e-08
450    3.16878e-07
451    4.19209e-07
452   -1.87862e-07
453    3.04642e-07
454    4.37605e-07
455   -4.28074e-07
456   -3.37929e-07
457   -1.33028e-07
458   -3.24213e-08
459     5.5938e-07
460    7.16487e-07
461    5.47115e-07
462    1.54094e-07
463    3.19541e-07
464    6.09851e-07
465     3.9434e-07
466    5.76962e-07
467   -2.21578e-07
468   -4.71742e-08
469   -2.27946e-08
470    1.18225e-07
471    4.65699e-07
472    4.58605e-07
473    7.71564e-07
474    7.71192e-07
475    3.43281e-07
476    9.46142e-07
477    1.03936e-06
478    5.69302e-07
479    8.89551e-08
480    2.18308e-07
481     6.8648e-07
482    8.19252e-08
483    6.13323e-07
484    1.02864e-06
485    3.45928e-07
486    4.77356e-07
487     1.3131e-06
488    4.25347e-07
489     9.9722e-07
490    8.65928e-07
491    4.23417e-07
492     1.5901e-07
493    8.16491e-07
494   -3.19923e-07
495    1.34446e-07
496    4.45313e-07
497    6.08076e-07
498    4.76879e-07
499     3.3377e-07
500      1.022e-07
501    6.67793e-07
502    9.06485e-07
503   -2.11956e-07
504    9.56809e-07
505    6.08581e-07
506    4.53485e-07
507    6.07495e-07
508    1.65532e-07
509     1.0144e-06
510    8.31083e-07
511    6.42599e-07
512     8.8047e-07
