RMS:    Average: 
0.910934   -0.00310709
0        27.8745
1        1.18187
2       0.657675
3       0.412144
4      0.0422533
5      0.0385561
6      0.0166987
7      0.0122939
8      0.0118665
9     0.00796177
10     0.00360759
11      0.0026605
12     0.00413771
13     0.00333279
14     0.00329732
15      0.0028622
16     0.00216156
17     0.00234607
18     0.00249812
19     0.00227668
20     0.00235451
21     0.00180507
22     0.00156484
23     0.00101873
24    0.000858855
25    0.000721198
26     0.00121974
27    0.000945646
28    0.000987118
29    0.000835059
30     0.00110105
31    0.000714519
32    0.000980533
33    0.000692353
34    0.000980967
35    0.000542708
36    0.000729115
37    0.000761143
38     0.00102301
39     0.00103642
40    0.000911346
41    0.000707137
42    0.000687519
43    0.000584169
44     0.00068143
45    0.000701089
46    0.000727192
47    0.000602865
48     0.00052744
49    0.000439994
50    0.000543964
51    0.000500403
52    0.000576421
53     0.00057523
54    0.000466308
55    0.000437324
56    0.000425295
57    0.000403669
58    0.000394667
59    0.000384606
60    0.000375374
61    0.000337941
62    0.000229393
63    0.000328122
64    0.000286165
65    0.000266778
66    0.000294156
67    0.000243207
68    0.000305549
69    0.000257329
70    0.000277025
71    0.000252732
72    0.000248631
73    0.000263962
74    0.000239515
75    0.000251959
76    0.000232602
77    0.000207737
78    0.000215589
79    0.000168262
80    0.000167054
81    0.000161867
82    0.000183579
83    0.000180296
84    0.000165426
85    0.000140107
86    0.000144016
87    0.000124529
88    0.000135402
89    0.000124257
90    0.000144835
91    0.000119941
92    0.000136256
93    0.000129606
94    0.000121018
95    0.000118662
96    0.000125768
97    0.000107545
98    0.000126093
99    9.16281e-05
100      8.641e-05
101    7.95339e-05
102     9.6071e-05
103    9.71425e-05
104     7.6803e-05
105    8.74206e-05
106    8.17537e-05
107    7.07401e-05
108     7.1237e-05
109      6.903e-05
110    7.92458e-05
111    7.40482e-05
112    6.92793e-05
113    6.76986e-05
114     7.3661e-05
115    6.68254e-05
116     6.5497e-05
117    6.17207e-05
118     5.8949e-05
119    6.21113e-05
120    5.78328e-05
121    5.77289e-05
122    5.89805e-05
123    5.48853e-05
124    5.11637e-05
125    5.53645e-05
126    5.12943e-05
127    4.71513e-05
128    4.53151e-05
129    4.63164e-05
130       4.19e-05
131    5.08536e-05
132    4.12696e-05
133    4.64191e-05
134    4.92722e-05
135    4.51962e-05
136    3.88503e-05
137    4.38138e-05
138     4.1422e-05
139    3.74294e-05
140    4.38901e-05
141    4.66687e-05
142    4.45336e-05
143    4.13703e-05
144    4.85519e-05
145    4.14382e-05
146    3.39037e-05
147    3.18386e-05
148    3.47202e-05
149    3.26196e-05
150     3.4678e-05
151    3.62814e-05
152    3.88788e-05
153    3.78915e-05
154    3.56409e-05
155    2.98201e-05
156    3.02288e-05
157    2.95166e-05
158    3.08892e-05
159    3.16279e-05
160    3.37765e-05
161     3.2081e-05
162    3.16277e-05
163    3.31838e-05
164    3.53488e-05
165    3.25277e-05
166    3.54664e-05
167    3.70043e-05
168    3.76126e-05
169    3.13749e-05
170    3.54959e-05
171    3.40342e-05
172    3.13879e-05
173    2.94196e-05
174    3.19113e-05
175     3.1218e-05
176    2.96053e-05
177    3.24654e-05
178    2.74472e-05
179    2.97057e-05
180    3.24739e-05
181     3.4423e-05
182     3.4767e-05
183    3.50889e-05
184     3.1612e-05
185    3.16573e-05
186    3.17681e-05
187    3.03367e-05
188    3.04359e-05
189    3.05545e-05
190    3.00316e-05
191    3.32464e-05
192    2.85548e-05
193    3.02304e-05
194    3.03091e-05
195    3.04524e-05
196    2.79735e-05
197    2.91898e-05
198    2.89867e-05
199    2.83757e-05
200    2.71812e-05
201    3.01847e-05
202    2.74984e-05
203    2.94473e-05
204    2.81117e-05
205    2.74349e-05
206    2.55182e-05
207    2.96392e-05
208    2.90366e-05
209    2.82094e-05
210    2.92731e-05
211    2.54569e-05
212     2.9915e-05
213    2.93391e-05
214    2.75052e-05
215    2.63389e-05
216    2.56015e-05
217    2.88088e-05
218    3.08624e-05
219    2.68713e-05
220    2.90486e-05
221    2.72133e-05
222    2.77854e-05
223    2.70208e-05
224    2.83994e-05
225    2.61897e-05
226    2.83808e-05
227    2.57337e-05
228    2.51386e-05
229    2.17838e-05
230    2.25476e-05
231    2.36544e-05
232    2.45441e-05
233    2.38469e-05
234    2.44871e-05
235    2.48697e-05
236    2.34699e-05
237    2.39461e-05
238     2.1622e-05
239     2.2755e-05
240    2.44743e-05
241    2.04324e-05
242    2.10855e-05
243     2.3355e-05
244    2.56475e-05
245    2.12453e-05
246    2.16446e-05
247    1.94396e-05
248    2.31626e-05
249    2.08361e-05
250    2.38646e-05
251    2.38456e-05
252    2.11446e-05
253    1.86688e-05
254    2.01425e-05
255    1.64738e-05
256    2.05944e-05
257    2.12801e-05
258    2.06818e-05
259     2.0189e-05
260    1.92494e-05
261    1.78376e-05
262    1.83384e-05
263    1.71911e-05
264    1.77848e-05
265    1.98661e-05
266    1.94694e-05
267    1.92352e-05
268    1.87285e-05
269    1.92024e-05
270    1.76485e-05
271    2.15596e-05
272    1.73991e-05
273    1.76938e-05
274    1.76085e-05
275    1.66119e-05
276    1.73211e-05
277    1.73264e-05
278    1.79869e-05
279    1.74207e-05
280    1.71229e-05
281    1.69299e-05
282    1.73647e-05
283    1.68575e-05
284    1.61074e-05
285    1.72232e-05
286    1.56575e-05
287    1.75957e-05
288    1.65592e-05
289    1.81224e-05
290    1.81671e-05
291    1.66005e-05
292    1.90355e-05
293    1.85392e-05
294     1.7828e-05
295    1.74529e-05
296    1.75733e-05
297    1.50067e-05
298     1.7007e-05
299    1.74066e-05
300    1.67399e-05
301    1.65399e-05
302    1.64151e-05
303    1.63788e-05
304    1.53491e-05
305    1.53685e-05
306    1.53548e-05
307    1.52966e-05
308    1.78475e-05
309    1.57529e-05
310    1.58809e-05
311    1.65917e-05
312    1.49543e-05
313    1.49612e-05
314    1.45969e-05
315    1.53706e-05
316     1.5346e-05
317    1.56702e-05
318     1.6024e-05
319    1.51665e-05
320    1.64384e-05
321    1.66906e-05
322    1.69261e-05
323    1.70903e-05
324    1.73857e-05
325    1.58748e-05
326    1.55376e-05
327    1.74973e-05
328    1.86033e-05
329    1.58848e-05
330    1.73627e-05
331    1.51476e-05
332    1.45291e-05
333    1.57282e-05
334    1.41917e-05
335    1.61549e-05
336    1.60646e-05
337     1.5623e-05
338    1.74806e-05
339     1.5646e-05
340    1.49842e-05
341     1.5123e-05
342    1.54956e-05
343    1.55959e-05
344    1.70793e-05
345    1.58364e-05
346    1.59534e-05
347     1.5284e-05
348    1.50789e-05
349    1.55976e-05
350    1.43697e-05
351    1.38531e-05
352    1.36717e-05
353     1.3848e-05
354    1.36821e-05
355     1.5224e-05
356    1.51566e-05
357    1.38556e-05
358    1.40646e-05
359    1.41169e-05
360    1.37751e-05
361    1.50798e-05
362    1.37215e-05
363    1.45524e-05
364    1.35926e-05
365     1.3829e-05
366    1.40083e-05
367    1.32092e-05
368    1.35424e-05
369    1.43573e-05
370    1.30473e-05
371    1.38639e-05
372     1.4019e-05
373    1.41654e-05
374    1.39278e-05
375    1.38641e-05
376    1.54421e-05
377    1.44989e-05
378    1.31065e-05
379    1.23365e-05
380    1.19573e-05
381    1.21907e-05
382    1.30149e-05
383    1.24508e-05
384     1.3993e-05
385    1.41849e-05
386    1.43209e-05
387    1.37813e-05
388    1.39022e-05
389    1.31309e-05
390    1.35109e-05
391    1.35281e-05
392    1.29744e-05
393    1.34669e-05
394    1.35497e-05
395    1.25474e-05
396    1.40586e-05
397    1.33413e-05
398    1.40558e-05
399    1.29764e-05
400    1.24975e-05
401    1.15961e-05
402    1.20233e-05
403    1.22892e-05
404    1.21649e-05
405    1.29617e-05
406    1.19625e-05
407    1.25933e-05
408    1.16357e-05
409     1.2688e-05
410    1.22418e-05
411    1.16145e-05
412    1.20087e-05
413    1.22481e-05
414    1.29367e-05
415    1.18102e-05
416    1.23733e-05
417     1.2473e-05
418    1.32292e-05
419     1.2506e-05
420    1.26663e-05
421    1.35765e-05
422    1.25618e-05
423    1.13188e-05
424    1.25232e-05
425    1.15822e-05
426    1.15487e-05
427    1.19238e-05
428    1.25731e-05
429    1.18637e-05
430    1.18782e-05
431    1.06844e-05
432    1.15778e-05
433    1.13694e-05
434    1.20371e-05
435    1.20546e-05
436    1.16651e-05
437    1.29794e-05
438    1.25246e-05
439    1.24374e-05
440    1.28901e-05
441    1.10486e-05
442    1.26554e-05
443    1.26933e-05
444    1.18327e-05
445     1.2055e-05
446    1.18625e-05
447    1.14772e-05
448    1.12866e-05
449    1.20755e-05
450    1.15255e-05
451     1.1068e-05
452     1.0703e-05
453    1.16899e-05
454    1.13717e-05
455    1.13521e-05
456    1.21441e-05
457    1.16001e-05
458    1.22636e-05
459    1.23122e-05
460    1.17643e-05
461    1.17938e-05
462     1.0291e-05
463    1.16431e-05
464    1.13101e-05
465    1.16298e-05
466    1.16408e-05
467    1.17507e-05
468    1.16962e-05
469    1.16346e-05
470    1.22498e-05
471    1.20393e-05
472    1.18823e-05
473    1.12995e-05
474     1.2044e-05
475    1.18371e-05
476    1.12324e-05
477    1.14133e-05
478    1.23184e-05
479    1.08247e-05
480    1.12811e-05
481    1.13382e-05
482    1.12724e-05
483    1.16315e-05
484    1.24907e-05
485    1.16649e-05
486    1.20854e-05
487    1.11502e-05
488    1.17712e-05
489    1.04005e-05
490    1.09071e-05
491     1.0977e-05
492    1.12329e-05
493    1.15509e-05
494    1.13739e-05
495    1.10023e-05
496    1.18057e-05
497    1.09711e-05
498    1.17251e-05
499    1.14345e-05
500    1.20999e-05
501    1.09949e-05
502    1.01618e-05
503    1.09619e-05
504     1.1185e-05
505    1.07535e-05
506    1.09761e-05
507     1.0537e-05
508    1.09974e-05
509    1.08864e-05
510    1.11189e-05
511    1.03737e-05
512    1.00144e-05
