RMS:    Average: 
0.913543   -3.35093
0        30.0235
1       0.946991
2       0.552749
3       0.345658
4      0.0367334
5      0.0332961
6      0.0150049
7      0.0104426
8      0.0102929
9     0.00562149
10     0.00319565
11     0.00190596
12     0.00431332
13     0.00292024
14     0.00307901
15     0.00273881
16     0.00162587
17     0.00183435
18     0.00190389
19     0.00189577
20     0.00193592
21     0.00143885
22     0.00109363
23    0.000837715
24    0.000827902
25    0.000531404
26     0.00102134
27    0.000933199
28    0.000785516
29    0.000711292
30    0.000896733
31    0.000536861
32    0.000825985
33    0.000602668
34    0.000684291
35    0.000566717
36    0.000625098
37    0.000682569
38    0.000830968
39    0.000898353
40    0.000710938
41    0.000657688
42       0.000674
43    0.000445902
44    0.000600627
45    0.000536701
46    0.000604127
47    0.000502777
48    0.000446479
49    0.000384828
50    0.000401144
51    0.000411104
52    0.000423565
53    0.000547777
54    0.000348534
55    0.000393443
56    0.000385783
57    0.000371409
58    0.000349012
59    0.000295335
60    0.000266645
61    0.000259305
62    0.000215616
63    0.000222034
64    0.000206915
65    0.000218883
66    0.000224072
67    0.000186938
68    0.000261178
69    0.000221025
70    0.000253707
71    0.000227775
72    0.000234095
73    0.000215609
74    0.000203324
75    0.000226351
76    0.000164548
77    0.000186467
78     0.00015819
79    0.000132497
80    0.000124373
81    0.000131912
82    0.000129984
83    0.000122128
84    0.000103146
85    0.000103828
86    9.07555e-05
87    8.63412e-05
88     0.00010128
89    0.000106581
90    0.000128306
91    9.67638e-05
92     0.00010456
93    9.63871e-05
94     9.6726e-05
95    8.26061e-05
96    8.93799e-05
97     8.9556e-05
98    7.80264e-05
99    5.40679e-05
100    6.38732e-05
101    5.68062e-05
102    6.07794e-05
103    6.05286e-05
104    6.07571e-05
105    5.06732e-05
106    5.02031e-05
107    4.98242e-05
108     6.5621e-05
109    4.54725e-05
110    5.49693e-05
111    4.90308e-05
112    4.14124e-05
113    4.50563e-05
114    3.91554e-05
115    3.96309e-05
116    4.03296e-05
117    4.06658e-05
118    3.12323e-05
119    3.78436e-05
120    3.51322e-05
121    3.67337e-05
122    3.82808e-05
123    3.67988e-05
124    3.13464e-05
125     3.2508e-05
126    3.35677e-05
127    2.52327e-05
128     2.3052e-05
129    2.87543e-05
130       2.18e-05
131    3.31168e-05
132    2.78376e-05
133    2.72134e-05
134    2.96694e-05
135    2.49252e-05
136    2.34976e-05
137    2.40023e-05
138    2.41837e-05
139    2.19332e-05
140    2.03684e-05
141    2.64602e-05
142    2.03715e-05
143     2.3017e-05
144    2.42871e-05
145    2.04339e-05
146    2.20626e-05
147    1.96953e-05
148    2.35975e-05
149     1.4555e-05
150     1.6193e-05
151    1.61987e-05
152    1.70322e-05
153    1.43033e-05
154     1.5719e-05
155    1.49715e-05
156    1.30622e-05
157    1.39901e-05
158    1.57653e-05
159    1.83028e-05
160    1.92001e-05
161      1.855e-05
162    1.90626e-05
163     1.5544e-05
164     1.7003e-05
165      1.487e-05
166    1.41141e-05
167    1.69517e-05
168    1.65847e-05
169    1.52368e-05
170    1.68343e-05
171    1.49136e-05
172    1.56865e-05
173    1.39753e-05
174    1.15623e-05
175    1.40196e-05
176    1.40286e-05
177    1.43017e-05
178    1.46382e-05
179    1.40575e-05
180    1.18284e-05
181    1.77365e-05
182    1.68722e-05
183    1.69888e-05
184    1.84444e-05
185    1.55502e-05
186    1.71389e-05
187    1.50096e-05
188    1.36593e-05
189    1.52352e-05
190    1.42828e-05
191    1.20203e-05
192    1.09435e-05
193    1.24947e-05
194    1.41556e-05
195    1.31287e-05
196    1.64115e-05
197    1.48086e-05
198    1.43118e-05
199    1.48647e-05
200    1.41179e-05
201    1.58521e-05
202    1.72235e-05
203    1.69041e-05
204    1.27954e-05
205    1.47663e-05
206    1.49016e-05
207    1.53286e-05
208    1.20517e-05
209    1.34445e-05
210    1.23451e-05
211    1.21155e-05
212    1.36535e-05
213    1.28841e-05
214    1.46719e-05
215    1.34494e-05
216    1.37974e-05
217    1.25589e-05
218    1.38639e-05
219    1.43286e-05
220    1.24126e-05
221    1.22817e-05
222    1.40896e-05
223    1.22853e-05
224    1.39398e-05
225    1.14429e-05
226    1.14087e-05
227    1.41891e-05
228    1.19412e-05
229    1.02637e-05
230    1.28503e-05
231    1.14484e-05
232    1.27549e-05
233    1.27299e-05
234    1.28153e-05
235      1.274e-05
236    1.21868e-05
237    1.12018e-05
238       1.17e-05
239    1.15308e-05
240     1.0863e-05
241    1.05777e-05
242     7.8426e-06
243    8.97606e-06
244    9.12565e-06
245     8.3711e-06
246    1.02213e-05
247    9.55288e-06
248    1.06989e-05
249    1.07015e-05
250    9.41314e-06
251    9.71818e-06
252     8.3289e-06
253    7.88001e-06
254    8.62833e-06
255     7.3729e-06
256    9.05933e-06
257    9.86638e-06
258    8.32458e-06
259    5.47287e-06
260    7.07142e-06
261    7.59286e-06
262    7.25358e-06
263     6.5561e-06
264    7.58358e-06
265    6.91271e-06
266      8.081e-06
267    7.34861e-06
268    7.95744e-06
269    5.65558e-06
270     5.6557e-06
271    5.46356e-06
272    6.66655e-06
273    6.03386e-06
274    6.21527e-06
275    5.00761e-06
276    4.35597e-06
277    6.47142e-06
278    6.38216e-06
279    7.46563e-06
280    6.71392e-06
281    5.78869e-06
282    6.66508e-06
283    5.65539e-06
284    5.35595e-06
285    5.34744e-06
286    5.45203e-06
287    4.31006e-06
288    6.40378e-06
289     6.1171e-06
290    6.35204e-06
291    4.25735e-06
292    5.84989e-06
293     5.3225e-06
294    6.58328e-06
295    6.59301e-06
296    6.49303e-06
297    6.48697e-06
298    6.83131e-06
299    6.02533e-06
300    7.47831e-06
301    5.83389e-06
302    5.12389e-06
303    5.57671e-06
304    5.46703e-06
305    4.91532e-06
306    5.96748e-06
307    4.84423e-06
308    6.60939e-06
309    6.35487e-06
310    5.91305e-06
311     5.2944e-06
312    4.88562e-06
313    5.04268e-06
314    5.69096e-06
315    5.21436e-06
316    4.88524e-06
317    4.99811e-06
318    4.68019e-06
319    4.29188e-06
320    5.76681e-06
321    6.40299e-06
322    6.37618e-06
323    5.68747e-06
324     6.3642e-06
325    5.92435e-06
326    5.92129e-06
327    6.30063e-06
328    5.69159e-06
329    5.73427e-06
330    4.72956e-06
331    5.21973e-06
332    4.42707e-06
333    4.43825e-06
334    5.83692e-06
335    5.10348e-06
336    6.48588e-06
337    4.32265e-06
338    5.90417e-06
339    4.18991e-06
340    5.12982e-06
341    4.67094e-06
342     4.5985e-06
343    5.24941e-06
344     5.8759e-06
345     5.9693e-06
346    5.52255e-06
347    6.61406e-06
348    5.06922e-06
349    4.43766e-06
350    6.09042e-06
351    5.61807e-06
352    5.62149e-06
353    4.10151e-06
354    4.98134e-06
355    5.43984e-06
356    5.41528e-06
357    5.16089e-06
358    4.92645e-06
359     5.1688e-06
360      6.309e-06
361    5.46132e-06
362    5.53594e-06
363    4.27676e-06
364    4.07327e-06
365     3.8532e-06
366    3.16333e-06
367    4.78512e-06
368    4.53074e-06
369    4.36522e-06
370    5.05506e-06
371    5.21956e-06
372    4.42664e-06
373    5.15367e-06
374    5.12927e-06
375    4.13569e-06
376     3.8298e-06
377    4.54608e-06
378    4.77028e-06
379    3.81626e-06
380    4.48435e-06
381    3.48899e-06
382    3.47653e-06
383    4.05873e-06
384    4.88325e-06
385    3.94128e-06
386    4.22353e-06
387    4.19583e-06
388    4.29049e-06
389    4.45953e-06
390    3.76236e-06
391    3.17149e-06
392    3.91954e-06
393    3.76348e-06
394    3.78807e-06
395    3.85915e-06
396     3.5147e-06
397    3.91237e-06
398    3.44153e-06
399    3.57031e-06
400      2.693e-06
401    3.91146e-06
402    4.50678e-06
403    2.95676e-06
404    3.55981e-06
405    2.82577e-06
406    1.90801e-06
407    2.74152e-06
408     2.7643e-06
409    3.18194e-06
410    3.37176e-06
411    3.37858e-06
412    3.59502e-06
413    3.50843e-06
414     4.2565e-06
415    3.53509e-06
416    2.73848e-06
417    3.42519e-06
418    3.30802e-06
419    3.66537e-06
420    3.15758e-06
421    3.22755e-06
422    3.14392e-06
423    3.30086e-06
424    2.68197e-06
425    3.27451e-06
426    3.53927e-06
427    3.72134e-06
428    3.31598e-06
429    2.83618e-06
430    2.80728e-06
431    3.77127e-06
432    3.36464e-06
433    3.63985e-06
434    3.97597e-06
435    3.24268e-06
436     2.9188e-06
437    3.27454e-06
438    3.31999e-06
439      2.785e-06
440    3.22741e-06
441    2.27251e-06
442    2.84601e-06
443    2.31453e-06
444    2.76623e-06
445    2.69243e-06
446    2.31956e-06
447    3.30909e-06
448    3.02498e-06
449    2.24132e-06
450    3.21274e-06
451    3.96137e-06
452    2.77702e-06
453    2.73081e-06
454    2.77458e-06
455    2.87894e-06
456    2.71076e-06
457    3.27975e-06
458    3.81649e-06
459    3.14152e-06
460    3.44491e-06
461    3.20455e-06
462    3.26991e-06
463    3.16092e-06
464    2.22876e-06
465     1.9742e-06
466    2.28158e-06
467    2.58959e-06
468    3.01271e-06
469    3.43007e-06
470    3.19104e-06
471    2.69375e-06
472    3.71674e-06
473    3.66822e-06
474    3.15944e-06
475    3.54046e-06
476    2.89409e-06
477    2.76496e-06
478    2.21683e-06
479    2.34075e-06
480    2.61175e-06
481    2.85535e-06
482     3.4223e-06
483    2.37515e-06
484    3.21068e-06
485    3.05567e-06
486    2.69908e-06
487    3.69327e-06
488    2.88373e-06
489    3.30323e-06
490    3.25498e-06
491    3.08342e-06
492    3.20405e-06
493    2.51322e-06
494    3.02445e-06
495    3.34623e-06
496    2.61908e-06
497    2.72571e-06
498    2.73054e-06
499    2.23448e-06
500    3.23413e-06
501    3.06494e-06
502    3.84262e-06
503    2.80271e-06
504    2.84025e-06
505    1.96399e-06
506    2.43153e-06
507    2.57714e-06
508    2.61185e-06
509    2.97542e-06
510    2.87545e-06
511    2.81511e-06
512    3.06338e-06
