0        34.4013
1       0.590355
2       0.356856
3       0.227712
4      0.0257251
5       0.021708
6     0.00952429
7     0.00637014
8     0.00584297
9     0.00333026
10      0.0019748
11     0.00121283
12     0.00272138
13     0.00153111
14     0.00181565
15     0.00147342
16    0.000942936
17     0.00108896
18      0.0011469
19     0.00112658
20     0.00116466
21    0.000992819
22    0.000675696
23    0.000500339
24    0.000490063
25    0.000322663
26    0.000553817
27    0.000538247
28     0.00043642
29    0.000463175
30    0.000507983
31    0.000283646
32     0.00046584
33    0.000345313
34    0.000384886
35    0.000333438
36    0.000364408
37    0.000361103
38    0.000465245
39    0.000485119
40    0.000406714
41    0.000367016
42    0.000372945
43    0.000258871
44    0.000328701
45    0.000296956
46    0.000324394
47    0.000264476
48    0.000261707
49    0.000210469
50    0.000212457
51    0.000215774
52    0.000249647
53    0.000284572
54    0.000187666
55    0.000220949
56    0.000206459
57     0.00019962
58    0.000184765
59    0.000162809
60     0.00015917
61    0.000154546
62    0.000123217
63    0.000120574
64    0.000113258
65    0.000108244
66    0.000127208
67    9.21936e-05
68     0.00013487
69    0.000120848
70    0.000139044
71    0.000116879
72     0.00012476
73    0.000108148
74    0.000106573
75    0.000123894
76    9.11305e-05
77    9.81917e-05
78    7.97031e-05
79    6.23134e-05
80    6.80732e-05
81    6.03658e-05
82    7.48923e-05
83    6.85937e-05
84    5.44875e-05
85    4.78735e-05
86    4.60043e-05
87    4.37445e-05
88    5.78413e-05
89    4.96049e-05
90    6.90784e-05
91     5.3389e-05
92    5.76559e-05
93    5.22762e-05
94    4.93488e-05
95    3.61994e-05
96    4.23179e-05
97    4.01713e-05
98    4.23374e-05
99    2.13644e-05
100    2.97846e-05
101    2.69774e-05
102    2.95124e-05
103    2.58945e-05
104    2.87214e-05
105    2.34024e-05
106    2.40544e-05
107    2.57361e-05
108    3.23457e-05
109    2.11916e-05
110    2.46478e-05
111     2.2024e-05
112    1.82371e-05
113    1.91211e-05
114    1.84685e-05
115    1.39424e-05
116    1.59982e-05
117    1.50434e-05
118    1.18866e-05
119     1.5148e-05
120    1.75597e-05
121    1.51505e-05
122    1.82374e-05
123    1.36939e-05
124    1.58405e-05
125    1.30162e-05
126    1.31636e-05
127    1.04819e-05
128     9.8274e-06
129    1.41324e-05
130    8.73254e-06
131    1.17642e-05
132    1.04581e-05
133    1.20155e-05
134    1.19807e-05
135    7.04793e-06
136    7.95667e-06
137    6.97045e-06
138    1.02534e-05
139    6.61665e-06
140    8.96763e-06
141    1.12649e-05
142    8.82363e-06
143    1.26931e-05
144    8.04389e-06
145    8.52594e-06
146    1.03188e-05
147    8.09312e-06
148    1.09613e-05
149    4.19411e-06
150    7.40465e-06
151    5.09872e-06
152    5.63727e-06
153    4.62125e-06
154    4.54194e-06
155    4.95525e-06
156    5.45188e-06
157     3.7162e-06
158    5.67919e-06
159    5.76828e-06
160    5.95264e-06
161    8.31121e-06
162    6.33411e-06
163    4.45903e-06
164    6.16198e-06
165    4.89336e-06
166    6.37836e-06
167    5.65945e-06
168     3.5661e-06
169    5.72157e-06
170     5.0446e-06
171    4.23788e-06
172    3.92465e-06
173    2.64754e-06
174     2.5975e-06
175     4.6018e-06
176    3.23877e-06
177    5.73829e-06
178    4.35492e-06
179    5.17596e-06
180    5.38845e-06
181    6.61039e-06
182    7.85041e-06
183    7.34938e-06
184    6.89042e-06
185    7.27269e-06
186    7.18153e-06
187    6.92193e-06
188    6.01544e-06
189    7.77428e-06
190    6.31745e-06
191    5.67263e-06
192    4.83718e-06
193    4.96903e-06
194    6.53244e-06
195    5.86076e-06
196    8.40449e-06
197    7.98874e-06
198    6.61337e-06
199    7.69373e-06
200    4.56706e-06
201    6.17942e-06
202    6.37681e-06
203    6.08411e-06
204    5.15811e-06
205    5.81194e-06
206    5.92566e-06
207    8.10574e-06
208    4.45947e-06
209    4.51249e-06
210    4.29843e-06
211    3.96054e-06
212    4.56839e-06
213    4.82308e-06
214    5.35553e-06
215    4.80564e-06
216     6.1888e-06
217    4.76583e-06
218    6.08161e-06
219    5.60177e-06
220    5.21217e-06
221    5.60987e-06
222    5.68006e-06
223    5.06697e-06
224    6.34472e-06
225     5.5542e-06
226    4.95011e-06
227    4.70134e-06
228    3.90185e-06
229     3.5494e-06
230    4.92098e-06
231    3.03886e-06
232    4.14401e-06
233    5.69377e-06
234    4.01882e-06
235    4.32654e-06
236    4.59903e-06
237    4.25991e-06
238    3.98441e-06
239    4.89393e-06
240    3.96165e-06
241    3.15894e-06
242    2.33687e-06
243    2.90007e-06
244    4.49973e-06
245    3.63714e-06
246     4.3092e-06
247    2.50465e-06
248    2.71316e-06
249    3.35996e-06
250     3.1937e-06
251    3.11374e-06
252    3.45046e-06
253    2.70207e-06
254    3.39221e-06
255    3.13694e-06
256    3.55045e-06
257     3.5616e-06
258    2.86139e-06
259    2.02823e-06
260    2.14634e-06
261     1.7929e-06
262    1.38869e-06
263    2.33433e-07
264    1.45407e-06
265    2.42642e-06
266    2.62441e-06
267    1.20885e-06
268    3.95319e-06
269    8.91855e-07
270    2.03941e-06
271    1.42161e-06
272    2.57815e-06
273    2.45062e-06
274    2.33592e-06
275    3.02074e-06
276    2.27911e-06
277    3.10952e-06
278    2.70867e-06
279    3.33593e-06
280    2.70205e-06
281    2.25941e-06
282    2.08689e-06
283    1.32121e-06
284    1.57551e-06
285    1.42697e-06
286    2.03947e-06
287     1.6484e-06
288    2.26775e-06
289    1.31021e-06
290    1.69631e-06
291    8.38054e-07
292    2.15727e-06
293    1.56213e-06
294    2.62863e-06
295    2.17649e-06
296    1.19726e-06
297    2.04992e-06
298    2.46425e-06
299    2.09537e-06
300    2.84012e-06
301    2.44031e-06
302    1.40016e-06
303    1.36408e-06
304    1.22564e-06
305    1.61435e-06
306    8.32075e-07
307    1.35161e-06
308    1.74045e-06
309    1.99345e-06
310     9.1914e-07
311    1.82986e-06
312    1.89487e-06
313    1.07848e-06
314    1.38593e-06
315    1.48132e-06
316    1.86919e-06
317    1.73107e-06
318    2.52598e-06
319    2.49679e-06
320    1.72336e-06
321    1.97707e-06
322    1.76478e-06
323      1.556e-06
324    1.16129e-06
325    9.32042e-07
326    1.27886e-06
327    1.45825e-06
328    1.23496e-06
329    8.36423e-07
330    9.81592e-07
331    1.17293e-06
332    1.21566e-06
333    1.10608e-06
334     1.2111e-06
335    1.53866e-06
336    1.45884e-06
337    2.03471e-06
338    9.51052e-07
339    1.91891e-06
340    2.81033e-06
341    1.53697e-06
342    2.37491e-06
343    1.93775e-06
344    2.40882e-06
345    2.70074e-06
346    9.77779e-07
347    1.41847e-06
348    1.82232e-06
349    1.42484e-06
350    1.38532e-06
351    1.57691e-06
352     1.2203e-06
353    1.03332e-06
354    2.15413e-06
355    1.55078e-06
356    1.16224e-06
357     2.0141e-06
358    1.33696e-06
359    1.37405e-06
360    1.61227e-06
361    1.71305e-06
362     9.2735e-07
363    2.18833e-06
364    1.24238e-06
365    9.23898e-07
366     1.4656e-06
367    1.71713e-06
368    1.28028e-06
369    1.56735e-06
370     8.4014e-07
371    1.83327e-06
372    2.10877e-06
373    1.15116e-06
374     7.5777e-07
375    1.76937e-06
376    1.94212e-06
377    1.57213e-06
378    9.95062e-07
379    1.29156e-06
380    1.11398e-06
381    1.03301e-06
382    1.80567e-06
383    1.47984e-06
384    1.87731e-06
385    1.06361e-06
386    2.04549e-06
387    1.20158e-06
388    1.98776e-06
389    1.51577e-06
390    1.02187e-06
391     2.1012e-06
392    1.44846e-06
393    1.48472e-06
394    9.76522e-07
395    1.66888e-06
396    9.39985e-07
397    9.24034e-07
398     1.3394e-06
399     1.1322e-06
400    1.16451e-06
401    9.84152e-07
402     1.2985e-06
403    1.17256e-06
404     1.0218e-06
405    8.05179e-07
406     6.4474e-07
407    5.12715e-07
408    1.43969e-06
409    1.07084e-06
410    6.02436e-07
411     6.7057e-07
412    1.24078e-06
413    7.76914e-07
414    1.52945e-06
415    6.69343e-07
416    1.74517e-06
417    1.53235e-06
418    1.05671e-06
419    1.32295e-06
420    4.08992e-07
421    1.50351e-06
422    2.57435e-07
423   -1.32878e-07
424    2.36834e-07
425    6.24416e-07
426    6.96394e-07
427    9.43156e-07
428    8.20744e-07
429    9.53539e-07
430    5.62327e-07
431    1.44566e-06
432    1.80815e-06
433    6.96438e-07
434    8.04228e-07
435    9.41535e-07
436    1.22213e-06
437     8.6845e-07
438    7.11887e-07
439    9.15652e-07
440    8.11957e-07
441    6.24719e-07
442     2.7562e-07
443    4.20587e-07
444   -3.27171e-08
445    6.64828e-07
446     7.8946e-07
447    4.58969e-07
448    6.75884e-07
449    8.78031e-07
450    6.62656e-07
451    7.08443e-07
452    1.50617e-07
453    1.00329e-06
454    9.13961e-07
455    9.66646e-07
456    1.13598e-06
457     2.8515e-07
458    6.27795e-07
459    1.19074e-06
460     1.4917e-06
461    1.06114e-06
462    2.18348e-07
463    6.01978e-07
464    7.15669e-07
465    8.58471e-07
466    1.11332e-06
467     8.2186e-07
468    6.97701e-07
469    1.03133e-06
470    7.68695e-07
471    1.87065e-07
472    1.09963e-06
473    9.55907e-07
474    1.13428e-06
475    1.31385e-06
476     1.3745e-06
477    6.01232e-07
478    8.67164e-07
479    3.18016e-08
480    7.32463e-07
481     9.5383e-07
482    1.23214e-06
483    5.48521e-07
484    1.13477e-06
485    1.50798e-06
486    6.22314e-07
487    1.62164e-06
488    5.56887e-07
489    1.62776e-06
490    1.81343e-06
491    1.53475e-06
492    1.79339e-06
493    1.29102e-06
494    1.24191e-06
495    4.66765e-07
496    1.18322e-06
497    1.12701e-06
498    1.23128e-06
499    6.09094e-07
500    9.69918e-07
501    8.58754e-07
502    8.73646e-07
503    1.29664e-06
504    1.09735e-06
505    6.78473e-07
506    8.28048e-07
507    8.77905e-07
508    1.11118e-06
509    5.15154e-07
510    1.32291e-06
511    4.78873e-07
512    8.70979e-07
