0        35.9197
1       0.518726
2       0.330004
3       0.206117
4      0.0255797
5      0.0203775
6     0.00886232
7     0.00584108
8     0.00529497
9     0.00294506
10     0.00183718
11     0.00109941
12     0.00249857
13     0.00134086
14      0.0017354
15     0.00151747
16    0.000931207
17     0.00100682
18     0.00103542
19     0.00106363
20     0.00110012
21    0.000974141
22    0.000651723
23    0.000457184
24    0.000498164
25    0.000346648
26    0.000559625
27    0.000587376
28    0.000486778
29    0.000474738
30    0.000525093
31    0.000322367
32    0.000465431
33    0.000351196
34    0.000411974
35    0.000379422
36    0.000387721
37    0.000341402
38    0.000437756
39    0.000460716
40    0.000390928
41    0.000359393
42    0.000365324
43    0.000238096
44    0.000339062
45    0.000303382
46    0.000330765
47    0.000307662
48    0.000265742
49    0.000219325
50    0.000217302
51    0.000227209
52     0.00023862
53    0.000308698
54    0.000199446
55    0.000240106
56     0.00022293
57    0.000207932
58    0.000189819
59     0.00018359
60    0.000161119
61    0.000174848
62    0.000156729
63    0.000121926
64    0.000129532
65    0.000122064
66     0.00012699
67    0.000105466
68    0.000146777
69    0.000131556
70    0.000141583
71    0.000132152
72    0.000128009
73    0.000107518
74    0.000109474
75    0.000127383
76    9.12468e-05
77    0.000110555
78    8.95239e-05
79    7.78784e-05
80    8.12011e-05
81    6.81128e-05
82    7.85486e-05
83    6.49878e-05
84    6.01884e-05
85    5.40256e-05
86    5.10106e-05
87    5.10292e-05
88    6.31548e-05
89    6.03733e-05
90    7.80015e-05
91    6.61188e-05
92     6.4421e-05
93    6.30641e-05
94    5.91302e-05
95     4.6843e-05
96    5.06383e-05
97     4.6238e-05
98    4.69112e-05
99    2.77108e-05
100    4.10754e-05
101    3.69971e-05
102    4.10858e-05
103    3.23422e-05
104    3.59154e-05
105    2.95755e-05
106    3.28509e-05
107    2.95223e-05
108    3.90968e-05
109    2.80743e-05
110    3.26542e-05
111    3.20032e-05
112    2.93688e-05
113    2.69754e-05
114    2.67889e-05
115    2.12308e-05
116    2.65759e-05
117    2.41521e-05
118    2.34277e-05
119    2.34828e-05
120     2.6567e-05
121    2.55718e-05
122    2.45766e-05
123    2.18512e-05
124     2.1838e-05
125    1.71313e-05
126    1.89362e-05
127    1.66354e-05
128    1.67165e-05
129    1.92111e-05
130    1.47763e-05
131    1.91274e-05
132    1.79487e-05
133     1.6814e-05
134    1.73354e-05
135    1.43097e-05
136    1.47916e-05
137    1.41362e-05
138    1.53837e-05
139    1.19021e-05
140    1.27648e-05
141    1.58316e-05
142    1.77219e-05
143    1.69481e-05
144    1.46619e-05
145    1.29055e-05
146    1.52856e-05
147    1.24171e-05
148    1.50659e-05
149    1.00552e-05
150    1.03785e-05
151    8.92362e-06
152     1.0552e-05
153    9.73302e-06
154    8.63708e-06
155    1.07068e-05
156     8.9023e-06
157    9.28949e-06
158    1.03837e-05
159    1.08762e-05
160    8.65736e-06
161     1.1133e-05
162    1.05746e-05
163    9.11967e-06
164    9.50589e-06
165    7.79264e-06
166    1.04684e-05
167    9.46156e-06
168    1.00295e-05
169    1.02398e-05
170    1.05396e-05
171    9.80727e-06
172    9.60956e-06
173    7.84126e-06
174    8.00476e-06
175    9.01322e-06
176    8.15946e-06
177    9.52868e-06
178    8.64592e-06
179    1.03171e-05
180    9.29464e-06
181    1.02367e-05
182    1.05377e-05
183    8.88325e-06
184    9.78377e-06
185    1.01523e-05
186    8.95818e-06
187    8.89118e-06
188    9.08417e-06
189      1.095e-05
190    9.83601e-06
191    9.35238e-06
192    8.92529e-06
193    8.68197e-06
194    1.12712e-05
195    9.09746e-06
196    1.05435e-05
197     8.9473e-06
198    8.86631e-06
199     9.2304e-06
200    6.65768e-06
201    8.70102e-06
202    8.83348e-06
203    7.97128e-06
204    7.90675e-06
205    8.31666e-06
206    9.89836e-06
207    1.03811e-05
208    9.58301e-06
209    7.88516e-06
210    6.86992e-06
211    8.69312e-06
212    1.10985e-05
213    9.49454e-06
214     1.0281e-05
215    8.81472e-06
216    9.72509e-06
217    6.92563e-06
218    8.72523e-06
219    9.37356e-06
220    8.18316e-06
221    9.13059e-06
222    7.82625e-06
223    6.42721e-06
224    8.75322e-06
225    7.36108e-06
226    8.24806e-06
227    7.45428e-06
228    7.92297e-06
229    6.97636e-06
230     7.4455e-06
231    6.39758e-06
232    5.81085e-06
233    7.23431e-06
234    6.50466e-06
235     5.6574e-06
236    7.98424e-06
237    9.13716e-06
238    6.42011e-06
239     9.4889e-06
240    6.89528e-06
241    7.44372e-06
242    6.67455e-06
243    5.26287e-06
244    6.58722e-06
245    6.35726e-06
246    6.72472e-06
247    6.51226e-06
248    5.95961e-06
249    6.66494e-06
250    6.13122e-06
251     6.3777e-06
252    5.44483e-06
253    6.05923e-06
254     5.7053e-06
255    5.52028e-06
256    6.00765e-06
257    6.93511e-06
258    5.16411e-06
259    5.72195e-06
260    4.79706e-06
261     4.6173e-06
262    4.78292e-06
263    4.27881e-06
264     3.3668e-06
265    5.32386e-06
266    4.66108e-06
267     4.9047e-06
268    6.83675e-06
269    3.02447e-06
270    4.62196e-06
271    3.59698e-06
272    4.12234e-06
273    3.93544e-06
274    4.53119e-06
275    4.59925e-06
276    4.11013e-06
277      5.023e-06
278    4.63655e-06
279    4.16976e-06
280    4.36441e-06
281    4.57352e-06
282    4.82466e-06
283    3.29416e-06
284    3.08891e-06
285    3.91745e-06
286    4.32464e-06
287     4.4268e-06
288    4.22907e-06
289    3.61498e-06
290    4.44511e-06
291    3.51279e-06
292    4.13867e-06
293    3.76768e-06
294    4.18741e-06
295    3.75186e-06
296    3.79036e-06
297    3.50827e-06
298     4.7204e-06
299    4.61016e-06
300    5.27647e-06
301     4.1163e-06
302    2.86587e-06
303    3.05224e-06
304    3.23009e-06
305    3.40026e-06
306    2.88811e-06
307    3.68197e-06
308    3.22873e-06
309    3.78684e-06
310    3.41033e-06
311    2.75462e-06
312    2.99072e-06
313    3.02248e-06
314    3.24085e-06
315    3.80923e-06
316    4.09677e-06
317     3.9192e-06
318    2.79189e-06
319    4.33121e-06
320     4.1823e-06
321    3.65995e-06
322    4.72251e-06
323    4.22884e-06
324    4.10751e-06
325    3.65035e-06
326    4.53193e-06
327    4.47508e-06
328    4.54294e-06
329    3.13459e-06
330    4.02796e-06
331    4.05709e-06
332    3.25689e-06
333    3.88039e-06
334    3.73919e-06
335    2.71919e-06
336    3.80491e-06
337    4.18358e-06
338    3.29221e-06
339    3.40032e-06
340     3.9198e-06
341    3.33592e-06
342    3.49096e-06
343    3.69525e-06
344    2.92467e-06
345    3.29116e-06
346     2.8598e-06
347    3.53318e-06
348    3.18657e-06
349    3.55192e-06
350    3.99715e-06
351     3.1929e-06
352    2.98729e-06
353      3.039e-06
354    3.23183e-06
355    3.79447e-06
356    3.28191e-06
357     2.9173e-06
358    3.61236e-06
359    3.73309e-06
360    2.97292e-06
361    2.80984e-06
362    2.55906e-06
363    2.90035e-06
364    1.73341e-06
365    2.08619e-06
366    2.65042e-06
367    2.91128e-06
368    2.83742e-06
369    3.03837e-06
370    2.90507e-06
371    3.37827e-06
372     2.4807e-06
373    2.05534e-06
374    2.35202e-06
375    2.79964e-06
376    2.32381e-06
377    3.02122e-06
378    3.07442e-06
379    3.42343e-06
380    2.87443e-06
381    2.41224e-06
382    3.96734e-06
383    2.51645e-06
384      3.131e-06
385    2.62634e-06
386    3.49093e-06
387    2.89416e-06
388    3.06368e-06
389    2.76181e-06
390    2.81982e-06
391     3.4638e-06
392    1.81799e-06
393    2.64701e-06
394    2.39283e-06
395    2.26167e-06
396     2.2529e-06
397    2.73573e-06
398    3.47255e-06
399    2.65091e-06
400    2.45467e-06
401    2.33981e-06
402    1.68646e-06
403    2.55624e-06
404    3.17664e-06
405    2.07996e-06
406    2.04838e-06
407    2.34554e-06
408    2.23674e-06
409    1.80824e-06
410    1.62898e-06
411    1.88775e-06
412    1.77594e-06
413    1.98283e-06
414    2.55356e-06
415    2.27675e-06
416    1.93569e-06
417    2.99273e-06
418    2.53158e-06
419    2.30231e-06
420    2.54863e-06
421    2.14445e-06
422    2.20362e-06
423     2.2493e-06
424    2.13921e-06
425    2.18857e-06
426    1.68824e-06
427    1.96262e-06
428     2.1181e-06
429    2.47186e-06
430    1.40877e-06
431    2.43172e-06
432    2.26016e-06
433    2.22007e-06
434    2.75155e-06
435    1.82938e-06
436    3.01297e-06
437    2.21013e-06
438    2.37581e-06
439    1.57818e-06
440    1.71603e-06
441    1.20795e-06
442    2.12074e-06
443    2.00143e-06
444    2.51662e-06
445    1.80693e-06
446    1.92012e-06
447    1.77814e-06
448    1.49424e-06
449     1.1367e-06
450    1.98932e-06
451    9.19171e-07
452    1.60246e-06
453    1.94478e-06
454    1.99213e-06
455    1.19699e-06
456    2.33855e-06
457    1.47939e-06
458    2.41295e-06
459    2.67075e-06
460    2.19511e-06
461    2.21125e-06
462    2.69258e-06
463    2.78529e-06
464    2.60409e-06
465    2.32059e-06
466    1.92149e-06
467    1.84245e-06
468    1.94751e-06
469    1.79519e-06
470    1.75268e-06
471     1.6535e-06
472     1.8486e-06
473    1.85277e-06
474    2.26986e-06
475    2.04927e-06
476    2.13761e-06
477    1.01413e-06
478    1.88499e-06
479    9.27753e-07
480     1.5534e-06
481    1.81411e-06
482    1.07556e-06
483    8.97588e-07
484    1.56713e-06
485    1.46072e-06
486    1.67065e-06
487     2.3037e-06
488    2.10663e-06
489     1.9628e-06
490    2.18238e-06
491    1.16826e-06
492    2.16894e-06
493    1.88204e-06
494    1.86572e-06
495    2.86982e-06
496     2.1856e-06
497    2.25899e-06
498    2.00894e-06
499    1.58163e-06
500    1.26349e-06
501    1.54197e-06
502    1.36022e-06
503    1.86987e-06
504    1.78256e-06
505    1.71504e-06
506     1.7214e-06
507     2.2037e-06
508    2.10625e-06
509    1.77031e-06
510    1.59248e-06
511    9.47956e-07
512    1.69431e-06
