RMS:    Average: 
1.77157   2.29574
0        3.15226
1       0.647433
2       0.344244
3       0.100779
4       0.106241
5      0.0397633
6      0.0258317
7      0.0150998
8     0.00917461
9     0.00686362
10      0.0100314
11     0.00848253
12      0.0121346
13      0.0136532
14      0.0122388
15       0.011996
16     0.00539243
17     0.00724689
18     0.00973702
19      0.0117596
20      0.0107579
21     0.00679958
22     0.00666375
23     0.00418204
24     0.00540589
25     0.00326584
26     0.00470108
27     0.00467542
28     0.00570191
29      0.0039124
30     0.00573081
31     0.00383675
32     0.00438489
33     0.00342875
34     0.00371775
35     0.00350288
36     0.00447296
37      0.0040868
38     0.00542643
39       0.005036
40     0.00404118
41     0.00365189
42      0.0039084
43     0.00287608
44     0.00341534
45     0.00314714
46     0.00329155
47     0.00340689
48     0.00306818
49     0.00264125
50     0.00264284
51     0.00263494
52      0.0023014
53     0.00326383
54     0.00207327
55      0.0023896
56     0.00230836
57     0.00219256
58     0.00195426
59      0.0018944
60     0.00138618
61     0.00160314
62     0.00148305
63     0.00134111
64     0.00133508
65     0.00127561
66     0.00134164
67     0.00115408
68     0.00157972
69      0.0012989
70     0.00163483
71     0.00153716
72     0.00124088
73     0.00142338
74     0.00114123
75     0.00149108
76     0.00101427
77     0.00127601
78    0.000921564
79    0.000973369
80    0.000797491
81    0.000903015
82    0.000827274
83    0.000762371
84    0.000707055
85    0.000778857
86    0.000640824
87     0.00063664
88     0.00073512
89    0.000802583
90    0.000878441
91     0.00074817
92     0.00072826
93    0.000686443
94    0.000670942
95    0.000696912
96    0.000636679
97     0.00065859
98    0.000601109
99     0.00037847
100    0.000467611
101    0.000439553
102    0.000445002
103    0.000482996
104    0.000469383
105    0.000448845
106    0.000473779
107    0.000383694
108    0.000457506
109    0.000394398
110    0.000434038
111     0.00040383
112     0.00038052
113    0.000415269
114    0.000359968
115    0.000329411
116     0.00036393
117     0.00034637
118    0.000358016
119    0.000394423
120     0.00035646
121    0.000346565
122    0.000345193
123    0.000316549
124    0.000305094
125     0.00027851
126    0.000328132
127    0.000291219
128    0.000272176
129    0.000274624
130    0.000252701
131    0.000308636
132    0.000287582
133    0.000262184
134    0.000245547
135    0.000282897
136    0.000250905
137    0.000258399
138    0.000261188
139    0.000250801
140    0.000241023
141    0.000259978
142    0.000228464
143    0.000230532
144    0.000267209
145    0.000220049
146    0.000233072
147    0.000221913
148    0.000204157
149    0.000192995
150     0.00020208
151    0.000198916
152    0.000198984
153    0.000170662
154    0.000185994
155    0.000203918
156    0.000151329
157    0.000192927
158    0.000197857
159    0.000244955
160    0.000201011
161    0.000230796
162    0.000237113
163    0.000208105
164    0.000197959
165    0.000169384
166    0.000183646
167    0.000195072
168    0.000180562
169    0.000189179
170    0.000194977
171     0.00019603
172    0.000216152
173    0.000193597
174    0.000178871
175     0.00017642
176    0.000189972
177    0.000164927
178     0.00019161
179    0.000167084
180     0.00015942
181    0.000181031
182    0.000179263
183    0.000189949
184    0.000198947
185    0.000178178
186    0.000159293
187    0.000147555
188    0.000158055
189    0.000168578
190    0.000184381
191    0.000164435
192    0.000161112
193    0.000157455
194    0.000157155
195    0.000146157
196    0.000174446
197    0.000162856
198    0.000177284
199    0.000176433
200    0.000163946
201    0.000159743
202    0.000178757
203     0.00016595
204     0.00015238
205    0.000153949
206    0.000170938
207    0.000169571
208    0.000166318
209    0.000157474
210    0.000134927
211    0.000164097
212    0.000182203
213    0.000177242
214    0.000167765
215    0.000174137
216    0.000162116
217    0.000179535
218    0.000167034
219    0.000183747
220     0.00015969
221    0.000143245
222    0.000145186
223    0.000127017
224    0.000154309
225    0.000147199
226    0.000138866
227     0.00014965
228    0.000149981
229    0.000144908
230    0.000138733
231    0.000145085
232    0.000145592
233    0.000156857
234     0.00014491
235    0.000142828
236    0.000130897
237    0.000145497
238    0.000131991
239    0.000142211
240    0.000133833
241    0.000124129
242    0.000129729
243    0.000125606
244    0.000127342
245    0.000119091
246    0.000135793
247    0.000135375
248    0.000129737
249    0.000139285
250    0.000143447
251    0.000153839
252    0.000125476
253    0.000137102
254    0.000119779
255    0.000125947
256    0.000132572
257    0.000132432
258    0.000114245
259    0.000124788
260    0.000118141
261    0.000130555
262    0.000125757
263    0.000113576
264    0.000124306
265    0.000122637
266    0.000123988
267    0.000120214
268    0.000136965
269    9.87815e-05
270    0.000107929
271    0.000104238
272    0.000116646
273    9.92245e-05
274      0.0001052
275    0.000101147
276    0.000106072
277    0.000108989
278     0.00010594
279    0.000110024
280    0.000117481
281    9.64065e-05
282    0.000111264
283    0.000102923
284    0.000100125
285    0.000102215
286    0.000106981
287     9.6619e-05
288    0.000105541
289    0.000114299
290    0.000115448
291    0.000100446
292    0.000104245
293    9.67535e-05
294    0.000100463
295    0.000111132
296    0.000100837
297    9.67217e-05
298    0.000108807
299    0.000101744
300    0.000107548
301     9.7156e-05
302    0.000100412
303    9.91866e-05
304    9.35497e-05
305     9.1355e-05
306    9.11452e-05
307    9.54564e-05
308    9.92581e-05
309    0.000103975
310    9.89907e-05
311    9.74368e-05
312    9.31324e-05
313    9.58557e-05
314    9.43183e-05
315    9.14503e-05
316    0.000102978
317    9.56058e-05
318    8.91958e-05
319    9.26242e-05
320    0.000101267
321    0.000103321
322    0.000100451
323    9.31306e-05
324    9.68098e-05
325      9.431e-05
326    9.84843e-05
327    9.79255e-05
328    0.000103133
329    0.000101736
330    9.32012e-05
331    8.99484e-05
332    9.13622e-05
333    9.69876e-05
334    0.000111454
335     9.3679e-05
336    9.75359e-05
337    8.71738e-05
338    9.58512e-05
339    8.05973e-05
340    0.000100394
341    9.25415e-05
342    8.88047e-05
343    9.14483e-05
344    9.79765e-05
345    9.98587e-05
346    9.07802e-05
347    0.000101634
348    8.98575e-05
349    9.02866e-05
350    9.55441e-05
351    9.89664e-05
352    9.30126e-05
353    8.76578e-05
354    9.36752e-05
355    9.56962e-05
356    8.91124e-05
357    8.51744e-05
358    8.70184e-05
359    9.16149e-05
360    9.21141e-05
361    9.23421e-05
362    9.30914e-05
363    8.50832e-05
364    8.92557e-05
365    8.87502e-05
366    8.46409e-05
367    9.53727e-05
368    8.65812e-05
369    9.55914e-05
370    8.37152e-05
371    8.97476e-05
372    8.62665e-05
373    8.77318e-05
374    9.48027e-05
375    8.08619e-05
376    9.06159e-05
377    9.73858e-05
378    9.84107e-05
379    8.61218e-05
380    8.91325e-05
381    7.95999e-05
382    7.77388e-05
383    8.74586e-05
384    8.85808e-05
385    8.27697e-05
386    8.74634e-05
387    8.74319e-05
388    9.11564e-05
389    9.24909e-05
390    8.53181e-05
391    8.43718e-05
392    8.19809e-05
393    8.29914e-05
394    8.44278e-05
395    8.42939e-05
396    8.15965e-05
397    8.74023e-05
398    8.92323e-05
399    8.40692e-05
400     7.8916e-05
401    9.38622e-05
402    9.14824e-05
403     8.0195e-05
404    8.90021e-05
405    8.06582e-05
406    7.42073e-05
407    7.44454e-05
408    7.86612e-05
409     7.6321e-05
410    7.80425e-05
411    7.54627e-05
412    7.88423e-05
413    7.89686e-05
414      8.407e-05
415    8.93292e-05
416    7.93704e-05
417    8.72785e-05
418    7.79889e-05
419    8.66746e-05
420    7.73862e-05
421    8.59382e-05
422    7.85996e-05
423    7.92512e-05
424    8.42444e-05
425    8.20016e-05
426    8.43204e-05
427    8.09207e-05
428    8.40279e-05
429    7.92971e-05
430    7.43318e-05
431    7.72815e-05
432    7.47434e-05
433     8.1661e-05
434    8.99732e-05
435    7.47225e-05
436    7.41937e-05
437      8.021e-05
438    7.92787e-05
439    7.32748e-05
440     7.7392e-05
441    7.42398e-05
442    7.39815e-05
443    7.86483e-05
444    7.86782e-05
445    7.94782e-05
446    7.75816e-05
447    7.40473e-05
448    7.92456e-05
449    7.41686e-05
450    7.60217e-05
451    8.33096e-05
452    7.95024e-05
453     7.4093e-05
454    7.50392e-05
455    7.06366e-05
456    7.28279e-05
457    7.86532e-05
458    7.82129e-05
459    7.32051e-05
460    7.35419e-05
461    7.59176e-05
462    7.53417e-05
463    7.11414e-05
464    7.57561e-05
465    7.64247e-05
466    6.94278e-05
467    7.36553e-05
468    7.91214e-05
469    7.73854e-05
470    7.43585e-05
471    7.11132e-05
472    7.95342e-05
473    7.22468e-05
474    7.52392e-05
475    7.76571e-05
476    7.87363e-05
477    7.38256e-05
478    7.84696e-05
479    7.39316e-05
480    7.59505e-05
481    7.88817e-05
482    7.78216e-05
483    7.27896e-05
484    7.63756e-05
485    7.42184e-05
486    7.44087e-05
487    7.45815e-05
488    7.00999e-05
489    7.09049e-05
490    7.71464e-05
491    7.09032e-05
492    7.77319e-05
493    7.46511e-05
494    7.61802e-05
495    7.59015e-05
496    7.50252e-05
497    7.91574e-05
498    7.44042e-05
499    7.06658e-05
500    7.54635e-05
501    7.60506e-05
502    8.14151e-05
503    7.36468e-05
504    7.00649e-05
505    7.08811e-05
506    7.14605e-05
507    7.80877e-05
508    7.63625e-05
509    7.91009e-05
510    7.64649e-05
511    7.03023e-05
512    8.13456e-05
